0.000000000000000000e+00 1.010000000000000009e+00 5.000000000000000278e-02 5.548804004596434698e-06 -6.262884557382463211e-08 0.000000000000000000e+00 2.034029419778530991e-08 0.000000000000000000e+00 2.966096769096068250e-06
0.000000000000000000e+00 1.030000000000000027e+00 5.000000000000000278e-02 3.634974871471503702e-05 -7.902303074230056115e-07 0.000000000000000000e+00 4.272427614619224988e-07 0.000000000000000000e+00 1.253185190855738396e-05
0.000000000000000000e+00 1.050000000000000044e+00 5.000000000000000278e-02 5.147125156326047980e-05 -1.397082749100227218e-06 0.000000000000000000e+00 1.470434898779809341e-06 0.000000000000000000e+00 2.297151242460635569e-05
0.000000000000000000e+00 1.100000000000000089e+00 5.000000000000000278e-02 2.964676007638637585e-05 -1.041665502068733890e-06 0.000000000000000000e+00 7.098619403791073158e-06 0.000000000000000000e+00 4.351279516646578002e-05
0.000000000000000000e+00 2.950000000000000178e+00 5.000000000000000278e-02 1.522031041985487011e-05 1.817704139708282025e-06 0.000000000000000000e+00 1.116487751534088322e-06 0.000000000000000000e+00 6.577400376347715921e-06
1.000000000000000000e+00 4.750985999999999820e-01 5.000000000000000278e-02 1.796314927987816707e-06 -1.359393860343833356e-06 0.000000000000000000e+00 1.069879499529578529e-06 0.000000000000000000e+00 1.955661943491794407e-06
1.000000000000000000e+00 5.823823999999999668e-01 5.000000000000000278e-02 7.325788477334187363e-06 -4.314864195504269845e-06 0.000000000000000000e+00 4.892326011876773290e-06 0.000000000000000000e+00 7.956461635863283942e-06
1.000000000000000000e+00 7.989498000000000433e-01 5.000000000000000278e-02 1.304227307910231132e-05 -4.474404287658763653e-06 0.000000000000000000e+00 1.245194373510015497e-05 0.000000000000000000e+00 1.306250085113942469e-05
1.000000000000000000e+00 9.042335999999999707e-01 5.000000000000000278e-02 3.102506534797821742e-05 -1.277211035563324061e-05 0.000000000000000000e+00 2.303755378983816140e-05 0.000000000000000000e+00 2.147742747115432410e-05
1.000000000000000000e+00 1.090000000000000080e+00 5.000000000000000278e-02 6.938169640888667221e-05 -2.402408847453437233e-05 0.000000000000000000e+00 2.656076665074400052e-05 0.000000000000000000e+00 3.576201042375689698e-05
1.000000000000000000e+00 1.226085000000000091e+00 5.000000000000000278e-02 4.468106903021385839e-05 -1.163992590566848982e-05 0.000000000000000000e+00 1.925865683818556149e-05 0.000000000000000000e+00 3.592502622015804933e-05
1.000000000000000000e+00 1.440652000000000044e+00 5.000000000000000278e-02 2.493059645192800225e-05 -7.229569251674648766e-06 0.000000000000000000e+00 2.030259168768970530e-05 0.000000000000000000e+00 2.320631502149420245e-05
1.000000000000000000e+00 2.982625000000000082e+00 5.000000000000000278e-02 1.794154070627040356e-05 1.212759581643550306e-06 0.000000000000000000e+00 3.275880277826990217e-07 0.000000000000000000e+00 4.615365198051148150e-06
2.000000000000000000e+00 1.544719999999999947e-02 5.000000000000000278e-02 2.755657860137968286e-06 3.761671420964235357e-09 0.000000000000000000e+00 4.348887451903852915e-08 0.000000000000000000e+00 1.984629580526712790e-06
2.000000000000000000e+00 6.009799999999999587e-01 5.000000000000000278e-02 3.528628971065721177e-05 -1.144274245572160949e-05 0.000000000000000000e+00 2.321184999351195161e-05 0.000000000000000000e+00 2.341640239938988237e-05
2.000000000000000000e+00 2.982222999999999957e-01 5.000000000000000278e-02 1.937491520444839074e-05 -3.849997513642431466e-06 0.000000000000000000e+00 1.128391982676662093e-05 0.000000000000000000e+00 1.320660743552819098e-05
2.000000000000000000e+00 8.015873000000000026e-01 5.000000000000000278e-02 4.926918391369950818e-05 -1.965394537223965170e-05 0.000000000000000000e+00 3.389283482178484139e-05 0.000000000000000000e+00 3.560156805903531710e-05
2.000000000000000000e+00 1.263422999999999963e+00 5.000000000000000278e-02 4.857041963475398541e-05 -1.630753081892371645e-05 0.000000000000000000e+00 2.650167495540600468e-05 0.000000000000000000e+00 3.230259434094485076e-05
2.000000000000000000e+00 1.510974000000000039e+00 5.000000000000000278e-02 2.716971410144453507e-05 -8.068483073761510387e-06 0.000000000000000000e+00 1.817346889687553431e-05 0.000000000000000000e+00 1.997652992411675057e-05
2.000000000000000000e+00 2.996274999999999800e+00 5.000000000000000278e-02 1.609834192192681457e-05 6.539300164130894302e-07 0.000000000000000000e+00 1.316243162437209153e-07 0.000000000000000000e+00 2.952890627392709162e-06
3.000000000000000000e+00 1.494472000000000023e-01 5.000000000000000278e-02 2.246803694057115900e-05 -5.112597454744712482e-06 0.000000000000000000e+00 1.323638892614730144e-05 0.000000000000000000e+00 2.483172197126882365e-05
3.000000000000000000e+00 4.732222999999999846e-01 5.000000000000000278e-02 4.608820516135079517e-05 -1.730893693689268182e-05 0.000000000000000000e+00 2.943893676468358297e-05 0.000000000000000000e+00 3.428936049376511176e-05
3.000000000000000000e+00 8.920979999999999466e-01 5.000000000000000278e-02 6.580637176339162314e-05 -2.399717459420681276e-05 0.000000000000000000e+00 3.532464036644562301e-05 0.000000000000000000e+00 4.367556172922666208e-05
3.000000000000000000e+00 1.257198999999999955e+00 5.000000000000000278e-02 4.840133044242131622e-05 -1.559084128550833711e-05 0.000000000000000000e+00 2.526378209724248352e-05 0.000000000000000000e+00 2.966564262195394938e-05
3.000000000000000000e+00 1.510974000000000039e+00 5.000000000000000278e-02 2.969001612931772871e-05 -8.672886264289788336e-06 0.000000000000000000e+00 1.715504881363052032e-05 0.000000000000000000e+00 1.861035669660822745e-05
3.000000000000000000e+00 2.982499999999999929e+00 5.000000000000000278e-02 2.239030534251014069e-05 1.015846518001907150e-06 0.000000000000000000e+00 2.637622984076689094e-07 0.000000000000000000e+00 3.548103741145375715e-06
4.000000000000000000e+00 1.015873000000000026e+00 5.000000000000000278e-02 6.054492591532095220e-05 -2.063761770477262221e-05 0.000000000000000000e+00 2.927944578623463263e-05 0.000000000000000000e+00 3.633889552280703602e-05
4.000000000000000000e+00 1.500299999999999967e+00 5.000000000000000278e-02 3.160093971528694457e-05 -9.054037661128274856e-06 0.000000000000000000e+00 1.620014259343697407e-05 0.000000000000000000e+00 1.795865779695287004e-05
4.000000000000000000e+00 2.972500000000000142e+00 5.000000000000000278e-02 2.681292934907889775e-05 1.348520504254705278e-06 0.000000000000000000e+00 4.355963502472901083e-07 0.000000000000000000e+00 4.010859174559480010e-06
5.000000000000000000e+00 1.011989999999999945e+00 5.000000000000000278e-02 5.346007022403603148e-05 -1.869982923492782977e-05 0.000000000000000000e+00 2.623638489332247244e-05 0.000000000000000000e+00 3.240130033946974898e-05
5.000000000000000000e+00 1.571989999999999998e+00 5.000000000000000278e-02 2.952278503316952250e-05 -8.455287620017264808e-06 0.000000000000000000e+00 1.459905789027924563e-05 0.000000000000000000e+00 1.641031503193946651e-05
7.000000000000000000e+00 2.567204999999999834e-02 5.000000000000000278e-02 6.997445624947189964e-06 -2.193424209881619187e-07 0.000000000000000000e+00 2.726208226848702689e-07 0.000000000000000000e+00 9.621025274490116843e-06
7.000000000000000000e+00 2.732222999999999735e-01 5.000000000000000278e-02 2.501772435821578486e-05 -5.527625119854017986e-06 0.000000000000000000e+00 1.328603027567863450e-05 0.000000000000000000e+00 2.456240786113111913e-05
8.000000000000000000e+00 4.774513000000000229e-01 5.000000000000000278e-02 8.071793078948832795e-06 5.476741135760482531e-06 0.000000000000000000e+00 4.427872645034198290e-06 0.000000000000000000e+00 3.026395008896084500e-05
8.000000000000000000e+00 6.012264000000000497e-01 5.000000000000000278e-02 1.679134426069846898e-05 -1.086430200072142278e-07 0.000000000000000000e+00 1.251660838427168208e-05 0.000000000000000000e+00 5.424785496089207178e-05
8.000000000000000000e+00 7.250016000000000238e-01 5.000000000000000278e-02 2.276499794259669330e-05 -6.869664099902483065e-06 0.000000000000000000e+00 1.848995260045412063e-05 0.000000000000000000e+00 4.251191999931177901e-05
