0.000000000000000000e+00 1.010000000000000009e+00 5.000000000000000278e-02 1.846713872074886523e-03 1.384092493070257775e-05 0.000000000000000000e+00
0.000000000000000000e+00 1.030000000000000027e+00 5.000000000000000278e-02 9.148251425208800067e-03 2.681855211915441816e-04 0.000000000000000000e+00
0.000000000000000000e+00 1.050000000000000044e+00 5.000000000000000278e-02 1.724957398937408334e-02 8.595909820663326893e-04 0.000000000000000000e+00
0.000000000000000000e+00 1.100000000000000089e+00 5.000000000000000278e-02 2.606645828924387953e-02 2.049623297687373866e-03 0.000000000000000000e+00
0.000000000000000000e+00 2.950000000000000178e+00 5.000000000000000278e-02 2.458721394279025918e-02 7.326759657641865190e-05 0.000000000000000000e+00
1.000000000000000000e+00 4.750985999999999820e-01 5.000000000000000278e-02 -6.487939982106871164e-04 5.318951891324097143e-04 0.000000000000000000e+00
1.000000000000000000e+00 5.823823999999999668e-01 5.000000000000000278e-02 -2.542823700941488491e-03 2.340896116310046526e-03 0.000000000000000000e+00
1.000000000000000000e+00 7.989498000000000433e-01 5.000000000000000278e-02 -1.625765065929549299e-03 2.417612099468164147e-03 0.000000000000000000e+00
1.000000000000000000e+00 9.042335999999999707e-01 5.000000000000000278e-02 2.238950343522007249e-03 1.333371116424120640e-03 0.000000000000000000e+00
1.000000000000000000e+00 1.090000000000000080e+00 5.000000000000000278e-02 1.714566391910613344e-02 -1.063557415287222087e-04 0.000000000000000000e+00
1.000000000000000000e+00 1.226085000000000091e+00 5.000000000000000278e-02 2.528025826576279014e-02 3.137868025836342977e-04 0.000000000000000000e+00
1.000000000000000000e+00 1.440652000000000044e+00 5.000000000000000278e-02 2.769570297587698599e-02 5.011084611538416762e-04 0.000000000000000000e+00
1.000000000000000000e+00 2.982625000000000082e+00 5.000000000000000278e-02 2.035889566960355848e-02 -5.295053503498680064e-05 0.000000000000000000e+00
2.000000000000000000e+00 1.544719999999999947e-02 5.000000000000000278e-02 -1.303129076321320667e-03 4.143132998824875917e-05 0.000000000000000000e+00
2.000000000000000000e+00 6.009799999999999587e-01 5.000000000000000278e-02 -2.591969108113484376e-04 9.604179693955425473e-04 0.000000000000000000e+00
2.000000000000000000e+00 2.982222999999999957e-01 5.000000000000000278e-02 -5.664353606174473039e-03 1.427722032921447228e-03 0.000000000000000000e+00
2.000000000000000000e+00 8.015873000000000026e-01 5.000000000000000278e-02 6.109914171220975909e-03 2.711474751660341757e-05 0.000000000000000000e+00
2.000000000000000000e+00 1.263422999999999963e+00 5.000000000000000278e-02 2.435318367868223241e-02 -9.138865652116002179e-04 0.000000000000000000e+00
2.000000000000000000e+00 1.510974000000000039e+00 5.000000000000000278e-02 2.808070161034044096e-02 -6.604022552829431512e-04 0.000000000000000000e+00
2.000000000000000000e+00 2.996274999999999800e+00 5.000000000000000278e-02 1.478215688265265351e-02 -5.969626523965531836e-05 0.000000000000000000e+00
3.000000000000000000e+00 1.494472000000000023e-01 5.000000000000000278e-02 -6.270613146543852108e-03 -3.489719591317239707e-04 0.000000000000000000e+00
3.000000000000000000e+00 4.732222999999999846e-01 5.000000000000000278e-02 -5.043064341009652904e-04 -1.438395795872491690e-03 0.000000000000000000e+00
3.000000000000000000e+00 8.920979999999999466e-01 5.000000000000000278e-02 1.183062509478347533e-02 -2.414537269924958707e-03 0.000000000000000000e+00
3.000000000000000000e+00 1.257198999999999955e+00 5.000000000000000278e-02 2.296338408874314813e-02 -2.333871507132525593e-03 0.000000000000000000e+00
3.000000000000000000e+00 1.510974000000000039e+00 5.000000000000000278e-02 2.696199352630966259e-02 -1.915032503135147800e-03 0.000000000000000000e+00
3.000000000000000000e+00 2.982499999999999929e+00 5.000000000000000278e-02 1.577606741684947286e-02 -1.022440140278781215e-04 0.000000000000000000e+00
4.000000000000000000e+00 1.015873000000000026e+00 5.000000000000000278e-02 1.596785377073902529e-02 -2.728568018953481372e-03 0.000000000000000000e+00
4.000000000000000000e+00 1.500299999999999967e+00 5.000000000000000278e-02 2.519905682945318762e-02 -2.175232260152953033e-03 0.000000000000000000e+00
4.000000000000000000e+00 2.972500000000000142e+00 5.000000000000000278e-02 1.514675014215182899e-02 -8.013526266446034977e-05 0.000000000000000000e+00
5.000000000000000000e+00 1.011989999999999945e+00 5.000000000000000278e-02 1.583552043721239005e-02 -2.024546788153214032e-03 0.000000000000000000e+00
5.000000000000000000e+00 1.571989999999999998e+00 5.000000000000000278e-02 2.456993691880672570e-02 -1.505927867031933449e-03 0.000000000000000000e+00
7.000000000000000000e+00 2.567204999999999834e-02 5.000000000000000278e-02 6.261092785359206924e-04 4.483487263954771048e-05 0.000000000000000000e+00
7.000000000000000000e+00 2.732222999999999735e-01 5.000000000000000278e-02 6.275604339758865738e-03 5.272773615471559698e-04 0.000000000000000000e+00
8.000000000000000000e+00 4.774513000000000229e-01 5.000000000000000278e-02 4.470700573575566578e-03 3.325180397291495338e-03 0.000000000000000000e+00
8.000000000000000000e+00 6.012264000000000497e-01 5.000000000000000278e-02 9.377207042937098572e-03 5.670380754398666838e-03 0.000000000000000000e+00
8.000000000000000000e+00 7.250016000000000238e-01 5.000000000000000278e-02 1.172510944216012367e-02 5.834503100174730922e-03 0.000000000000000000e+00
