1.846713872074886523e-03
1.384092493070257775e-05
0.000000000000000000e+00
9.148251425208800067e-03
2.681855211915441816e-04
0.000000000000000000e+00
1.724957398937408334e-02
8.595909820663326893e-04
0.000000000000000000e+00
2.606645828924387953e-02
2.049623297687373866e-03
0.000000000000000000e+00
2.458721394279025918e-02
7.326759657641865190e-05
0.000000000000000000e+00
-6.487939982106871164e-04
5.318951891324097143e-04
0.000000000000000000e+00
-2.542823700941488491e-03
2.340896116310046526e-03
0.000000000000000000e+00
-1.625765065929549299e-03
2.417612099468164147e-03
0.000000000000000000e+00
2.238950343522007249e-03
1.333371116424120640e-03
0.000000000000000000e+00
1.714566391910613344e-02
-1.063557415287222087e-04
0.000000000000000000e+00
2.528025826576279014e-02
3.137868025836342977e-04
0.000000000000000000e+00
2.769570297587698599e-02
5.011084611538416762e-04
0.000000000000000000e+00
2.035889566960355848e-02
-5.295053503498680064e-05
0.000000000000000000e+00
-1.303129076321320667e-03
4.143132998824875917e-05
0.000000000000000000e+00
-2.591969108113484376e-04
9.604179693955425473e-04
0.000000000000000000e+00
-5.664353606174473039e-03
1.427722032921447228e-03
0.000000000000000000e+00
6.109914171220975909e-03
2.711474751660341757e-05
0.000000000000000000e+00
2.435318367868223241e-02
-9.138865652116002179e-04
0.000000000000000000e+00
2.808070161034044096e-02
-6.604022552829431512e-04
0.000000000000000000e+00
1.478215688265265351e-02
-5.969626523965531836e-05
0.000000000000000000e+00
-6.270613146543852108e-03
-3.489719591317239707e-04
0.000000000000000000e+00
-5.043064341009652904e-04
-1.438395795872491690e-03
0.000000000000000000e+00
1.183062509478347533e-02
-2.414537269924958707e-03
0.000000000000000000e+00
2.296338408874314813e-02
-2.333871507132525593e-03
0.000000000000000000e+00
2.696199352630966259e-02
-1.915032503135147800e-03
0.000000000000000000e+00
1.577606741684947286e-02
-1.022440140278781215e-04
0.000000000000000000e+00
1.596785377073902529e-02
-2.728568018953481372e-03
0.000000000000000000e+00
2.519905682945318762e-02
-2.175232260152953033e-03
0.000000000000000000e+00
1.514675014215182899e-02
-8.013526266446034977e-05
0.000000000000000000e+00
1.583552043721239005e-02
-2.024546788153214032e-03
0.000000000000000000e+00
2.456993691880672570e-02
-1.505927867031933449e-03
0.000000000000000000e+00
6.261092785359206924e-04
4.483487263954771048e-05
0.000000000000000000e+00
6.275604339758865738e-03
5.272773615471559698e-04
0.000000000000000000e+00
4.470700573575566578e-03
3.325180397291495338e-03
0.000000000000000000e+00
9.377207042937098572e-03
5.670380754398666838e-03
0.000000000000000000e+00
1.172510944216012367e-02
5.834503100174730922e-03
0.000000000000000000e+00
