1.846713872074886523e-03
1.384092493070257775e-05
0.000000000000000000e+00
9.148251425208800067e-03
2.681855211915441816e-04
0.000000000000000000e+00
1.724957398937408334e-02
8.595909820663326893e-04
0.000000000000000000e+00
2.606645828924387953e-02
2.049623297687373866e-03
0.000000000000000000e+00
2.458721394279025918e-02
7.326759657641865190e-05
0.000000000000000000e+00
-6.487939982106871164e-04
5.318951891324097143e-04
0.000000000000000000e+00
-2.542823700941488491e-03
2.340896116310046526e-03
0.000000000000000000e+00
-1.625765065929549299e-03
2.417612099468164147e-03
0.000000000000000000e+00
2.238950343522007249e-03
1.333371116424120640e-03
0.000000000000000000e+00
1.714566391910613344e-02
-1.063557415287222087e-04
0.000000000000000000e+00
2.528025826576279014e-02
3.137868025836342977e-04
0.000000000000000000e+00
2.769570297587698599e-02
5.011084611538416762e-04
0.000000000000000000e+00
2.035889566960355848e-02
-5.295053503498680064e-05
0.000000000000000000e+00
-1.303129076321320667e-03
4.143132998824875917e-05
0.000000000000000000e+00
-2.591969108113484376e-04
9.604179693955425473e-04
0.000000000000000000e+00
-5.664353606174473039e-03
1.427722032921447228e-03
0.000000000000000000e+00
6.109914171220975909e-03
2.711474751660341757e-05
0.000000000000000000e+00
2.435318367868223241e-02
-9.138865652116002179e-04
0.000000000000000000e+00
2.808070161034044096e-02
-6.604022552829431512e-04
0.000000000000000000e+00
1.478215688265265351e-02
-5.969626523965531836e-05
0.000000000000000000e+00
-6.270613146543852108e-03
-3.489719591317239707e-04
0.000000000000000000e+00
-5.043064341009652904e-04
-1.438395795872491690e-03
0.000000000000000000e+00
1.183062509478347533e-02
-2.414537269924958707e-03
0.000000000000000000e+00
2.296338408874314813e-02
-2.333871507132525593e-03
0.000000000000000000e+00
2.696199352630966259e-02
-1.915032503135147800e-03
0.000000000000000000e+00
1.577606741684947286e-02
-1.022440140278781215e-04
0.000000000000000000e+00
1.596785377073902529e-02
-2.728568018953481372e-03
0.000000000000000000e+00
2.519905682945318762e-02
-2.175232260152953033e-03
0.000000000000000000e+00
1.514675014215182899e-02
-8.013526266446034977e-05
0.000000000000000000e+00
1.583552043721239005e-02
-2.024546788153214032e-03
0.000000000000000000e+00
2.456993691880672570e-02
-1.505927867031933449e-03
0.000000000000000000e+00
6.261092785359206924e-04
4.483487263954771048e-05
0.000000000000000000e+00
6.275604339758865738e-03
5.272773615471559698e-04
0.000000000000000000e+00
4.470700573575566578e-03
3.325180397291495338e-03
0.000000000000000000e+00
9.377207042937098572e-03
5.670380754398666838e-03
0.000000000000000000e+00
1.172510944216012367e-02
5.834503100174730922e-03
0.000000000000000000e+00
5.548804004596434698e-06
-6.262884557382463211e-08
0.000000000000000000e+00
2.034029419778530991e-08
0.000000000000000000e+00
2.966096769096068250e-06
3.634974871471503702e-05
-7.902303074230056115e-07
0.000000000000000000e+00
4.272427614619224988e-07
0.000000000000000000e+00
1.253185190855738396e-05
5.147125156326047980e-05
-1.397082749100227218e-06
0.000000000000000000e+00
1.470434898779809341e-06
0.000000000000000000e+00
2.297151242460635569e-05
2.964676007638637585e-05
-1.041665502068733890e-06
0.000000000000000000e+00
7.098619403791073158e-06
0.000000000000000000e+00
4.351279516646578002e-05
1.522031041985487011e-05
1.817704139708282025e-06
0.000000000000000000e+00
1.116487751534088322e-06
0.000000000000000000e+00
6.577400376347715921e-06
1.796314927987816707e-06
-1.359393860343833356e-06
0.000000000000000000e+00
1.069879499529578529e-06
0.000000000000000000e+00
1.955661943491794407e-06
7.325788477334187363e-06
-4.314864195504269845e-06
0.000000000000000000e+00
4.892326011876773290e-06
0.000000000000000000e+00
7.956461635863283942e-06
1.304227307910231132e-05
-4.474404287658763653e-06
0.000000000000000000e+00
1.245194373510015497e-05
0.000000000000000000e+00
1.306250085113942469e-05
3.102506534797821742e-05
-1.277211035563324061e-05
0.000000000000000000e+00
2.303755378983816140e-05
0.000000000000000000e+00
2.147742747115432410e-05
6.938169640888667221e-05
-2.402408847453437233e-05
0.000000000000000000e+00
2.656076665074400052e-05
0.000000000000000000e+00
3.576201042375689698e-05
4.468106903021385839e-05
-1.163992590566848982e-05
0.000000000000000000e+00
1.925865683818556149e-05
0.000000000000000000e+00
3.592502622015804933e-05
2.493059645192800225e-05
-7.229569251674648766e-06
0.000000000000000000e+00
2.030259168768970530e-05
0.000000000000000000e+00
2.320631502149420245e-05
1.794154070627040356e-05
1.212759581643550306e-06
0.000000000000000000e+00
3.275880277826990217e-07
0.000000000000000000e+00
4.615365198051148150e-06
2.755657860137968286e-06
3.761671420964235357e-09
0.000000000000000000e+00
4.348887451903852915e-08
0.000000000000000000e+00
1.984629580526712790e-06
3.528628971065721177e-05
-1.144274245572160949e-05
0.000000000000000000e+00
2.321184999351195161e-05
0.000000000000000000e+00
2.341640239938988237e-05
1.937491520444839074e-05
-3.849997513642431466e-06
0.000000000000000000e+00
1.128391982676662093e-05
0.000000000000000000e+00
1.320660743552819098e-05
4.926918391369950818e-05
-1.965394537223965170e-05
0.000000000000000000e+00
3.389283482178484139e-05
0.000000000000000000e+00
3.560156805903531710e-05
4.857041963475398541e-05
-1.630753081892371645e-05
0.000000000000000000e+00
2.650167495540600468e-05
0.000000000000000000e+00
3.230259434094485076e-05
2.716971410144453507e-05
-8.068483073761510387e-06
0.000000000000000000e+00
1.817346889687553431e-05
0.000000000000000000e+00
1.997652992411675057e-05
1.609834192192681457e-05
6.539300164130894302e-07
0.000000000000000000e+00
1.316243162437209153e-07
0.000000000000000000e+00
2.952890627392709162e-06
2.246803694057115900e-05
-5.112597454744712482e-06
0.000000000000000000e+00
1.323638892614730144e-05
0.000000000000000000e+00
2.483172197126882365e-05
4.608820516135079517e-05
-1.730893693689268182e-05
0.000000000000000000e+00
2.943893676468358297e-05
0.000000000000000000e+00
3.428936049376511176e-05
6.580637176339162314e-05
-2.399717459420681276e-05
0.000000000000000000e+00
3.532464036644562301e-05
0.000000000000000000e+00
4.367556172922666208e-05
4.840133044242131622e-05
-1.559084128550833711e-05
0.000000000000000000e+00
2.526378209724248352e-05
0.000000000000000000e+00
2.966564262195394938e-05
2.969001612931772871e-05
-8.672886264289788336e-06
0.000000000000000000e+00
1.715504881363052032e-05
0.000000000000000000e+00
1.861035669660822745e-05
2.239030534251014069e-05
1.015846518001907150e-06
0.000000000000000000e+00
2.637622984076689094e-07
0.000000000000000000e+00
3.548103741145375715e-06
6.054492591532095220e-05
-2.063761770477262221e-05
0.000000000000000000e+00
2.927944578623463263e-05
0.000000000000000000e+00
3.633889552280703602e-05
3.160093971528694457e-05
-9.054037661128274856e-06
0.000000000000000000e+00
1.620014259343697407e-05
0.000000000000000000e+00
1.795865779695287004e-05
2.681292934907889775e-05
1.348520504254705278e-06
0.000000000000000000e+00
4.355963502472901083e-07
0.000000000000000000e+00
4.010859174559480010e-06
5.346007022403603148e-05
-1.869982923492782977e-05
0.000000000000000000e+00
2.623638489332247244e-05
0.000000000000000000e+00
3.240130033946974898e-05
2.952278503316952250e-05
-8.455287620017264808e-06
0.000000000000000000e+00
1.459905789027924563e-05
0.000000000000000000e+00
1.641031503193946651e-05
6.997445624947189964e-06
-2.193424209881619187e-07
0.000000000000000000e+00
2.726208226848702689e-07
0.000000000000000000e+00
9.621025274490116843e-06
2.501772435821578486e-05
-5.527625119854017986e-06
0.000000000000000000e+00
1.328603027567863450e-05
0.000000000000000000e+00
2.456240786113111913e-05
8.071793078948832795e-06
5.476741135760482531e-06
0.000000000000000000e+00
4.427872645034198290e-06
0.000000000000000000e+00
3.026395008896084500e-05
1.679134426069846898e-05
-1.086430200072142278e-07
0.000000000000000000e+00
1.251660838427168208e-05
0.000000000000000000e+00
5.424785496089207178e-05
2.276499794259669330e-05
-6.869664099902483065e-06
0.000000000000000000e+00
1.848995260045412063e-05
0.000000000000000000e+00
4.251191999931177901e-05
