/*--------------------------------*- C++ -*----------------------------------*\
| =========                 |                                                 |
| \\      /  F ield         | OpenFOAM: The Open Source CFD Toolbox           |
|  \\    /   O peration     | Version:  2.3.x                                 |
|   \\  /    A nd           | Web:      www.OpenFOAM.org                      |
|    \\/     M anipulation  |                                                 |
\*---------------------------------------------------------------------------*/
FoamFile
{
    version     2.0;
    format      ascii;
    class       faceList;
    location    "constant/polyMesh";
    object      faces;
}
// * * * * * * * * * * * * * * * * * * * * * * * * * * * * * * * * * * * * * //


72
(
4(1 6 31 26)
4(5 30 31 6)
4(2 7 32 27)
4(6 31 32 7)
4(3 8 33 28)
4(7 32 33 8)
4(8 33 34 9)
4(6 11 36 31)
4(10 35 36 11)
4(7 12 37 32)
4(11 36 37 12)
4(8 13 38 33)
4(12 37 38 13)
4(13 38 39 14)
4(11 16 41 36)
4(15 40 41 16)
4(12 17 42 37)
4(16 41 42 17)
4(13 18 43 38)
4(17 42 43 18)
4(18 43 44 19)
4(16 21 46 41)
4(17 22 47 42)
4(18 23 48 43)
4(20 45 46 21)
4(21 46 47 22)
4(22 47 48 23)
4(23 48 49 24)
4(0 25 30 5)
4(5 30 35 10)
4(10 35 40 15)
4(15 40 45 20)
4(4 9 34 29)
4(9 14 39 34)
4(14 19 44 39)
4(19 24 49 44)
4(0 1 26 25)
4(1 2 27 26)
4(2 3 28 27)
4(3 4 29 28)
4(0 5 6 1)
4(5 10 11 6)
4(10 15 16 11)
4(15 20 21 16)
4(1 6 7 2)
4(6 11 12 7)
4(11 16 17 12)
4(16 21 22 17)
4(2 7 8 3)
4(7 12 13 8)
4(12 17 18 13)
4(17 22 23 18)
4(3 8 9 4)
4(8 13 14 9)
4(13 18 19 14)
4(18 23 24 19)
4(25 26 31 30)
4(30 31 36 35)
4(35 36 41 40)
4(40 41 46 45)
4(26 27 32 31)
4(31 32 37 36)
4(36 37 42 41)
4(41 42 47 46)
4(27 28 33 32)
4(32 33 38 37)
4(37 38 43 42)
4(42 43 48 47)
4(28 29 34 33)
4(33 34 39 38)
4(38 39 44 43)
4(43 44 49 48)
)


// ************************************************************************* //
