/*--------------------------------*- C++ -*----------------------------------*\
| =========                 |                                                 |
| \\      /  F ield         | OpenFOAM: The Open Source CFD Toolbox           |
|  \\    /   O peration     | Version:  2.3.x                                 |
|   \\  /    A nd           | Web:      www.OpenFOAM.org                      |
|    \\/     M anipulation  |                                                 |
\*---------------------------------------------------------------------------*/
FoamFile
{
    version     2.0;
    format      ascii;
    class       volSymmTensorField;
    location    "5000";
    object      Tau;
}
// * * * * * * * * * * * * * * * * * * * * * * * * * * * * * * * * * * * * * //

dimensions      [0 2 -2 0 0 0 0];

internalField   nonuniform List<symmTensor> 
600
(
(1.47988e-07 -1.70212e-09 6.48284e-26 1.49656e-07 -1.40355e-26 1.48778e-07)
(2.922e-07 6.36095e-10 -1.6959e-24 2.87572e-07 -2.14679e-24 2.8967e-07)
(2.39887e-07 1.10072e-09 9.78898e-25 2.3203e-07 7.70104e-25 2.35875e-07)
(7.48742e-07 1.08127e-08 -1.14496e-23 7.11301e-07 -1.85838e-23 7.29848e-07)
(9.85477e-07 3.7596e-08 6.16962e-24 9.63926e-07 2.56798e-23 9.74648e-07)
(2.37756e-06 2.58638e-07 -6.53449e-24 2.39206e-06 6.47061e-25 2.38398e-06)
(5.14763e-06 2.91437e-07 6.83036e-26 5.76561e-06 -1.00592e-24 5.40135e-06)
(2.49352e-06 -1.65604e-07 -5.38936e-24 2.6108e-06 -2.92263e-24 2.55797e-06)
(3.51059e-06 -6.4551e-08 1.01361e-22 3.54425e-06 1.3919e-22 3.54698e-06)
(3.42607e-06 8.22689e-08 -4.33578e-22 2.74622e-06 -5.17571e-22 3.09221e-06)
(5.63205e-06 5.6364e-07 1.75508e-21 3.90813e-06 2.44041e-21 4.78575e-06)
(6.02299e-06 1.22373e-06 -4.58388e-22 5.38152e-06 -2.51178e-21 5.70241e-06)
(7.00565e-06 9.85279e-07 5.63132e-23 7.61152e-06 -9.28186e-24 7.3075e-06)
(6.95032e-06 -5.04947e-07 3.89124e-26 8.31887e-06 1.35808e-24 7.70068e-06)
(1.17341e-05 -3.44854e-06 -1.41905e-23 1.33466e-05 7.17081e-23 1.26714e-05)
(7.84111e-06 -1.74251e-06 7.11338e-23 1.20594e-05 -7.19713e-23 9.95255e-06)
(8.43423e-06 1.36671e-07 3.23006e-21 6.59673e-06 4.22683e-21 7.48721e-06)
(8.38987e-06 9.42459e-07 -4.32824e-21 7.10024e-06 -6.30994e-21 7.79957e-06)
(8.96881e-06 8.60944e-07 3.88233e-23 8.9851e-06 7.26354e-22 8.9645e-06)
(9.45538e-06 1.68013e-08 1.9478e-22 1.14623e-05 -9.027e-24 1.04775e-05)
(8.9722e-06 -1.34133e-06 1.29768e-24 1.17378e-05 -3.37722e-24 1.03545e-05)
(2.07692e-05 -5.94137e-06 1.18973e-22 1.94556e-05 -2.73345e-25 1.9826e-05)
(1.22255e-05 -5.28259e-06 2.23281e-21 2.12244e-05 2.78059e-21 1.66104e-05)
(1.06575e-05 -1.5043e-06 3.60498e-22 1.30259e-05 -6.76912e-22 1.16166e-05)
(9.76205e-06 7.42286e-07 1.69883e-21 1.11173e-05 3.85954e-21 1.05455e-05)
(1.10917e-05 -5.75982e-07 4.79912e-22 1.30479e-05 3.14013e-21 1.19904e-05)
(1.17054e-05 -1.54456e-06 6.49583e-24 1.56991e-05 -1.40941e-23 1.37137e-05)
(1.15738e-05 -2.88088e-06 -3.69879e-24 1.60881e-05 -6.75595e-24 1.38082e-05)
(3.56851e-05 -3.57485e-06 -1.0814e-23 1.8204e-05 -2.0439e-22 2.6852e-05)
(1.88688e-05 -1.20444e-05 -1.9802e-21 2.95238e-05 -1.90737e-21 2.43373e-05)
(1.41074e-05 -5.6311e-06 -3.56428e-21 2.24972e-05 -3.48304e-21 1.77598e-05)
(1.13631e-05 -1.08634e-06 9.2648e-22 1.6885e-05 -8.01837e-23 1.44625e-05)
(1.36449e-05 -3.21995e-06 3.3243e-23 1.89791e-05 -7.82565e-22 1.61249e-05)
(1.48141e-05 -4.40118e-06 -2.52072e-22 2.13199e-05 3.20595e-22 1.80714e-05)
(1.5294e-05 -5.69298e-06 8.42452e-24 2.20604e-05 1.12189e-22 1.86057e-05)
(4.79116e-05 2.81591e-06 4.67153e-21 1.70872e-05 3.03058e-23 3.27931e-05)
(3.00818e-05 -1.74378e-05 5.95437e-23 3.23114e-05 -2.14122e-23 3.12867e-05)
(2.28289e-05 -1.37e-05 1.60604e-21 3.48946e-05 2.33854e-21 2.81277e-05)
(1.60135e-05 -7.72851e-06 -1.0943e-22 2.5758e-05 9.25073e-22 2.20334e-05)
(1.84122e-05 -8.78549e-06 8.10155e-23 2.70041e-05 -2.03891e-21 2.29999e-05)
(2.02036e-05 -9.65061e-06 7.02241e-22 2.87773e-05 -1.85742e-22 2.46344e-05)
(2.11925e-05 -1.06604e-05 -2.53703e-22 3.0007e-05 7.90436e-23 2.5428e-05)
(4.21286e-05 5.61863e-06 -4.402e-21 2.45652e-05 5.27353e-22 3.36118e-05)
(3.60094e-05 -1.43363e-05 2.20944e-22 2.79398e-05 -4.32691e-23 3.24044e-05)
(3.16356e-05 -1.81395e-05 5.28361e-22 3.70201e-05 1.00905e-23 3.34347e-05)
(3.0095e-05 -1.5249e-05 -1.86036e-21 3.4622e-05 6.00981e-22 3.21289e-05)
(3.00794e-05 -1.51493e-05 -2.04791e-22 3.33126e-05 9.99495e-22 3.13931e-05)
(2.85283e-05 -1.6023e-05 4.94334e-22 3.35807e-05 -4.62523e-22 3.15211e-05)
(2.89007e-05 -1.70788e-05 5.1841e-22 3.48379e-05 7.45952e-23 3.21113e-05)
(2.86434e-05 1.94376e-06 7.53457e-22 2.98372e-05 -1.62188e-22 2.82442e-05)
(3.01809e-05 -7.52539e-06 2.32335e-23 2.33608e-05 -6.51421e-23 2.82092e-05)
(3.11811e-05 -1.32839e-05 -3.86485e-22 2.85937e-05 -7.75661e-24 2.97829e-05)
(3.04129e-05 -1.45088e-05 9.47039e-22 3.00454e-05 -1.1022e-21 3.03807e-05)
(3.1876e-05 -1.52749e-05 9.35965e-22 3.02703e-05 2.48437e-22 3.09009e-05)
(3.21777e-05 -1.52592e-05 -7.04235e-22 3.04416e-05 2.63124e-22 3.12257e-05)
(3.25488e-05 -1.54039e-05 -1.46845e-21 3.06014e-05 2.95258e-22 3.12469e-05)
(3.74948e-06 -7.86055e-07 -1.01547e-27 3.79929e-06 1.25422e-25 3.77057e-06)
(2.74684e-06 -3.42477e-07 9.20346e-28 2.75443e-06 4.85037e-27 2.74999e-06)
(2.10226e-06 -1.71437e-07 -5.54653e-30 2.10411e-06 1.94155e-26 2.10301e-06)
(1.65131e-06 -9.69164e-08 -2.63456e-28 1.65183e-06 1.11664e-26 1.65152e-06)
(1.32038e-06 -6.08919e-08 4.69904e-29 1.32052e-06 2.15749e-27 1.32043e-06)
(1.09706e-06 -4.28592e-08 -2.16409e-28 1.09707e-06 9.52911e-29 1.09706e-06)
(8.23448e-06 -1.91971e-06 9.38383e-26 8.92479e-06 -5.50871e-25 8.58854e-06)
(8.59626e-06 -2.58535e-06 -1.75953e-26 8.97718e-06 8.79846e-25 8.78707e-06)
(8.53205e-06 -2.78162e-06 -3.80334e-26 8.75571e-06 4.06143e-25 8.64303e-06)
(8.24587e-06 -2.73818e-06 -4.62849e-26 8.37318e-06 3.81276e-25 8.30857e-06)
(7.76856e-06 -2.55833e-06 -5.79566e-26 7.83688e-06 4.93389e-26 7.8022e-06)
(7.31075e-06 -2.36326e-06 -7.93074e-26 7.33814e-06 9.13206e-28 7.32426e-06)
(1.08082e-05 -2.43401e-06 3.50322e-25 1.28115e-05 -2.57305e-24 1.18221e-05)
(1.16768e-05 -3.11266e-06 1.01516e-25 1.31268e-05 2.27579e-24 1.24092e-05)
(1.1962e-05 -3.50457e-06 -1.97702e-25 1.30095e-05 -2.72796e-24 1.2489e-05)
(1.19308e-05 -3.69699e-06 -4.19156e-25 1.26458e-05 -2.6788e-24 1.22883e-05)
(1.15963e-05 -3.73139e-06 1.97554e-25 1.20531e-05 4.681e-25 1.18243e-05)
(1.12432e-05 -3.70758e-06 4.34273e-25 1.14785e-05 -4.47938e-27 1.13599e-05)
(1.32476e-05 -3.66855e-06 1.32964e-24 1.71973e-05 -2.20655e-23 1.52271e-05)
(1.42094e-05 -4.07667e-06 -1.85476e-24 1.73737e-05 2.3386e-23 1.57975e-05)
(1.45799e-05 -4.28569e-06 3.11285e-25 1.70726e-05 -3.71504e-24 1.58344e-05)
(1.46312e-05 -4.36772e-06 2.64899e-24 1.64853e-05 -3.9042e-24 1.55637e-05)
(1.43559e-05 -4.35586e-06 -1.14836e-24 1.56393e-05 2.41495e-23 1.5004e-05)
(1.40812e-05 -4.32608e-06 -1.56647e-24 1.48119e-05 -3.89333e-23 1.44501e-05)
(1.63939e-05 -6.11086e-06 1.52026e-23 2.28435e-05 -1.06197e-22 1.96195e-05)
(1.71928e-05 -6.21055e-06 -2.6474e-24 2.26887e-05 1.30723e-23 1.99369e-05)
(1.74962e-05 -6.12963e-06 -6.03444e-24 2.20358e-05 4.68606e-24 1.97716e-05)
(1.75045e-05 -5.95327e-06 6.8241e-24 2.10438e-05 5.06698e-24 1.92768e-05)
(1.72416e-05 -5.73435e-06 -3.02427e-23 1.97969e-05 5.02473e-23 1.853e-05)
(1.70359e-05 -5.59412e-06 5.20822e-23 1.85746e-05 -6.95066e-23 1.78144e-05)
(2.14912e-05 -1.05548e-05 -1.96285e-23 3.00973e-05 1.81524e-22 2.57434e-05)
(2.17984e-05 -1.02466e-05 3.97597e-23 2.94701e-05 -2.9945e-23 2.55856e-05)
(2.17662e-05 -9.75823e-06 -0 2.83283e-05 -0 2.50217e-05)
(2.15142e-05 -9.19189e-06 2.00066e-23 2.68175e-05 4.39318e-25 2.41414e-05)
(2.11291e-05 -8.65259e-06 -5.54744e-23 2.51083e-05 -4.0144e-24 2.31164e-05)
(2.09197e-05 -8.34052e-06 -2.76166e-23 2.34211e-05 3.3464e-23 2.21743e-05)
(2.85774e-05 -1.67462e-05 -1.70938e-22 3.48773e-05 1.61751e-23 3.20208e-05)
(2.83344e-05 -1.61077e-05 -1.63264e-22 3.43622e-05 7.17012e-24 3.15757e-05)
(2.77387e-05 -1.5127e-05 -0 3.31713e-05 -0 3.06364e-05)
(2.71697e-05 -1.42255e-05 -0 3.17697e-05 -0 2.95875e-05)
(2.65313e-05 -1.33612e-05 -0 3.01974e-05 -4.41423e-23 2.84624e-05)
(2.63163e-05 -1.29212e-05 -0 2.85936e-05 -2.33704e-22 2.74658e-05)
(3.20602e-05 -1.5284e-05 7.06576e-22 3.06638e-05 -2.79466e-22 3.11608e-05)
(3.17423e-05 -1.50444e-05 2.67715e-22 3.05844e-05 -1.17574e-23 3.09603e-05)
(3.1218e-05 -1.46961e-05 -0 3.03209e-05 -0 3.06076e-05)
(3.07536e-05 -1.43673e-05 -0 2.98745e-05 -0 3.01491e-05)
(3.00501e-05 -1.40702e-05 -3.39354e-22 2.93971e-05 -1.49036e-23 2.96456e-05)
(2.97141e-05 -1.40149e-05 1.48947e-21 2.87539e-05 -8.35038e-23 2.90922e-05)
(9.35476e-07 -3.24966e-08 6.63773e-28 9.3538e-07 -2.79812e-26 9.35423e-07)
(8.6539e-07 -2.93559e-08 -2.0598e-25 8.65242e-07 1.1056e-26 8.65313e-07)
(1.58834e-06 -9.1509e-08 4.82275e-24 1.53605e-06 -8.50726e-24 1.56226e-06)
(8.61795e-07 -1.32524e-08 1.0529e-23 8.15558e-07 -1.76251e-23 8.3856e-07)
(1.23259e-06 -1.02361e-08 -2.14946e-24 1.16138e-06 -1.70542e-24 1.19677e-06)
(6.77509e-07 -3.95894e-09 -4.90428e-27 6.43467e-07 -9.03226e-30 6.60149e-07)
(2.62466e-07 -5.64279e-09 -2.21194e-25 2.56809e-07 -9.34535e-26 2.59589e-07)
(6.80789e-06 -2.14321e-06 2.68449e-25 6.78243e-06 1.29547e-24 6.79514e-06)
(6.21982e-06 -1.95057e-06 3.94509e-23 6.12784e-06 1.86409e-23 6.17708e-06)
(8.31975e-06 -2.62643e-06 -8.29035e-22 6.90922e-06 3.41138e-21 7.61246e-06)
(8.52488e-06 -1.07643e-06 9.69707e-22 5.14603e-06 -1.08562e-21 6.83155e-06)
(1.24783e-05 -8.65272e-07 7.53794e-22 7.68037e-06 -1.18794e-21 1.01078e-05)
(9.64908e-06 -2.03092e-07 1.24818e-24 7.93892e-06 5.14831e-27 8.80911e-06)
(4.61512e-06 -3.89389e-07 9.35587e-24 4.18745e-06 2.9455e-23 4.41243e-06)
(1.08375e-05 -3.57757e-06 2.49046e-24 1.07325e-05 4.54075e-24 1.07832e-05)
(1.01731e-05 -3.40624e-06 1.07129e-22 9.62189e-06 -3.78758e-23 9.90333e-06)
(1.23027e-05 -4.14794e-06 6.48152e-23 1.03096e-05 -4.63824e-21 1.13312e-05)
(1.4191e-05 -2.62454e-06 -6.1204e-21 8.55582e-06 1.00296e-20 1.13319e-05)
(2.15893e-05 -3.68735e-06 4.94929e-21 1.16976e-05 4.56352e-23 1.67259e-05)
(2.57456e-05 -2.58342e-06 2.82209e-22 1.66861e-05 1.62572e-23 2.10067e-05)
(1.77874e-05 -3.41076e-06 6.94578e-22 1.41151e-05 -7.1308e-23 1.60572e-05)
(1.38829e-05 -4.21336e-06 -1.60247e-23 1.36975e-05 5.1746e-23 1.37904e-05)
(1.34785e-05 -4.23956e-06 -1.92123e-22 1.2096e-05 -1.64586e-22 1.27957e-05)
(1.56398e-05 -5.84176e-06 2.10501e-21 1.31235e-05 -4.58064e-21 1.44612e-05)
(1.78206e-05 -4.83546e-06 -2.29367e-21 1.23862e-05 1.51143e-21 1.4985e-05)
(2.50341e-05 -8.64737e-06 -1.56e-20 1.70323e-05 1.34035e-20 2.13533e-05)
(2.85264e-05 -7.75492e-06 -4.66022e-22 2.94714e-05 -1.4852e-23 2.79308e-05)
(2.3505e-05 -1.19012e-06 2.99186e-22 2.45704e-05 -7.31136e-22 2.40613e-05)
(1.70693e-05 -5.45047e-06 -2.85e-23 1.7023e-05 -3.93676e-24 1.70353e-05)
(1.71225e-05 -5.67983e-06 -5.53433e-23 1.48531e-05 6.00114e-22 1.60317e-05)
(1.94109e-05 -8.48843e-06 -2.55542e-22 1.61032e-05 1.6691e-21 1.79687e-05)
(2.20709e-05 -8.93863e-06 3.26542e-21 1.73232e-05 -5.82822e-21 1.93007e-05)
(2.67272e-05 -1.6266e-05 3.80582e-21 2.44744e-05 -5.07858e-21 2.62609e-05)
(2.58071e-05 -1.44202e-05 -1.09905e-21 4.51042e-05 1.40781e-21 3.34195e-05)
(2.29521e-05 5.3679e-06 -5.73881e-21 3.51803e-05 -1.38803e-21 3.10868e-05)
(2.09634e-05 -8.12508e-06 3.25344e-22 2.15322e-05 -1.5588e-22 2.12224e-05)
(2.15802e-05 -8.54576e-06 -9.54201e-22 1.92737e-05 3.26768e-22 2.04164e-05)
(2.3698e-05 -1.23725e-05 9.98693e-22 2.01007e-05 3.87338e-22 2.23183e-05)
(2.71849e-05 -1.53799e-05 1.07255e-21 2.42349e-05 8.04163e-23 2.48821e-05)
(2.64645e-05 -2.39703e-05 1.29411e-21 3.42811e-05 -1.16718e-21 3.13068e-05)
(2.06e-05 -1.88116e-05 -1.08995e-20 5.78112e-05 -3.03042e-21 3.70541e-05)
(2.16727e-05 6.87425e-06 5.31366e-21 4.6013e-05 1.34094e-21 3.55849e-05)
(2.59376e-05 -1.269e-05 1.69664e-22 2.70983e-05 4.01213e-22 2.65681e-05)
(2.66916e-05 -1.32917e-05 6.34655e-22 2.58653e-05 -6.38825e-23 2.6116e-05)
(2.77013e-05 -1.70735e-05 -2.36334e-21 2.6327e-05 1.14199e-21 2.74106e-05)
(2.95977e-05 -2.03112e-05 -2.1061e-21 3.16793e-05 -2.72838e-22 2.95613e-05)
(2.52139e-05 -2.52418e-05 6.05347e-21 4.09881e-05 8.17438e-22 3.3705e-05)
(1.65947e-05 -1.87166e-05 1.69354e-21 6.04936e-05 -1.35912e-21 3.72134e-05)
(1.91563e-05 3.38297e-06 -4.77853e-21 4.88452e-05 -6.36951e-22 3.55323e-05)
(2.90056e-05 -1.43104e-05 -4.98469e-22 2.86842e-05 3.18933e-22 2.8925e-05)
(2.82763e-05 -1.48101e-05 -2.53445e-21 2.83952e-05 -4.17118e-22 2.84216e-05)
(2.77582e-05 -1.67039e-05 3.18431e-21 2.89845e-05 -9.07652e-22 2.86242e-05)
(2.65975e-05 -1.7982e-05 3.32448e-21 3.26049e-05 4.57369e-22 2.91512e-05)
(2.25798e-05 -1.78506e-05 -3.78671e-21 3.63679e-05 2.14217e-22 2.94025e-05)
(1.69874e-05 -1.21809e-05 4.09712e-21 4.34124e-05 1.04262e-21 2.9152e-05)
(1.7353e-05 -1.13464e-06 5.17678e-22 3.75702e-05 -6.36012e-23 2.83435e-05)
(1.53007e-05 6.63836e-08 -5.93266e-22 1.82996e-05 1.16913e-23 1.63324e-05)
(1.65988e-05 -1.36903e-06 1.34057e-21 1.56781e-05 1.89642e-22 1.68231e-05)
(1.98646e-05 -3.76924e-06 -1.10651e-21 1.65259e-05 -1.03296e-22 1.80195e-05)
(2.10682e-05 -5.90884e-06 4.34155e-23 1.75476e-05 2.49292e-22 1.91099e-05)
(2.20336e-05 -7.02131e-06 -9.90513e-22 1.8586e-05 6.40465e-23 2.02733e-05)
(2.23362e-05 -7.75874e-06 2.12775e-21 1.92226e-05 -2.22496e-22 2.09225e-05)
(2.24013e-05 -7.91141e-06 -1.11893e-21 1.89156e-05 -1.45806e-22 2.06677e-05)
(8.88277e-06 1.97558e-06 9.76039e-23 1.02726e-05 -2.40371e-23 9.35424e-06)
(9.4809e-06 1.48594e-06 -8.78568e-22 9.45455e-06 -2.72276e-23 9.70466e-06)
(1.08826e-05 8.39303e-07 6.79357e-22 9.68562e-06 -9.41615e-24 1.02918e-05)
(1.16462e-05 1.3371e-07 -2.62265e-22 9.77038e-06 -1.3012e-22 1.06926e-05)
(1.21618e-05 -3.45113e-07 -2.61799e-22 1.00078e-05 -4.50877e-23 1.10696e-05)
(1.24403e-05 -7.54841e-07 1.96965e-22 1.02717e-05 1.02069e-22 1.13649e-05)
(1.22204e-05 -7.17907e-07 4.04525e-23 1.01718e-05 -9.05688e-23 1.11785e-05)
(7.7729e-06 2.89638e-06 1.36711e-26 8.30288e-06 9.24319e-25 7.99577e-06)
(7.90903e-06 2.78229e-06 -2.26624e-24 8.03109e-06 -6.47231e-23 8.03444e-06)
(8.30307e-06 2.63271e-06 -1.25566e-23 7.90128e-06 9.50504e-23 8.10661e-06)
(8.45927e-06 2.53552e-06 2.60124e-22 7.8454e-06 9.66347e-24 8.14863e-06)
(8.53766e-06 2.42046e-06 1.52993e-23 7.83293e-06 2.78063e-23 8.17986e-06)
(8.5861e-06 2.34993e-06 2.74244e-23 7.77401e-06 3.89554e-24 8.18344e-06)
(8.51719e-06 2.44158e-06 4.09665e-23 7.76352e-06 2.46496e-23 8.15174e-06)
(7.97029e-06 2.64174e-06 -1.03929e-24 8.0789e-06 1.13605e-25 8.01477e-06)
(8.06643e-06 2.77317e-06 1.40495e-23 8.0902e-06 2.47773e-23 8.0879e-06)
(8.4369e-06 2.92659e-06 -2.22082e-23 8.26425e-06 -4.94304e-23 8.35413e-06)
(8.61823e-06 3.03232e-06 2.2707e-24 8.3744e-06 1.69444e-23 8.49185e-06)
(8.96132e-06 3.17809e-06 -3.26858e-23 8.68612e-06 -5.19705e-23 8.82041e-06)
(9.10193e-06 3.17812e-06 6.29709e-24 8.75797e-06 7.2715e-24 8.92512e-06)
(9.39887e-06 3.26479e-06 -1.41499e-23 9.05205e-06 -6.00885e-24 9.22025e-06)
(6.07916e-06 1.53436e-06 3.92798e-25 6.07076e-06 -3.98779e-26 6.07222e-06)
(6.29679e-06 1.69089e-06 -5.31011e-24 6.28145e-06 -2.25341e-24 6.29071e-06)
(7.70675e-06 2.35498e-06 8.21017e-24 7.63784e-06 -2.38402e-23 7.67302e-06)
(8.5523e-06 2.79208e-06 -9.40101e-26 8.45606e-06 1.40195e-24 8.50281e-06)
(1.03772e-05 3.71823e-06 2.10651e-23 1.0255e-05 5.7269e-25 1.03142e-05)
(1.12285e-05 4.10204e-06 2.02433e-24 1.10739e-05 2.47345e-24 1.11497e-05)
(1.20081e-05 4.51361e-06 1.4464e-24 1.18537e-05 -4.56475e-24 1.19317e-05)
(1.03956e-06 6.8029e-08 1.52949e-27 1.03904e-06 -7.03052e-28 1.03928e-06)
(1.14879e-06 7.95463e-08 -2.65034e-26 1.14848e-06 -2.49445e-25 1.14871e-06)
(1.52836e-06 1.23885e-07 2.48926e-25 1.52672e-06 1.38113e-24 1.52757e-06)
(1.86386e-06 1.77763e-07 4.67341e-26 1.86151e-06 9.02855e-27 1.86277e-06)
(2.76115e-06 3.62497e-07 8.6263e-26 2.75811e-06 3.22898e-24 2.75995e-06)
(3.52575e-06 5.72113e-07 4.10591e-26 3.52148e-06 -1.97849e-25 3.5242e-06)
(4.39349e-06 8.43764e-07 -1.15619e-26 4.38914e-06 3.74832e-25 4.39201e-06)
(5.79067e-08 9.35312e-10 -9.3491e-30 5.79057e-08 6.85565e-30 5.79066e-08)
(6.7149e-08 1.18805e-09 1.14019e-30 6.71507e-08 4.11384e-29 6.71502e-08)
(8.9459e-08 1.62193e-09 2.52952e-29 8.94513e-08 1.4994e-26 8.94554e-08)
(1.06117e-07 1.88383e-09 8.91045e-29 1.06107e-07 -1.38562e-28 1.06111e-07)
(1.57962e-07 2.93115e-09 -8.69007e-28 1.57954e-07 -2.65962e-27 1.57956e-07)
(2.03556e-07 3.91671e-09 -1.93688e-28 2.03552e-07 -3.70753e-28 2.03551e-07)
(2.63474e-07 5.25639e-09 4.42527e-30 2.63477e-07 -2.37824e-31 2.63472e-07)
(2.17809e-05 -7.92408e-06 -1.7035e-22 1.85949e-05 2.06774e-22 2.02861e-05)
(2.13427e-05 -7.81452e-06 -0 1.8339e-05 -3.1465e-23 1.99282e-05)
(2.08685e-05 -7.72024e-06 -0 1.81999e-05 -0 1.96119e-05)
(2.05215e-05 -7.64716e-06 -0 1.80753e-05 -0 1.93549e-05)
(2.00387e-05 -7.68135e-06 -0 1.80968e-05 -0 1.91499e-05)
(1.98396e-05 -7.75154e-06 2.10259e-22 1.81431e-05 2.08289e-22 1.9018e-05)
(1.18538e-05 -6.12011e-07 -2.10801e-22 1.00212e-05 2.00801e-23 1.09282e-05)
(1.14931e-05 -4.79758e-07 1.63581e-22 9.89472e-06 2.22102e-23 1.06796e-05)
(1.11769e-05 -3.95482e-07 2.02003e-23 9.79037e-06 -8.6669e-24 1.04771e-05)
(1.08304e-05 -2.87979e-07 -0 9.72205e-06 -8.35122e-24 1.02661e-05)
(1.05797e-05 -2.73948e-07 -0 9.69672e-06 8.40963e-24 1.01466e-05)
(1.02392e-05 -2.12618e-07 -1.31216e-24 9.72853e-06 -3.37474e-23 9.98687e-06)
(8.47111e-06 2.53712e-06 -5.26653e-23 7.76702e-06 -3.01372e-23 8.12853e-06)
(8.42845e-06 2.62776e-06 -2.12645e-23 7.79079e-06 7.4379e-24 8.11651e-06)
(8.39866e-06 2.70862e-06 1.01304e-23 7.82672e-06 2.49684e-24 8.12014e-06)
(8.35704e-06 2.76263e-06 1.61752e-23 7.88502e-06 2.64503e-24 8.12454e-06)
(8.32263e-06 2.81972e-06 -1.81379e-23 7.95366e-06 -2.91501e-24 8.13936e-06)
(8.24812e-06 2.81952e-06 6.27487e-23 8.01896e-06 -6.49103e-24 8.13366e-06)
(9.58292e-06 3.35545e-06 6.16782e-24 9.25435e-06 -2.56412e-24 9.41338e-06)
(9.72549e-06 3.46811e-06 1.14033e-24 9.42466e-06 -2.78718e-24 9.56968e-06)
(9.8385e-06 3.5711e-06 -0 9.57573e-06 2.91002e-24 9.70401e-06)
(9.90345e-06 3.64684e-06 -0 9.70073e-06 3.14693e-24 9.79888e-06)
(9.85037e-06 3.66159e-06 -2.28592e-24 9.71483e-06 -5.55518e-25 9.78548e-06)
(9.73347e-06 3.64321e-06 1.01084e-23 9.71618e-06 9.67868e-24 9.72923e-06)
(1.19091e-05 4.41317e-06 2.03586e-25 1.17777e-05 2.93385e-24 1.18461e-05)
(1.17147e-05 4.36693e-06 4.58115e-25 1.1611e-05 1.46046e-24 1.16661e-05)
(1.14244e-05 4.25355e-06 -2.07033e-25 1.13488e-05 -5.70594e-25 1.13904e-05)
(1.11516e-05 4.13685e-06 -3.32721e-25 1.11125e-05 -5.80338e-25 1.11345e-05)
(1.07338e-05 3.94718e-06 -9.13425e-25 1.07249e-05 2.57022e-25 1.0733e-05)
(1.04748e-05 3.8408e-06 2.33438e-24 1.05178e-05 8.87923e-24 1.04966e-05)
(4.55829e-06 8.96974e-07 2.95858e-26 4.55326e-06 9.31771e-26 4.55604e-06)
(4.54841e-06 8.99106e-07 -1.59614e-26 4.54444e-06 3.29638e-26 4.54645e-06)
(4.49611e-06 8.94797e-07 -7.47795e-27 4.49371e-06 -1.37652e-25 4.49486e-06)
(4.3917e-06 8.66395e-07 8.81867e-27 4.39118e-06 -1.38078e-25 4.39126e-06)
(4.1574e-06 8.00112e-07 -2.74343e-26 4.15865e-06 -2.51943e-25 4.15775e-06)
(4.06651e-06 7.7739e-07 1.18704e-26 4.07029e-06 7.35244e-25 4.06827e-06)
(2.78523e-07 5.59117e-09 2.91172e-30 2.78524e-07 8.63059e-28 2.78521e-07)
(2.79858e-07 5.62542e-09 -1.0031e-29 2.79858e-07 -1.09784e-27 2.79856e-07)
(2.78266e-07 5.62585e-09 1.07596e-30 2.78266e-07 1.66844e-28 2.78265e-07)
(2.71599e-07 5.51183e-09 1.29531e-29 2.716e-07 1.66229e-28 2.71599e-07)
(2.54777e-07 5.18492e-09 1.90736e-30 2.5478e-07 -1.20857e-27 2.54778e-07)
(2.4855e-07 5.1121e-09 -2.09571e-29 2.48558e-07 5.50874e-28 2.48553e-07)
(1.94177e-05 -8.04818e-06 -1.51582e-21 1.85903e-05 -2.56835e-22 1.90983e-05)
(1.8988e-05 -8.15278e-06 1.23911e-21 1.88803e-05 -1.36513e-22 1.88665e-05)
(1.74608e-05 -7.91134e-06 -1.53423e-22 1.86964e-05 5.9479e-22 1.80776e-05)
(1.56218e-05 -7.54642e-06 -2.07733e-21 1.97388e-05 -4.65449e-23 1.75512e-05)
(1.33101e-05 -6.00479e-06 1.11887e-21 2.01596e-05 -5.0937e-23 1.66765e-05)
(1.15828e-05 -3.55463e-06 1.63474e-22 2.06999e-05 1.69015e-22 1.60131e-05)
(1.19969e-05 -6.55513e-07 -3.36352e-22 1.93648e-05 -4.79022e-23 1.59415e-05)
(1.00695e-05 -2.94955e-07 1.04775e-23 9.90542e-06 -9.36525e-24 1.00079e-05)
(9.72722e-06 -3.20673e-07 7.01093e-23 9.98935e-06 1.01139e-22 9.85527e-06)
(8.99581e-06 -1.23991e-07 -6.43064e-22 1.00253e-05 -1.82499e-22 9.5472e-06)
(8.35262e-06 1.86696e-07 9.01024e-24 1.03568e-05 -9.20755e-23 9.34052e-06)
(7.76299e-06 7.19873e-07 -7.93246e-22 1.05035e-05 -4.28318e-23 9.14113e-06)
(7.54073e-06 1.29927e-06 3.40326e-22 1.07517e-05 1.62792e-22 9.12774e-06)
(7.82803e-06 1.85846e-06 2.42795e-22 1.04133e-05 1.09458e-23 9.12677e-06)
(8.13851e-06 2.78589e-06 -7.22242e-23 8.08807e-06 -8.55214e-24 8.11884e-06)
(7.95219e-06 2.76887e-06 -4.48765e-23 8.25156e-06 -5.00382e-23 8.10804e-06)
(7.7972e-06 2.77813e-06 8.99682e-23 8.38986e-06 6.8141e-23 8.09522e-06)
(7.70737e-06 2.84535e-06 1.25737e-23 8.54899e-06 5.18469e-25 8.10378e-06)
(7.57164e-06 2.86248e-06 1.23993e-23 8.62592e-06 -4.17059e-23 8.08601e-06)
(7.52845e-06 2.82372e-06 -2.29001e-22 8.61319e-06 -2.22574e-23 8.05149e-06)
(7.56002e-06 2.816e-06 -1.50858e-23 8.40394e-06 7.82063e-24 7.98493e-06)
(9.58428e-06 3.64045e-06 -1.11801e-23 9.65077e-06 -1.66444e-23 9.61955e-06)
(9.40148e-06 3.52915e-06 4.06542e-23 9.63042e-06 1.18493e-23 9.51619e-06)
(9.1327e-06 3.43015e-06 -6.45307e-23 9.4818e-06 -3.56751e-23 9.31162e-06)
(8.96017e-06 3.27681e-06 -8.1584e-24 9.36754e-06 -3.41424e-25 9.16531e-06)
(8.53571e-06 3.02376e-06 -1.09382e-24 8.98033e-06 -1.15348e-24 8.76832e-06)
(8.37282e-06 2.86407e-06 1.26918e-24 8.76553e-06 -2.13342e-23 8.56782e-06)
(7.96289e-06 2.58355e-06 7.28124e-26 8.16849e-06 -8.19877e-26 8.0713e-06)
(1.01048e-05 3.66017e-06 -8.49126e-25 1.01701e-05 -6.04748e-24 1.01369e-05)
(9.99194e-06 3.58674e-06 -1.4129e-24 1.01066e-05 6.54481e-24 1.00506e-05)
(9.20329e-06 3.14415e-06 3.31341e-24 9.34284e-06 6.19609e-24 9.27432e-06)
(9.04155e-06 3.02866e-06 7.24767e-25 9.1897e-06 8.96114e-24 9.11415e-06)
(7.84118e-06 2.33298e-06 7.21859e-27 7.95606e-06 -2.29207e-25 7.8982e-06)
(7.40709e-06 2.1134e-06 -4.45028e-26 7.47607e-06 4.73979e-24 7.4389e-06)
(6.19741e-06 1.51381e-06 1.21486e-26 6.20659e-06 -5.803e-25 6.20074e-06)
(3.87417e-06 7.19807e-07 -3.92691e-26 3.87899e-06 -4.3953e-25 3.8765e-06)
(3.63037e-06 6.29772e-07 2.14983e-25 3.63728e-06 1.30218e-24 3.63375e-06)
(2.83782e-06 3.94914e-07 -3.5019e-25 2.84377e-06 -6.5284e-25 2.84077e-06)
(2.48967e-06 3.00156e-07 -1.2071e-25 2.49424e-06 -1.07523e-24 2.49185e-06)
(1.74389e-06 1.52946e-07 -2.89383e-27 1.74566e-06 2.04997e-27 1.74473e-06)
(1.44225e-06 1.11877e-07 -2.41777e-26 1.44249e-06 -2.88093e-25 1.44237e-06)
(1.07643e-06 7.13633e-08 -1.37962e-29 1.07594e-06 3.45803e-26 1.07619e-06)
(2.33768e-07 4.88403e-09 1.51519e-28 2.33781e-07 2.76057e-28 2.33773e-07)
(2.17004e-07 4.55772e-09 -6.76927e-28 2.17028e-07 -1.92842e-27 2.17015e-07)
(1.66849e-07 3.45606e-09 -2.2481e-28 1.66872e-07 -1.69698e-26 1.66859e-07)
(1.46971e-07 3.08288e-09 9.28939e-28 1.46992e-07 2.66908e-27 1.46981e-07)
(1.03657e-07 2.09723e-09 2.64087e-29 1.03663e-07 -4.00422e-29 1.0366e-07)
(8.44788e-08 1.631e-09 4.93337e-28 8.44742e-08 4.86306e-28 8.44767e-08)
(5.98848e-08 1.02409e-09 -5.40045e-29 5.98794e-08 -2.36531e-29 5.98826e-08)
(2.27258e-07 -2.80292e-09 1.20133e-25 2.29998e-07 -1.5154e-26 2.28584e-07)
(9.58744e-08 2.07449e-10 6.79102e-27 9.41626e-08 -4.72127e-28 9.49736e-08)
(1.79155e-07 8.32765e-10 4.34579e-25 1.73251e-07 1.84147e-25 1.7614e-07)
(6.06991e-07 7.47672e-09 8.0574e-25 5.81101e-07 -5.69501e-25 5.93933e-07)
(8.54543e-07 2.85331e-08 2.8757e-24 8.38237e-07 1.23081e-23 8.46349e-07)
(2.27139e-06 2.28588e-07 -4.18797e-24 2.28741e-06 -1.90815e-26 2.27844e-06)
(4.65526e-06 -9.3627e-07 3.14629e-25 5.1372e-06 -1.13811e-24 4.85248e-06)
(3.67716e-06 -3.33528e-07 -1.62923e-23 3.94482e-06 -2.9836e-23 3.81421e-06)
(1.3438e-06 -4.74844e-09 -9.12e-25 1.32047e-06 6.5565e-26 1.33403e-06)
(2.68795e-06 6.03214e-08 -1.26762e-22 2.22254e-06 -1.28357e-22 2.45825e-06)
(5.30682e-06 5.20417e-07 -3.57153e-22 3.70951e-06 -8.42761e-22 4.52063e-06)
(5.85801e-06 1.19061e-06 -2.4996e-22 5.24844e-06 -1.6696e-21 5.55326e-06)
(6.83779e-06 9.2468e-07 4.16332e-23 7.54381e-06 5.07718e-24 7.18964e-06)
(6.71436e-06 -8.0584e-07 -2.43632e-25 8.1027e-06 3.77913e-24 7.46811e-06)
(1.41478e-05 -5.12711e-06 -4.51925e-22 1.69473e-05 3.03948e-22 1.56841e-05)
(5.62663e-06 -5.2838e-07 3.35933e-23 6.81502e-06 -1.7592e-24 6.239e-06)
(7.66001e-06 2.59986e-07 1.70152e-21 5.81257e-06 1.58451e-21 6.70133e-06)
(8.28742e-06 1.02119e-06 -1.75146e-21 6.91226e-06 -4.5224e-22 7.65621e-06)
(8.89421e-06 9.01745e-07 -8.66316e-23 9.01942e-06 5.21742e-22 8.94176e-06)
(9.18606e-06 -7.891e-08 2.10355e-22 1.15347e-05 -3.04879e-23 1.03796e-05)
(8.72545e-06 -1.60558e-06 3.28279e-25 1.16538e-05 9.48376e-24 1.01927e-05)
(2.09557e-05 -7.43503e-06 -1.79115e-22 2.09711e-05 5.25004e-22 2.10061e-05)
(1.03157e-05 -3.87366e-06 -1.12986e-22 1.83988e-05 9.21173e-24 1.4451e-05)
(9.87131e-06 -1.06967e-06 -3.29389e-21 1.19148e-05 -2.88764e-21 1.06274e-05)
(9.54762e-06 9.45153e-07 4.4445e-21 1.10878e-05 5.66237e-21 1.04354e-05)
(1.09465e-05 -6.45215e-07 5.34547e-22 1.33856e-05 4.23111e-21 1.20679e-05)
(1.13381e-05 -1.70847e-06 -1.02162e-22 1.59597e-05 -1.06204e-22 1.36521e-05)
(1.12337e-05 -3.11904e-06 -2.28959e-24 1.60986e-05 1.00406e-23 1.36394e-05)
(3.11879e-05 -5.10367e-06 2.49428e-21 2.06034e-05 -3.25741e-22 2.51022e-05)
(1.63806e-05 -1.0847e-05 -1.39639e-22 2.91922e-05 -1.66226e-22 2.31442e-05)
(1.30459e-05 -5.27384e-06 1.25451e-21 2.14787e-05 1.71519e-21 1.66936e-05)
(1.07736e-05 -8.55498e-07 -1.43157e-21 1.69909e-05 -3.22387e-21 1.42942e-05)
(1.3381e-05 -3.49111e-06 2.2441e-22 1.97384e-05 -4.8083e-22 1.63444e-05)
(1.43936e-05 -4.70989e-06 -4.60935e-22 2.17176e-05 6.2064e-23 1.80595e-05)
(1.48223e-05 -5.90803e-06 4.92922e-23 2.20116e-05 8.86996e-24 1.83558e-05)
(4.20495e-05 -4.51673e-07 -4.795e-21 1.80726e-05 -1.41874e-22 3.04689e-05)
(2.68143e-05 -1.45004e-05 2.94034e-21 3.06817e-05 -6.90748e-22 2.87096e-05)
(2.15526e-05 -1.27801e-05 -4.5686e-22 3.37177e-05 2.04982e-23 2.67412e-05)
(1.5172e-05 -7.7899e-06 5.88422e-23 2.57595e-05 -4.55564e-22 2.17272e-05)
(1.79832e-05 -9.45436e-06 5.92707e-22 2.76886e-05 -1.74189e-21 2.33243e-05)
(1.97531e-05 -1.01248e-05 4.74663e-22 2.86312e-05 3.22505e-22 2.44528e-05)
(2.05471e-05 -1.07319e-05 -7.19438e-23 2.93082e-05 -1.28141e-23 2.48333e-05)
(3.91861e-05 2.31517e-06 4.42807e-21 2.36246e-05 -2.11642e-22 3.27564e-05)
(3.42652e-05 -1.25034e-05 1.35538e-21 2.62914e-05 6.20859e-22 3.04503e-05)
(2.82637e-05 -1.59037e-05 4.39618e-22 3.51409e-05 3.17908e-23 3.10894e-05)
(2.78847e-05 -1.40617e-05 5.994e-22 3.29945e-05 1.59321e-21 3.02192e-05)
(2.89844e-05 -1.40724e-05 -9.36327e-22 3.16391e-05 8.73782e-22 2.97689e-05)
(2.77143e-05 -1.48508e-05 -6.48965e-22 3.17212e-05 -1.14054e-22 2.98837e-05)
(2.78678e-05 -1.57499e-05 -1.05223e-24 3.26823e-05 2.53868e-22 3.0309e-05)
(2.78907e-05 1.06106e-06 -6.42048e-22 2.68683e-05 -7.65351e-24 2.78091e-05)
(3.20458e-05 -6.52721e-06 -4.20936e-21 2.24456e-05 4.508e-22 2.75116e-05)
(3.06371e-05 -1.13476e-05 1.21075e-22 2.67965e-05 -1.61025e-23 2.82318e-05)
(2.83944e-05 -1.26066e-05 -2.61652e-21 2.79359e-05 -2.86491e-22 2.84095e-05)
(2.9548e-05 -1.36352e-05 1.04224e-21 2.80057e-05 -4.55998e-22 2.87345e-05)
(2.97742e-05 -1.36233e-05 1.69566e-21 2.80212e-05 -4.05954e-22 2.88426e-05)
(2.99627e-05 -1.38248e-05 -1.8816e-21 2.8051e-05 3.29285e-22 2.87763e-05)
(3.00712e-06 -4.76973e-07 2.18824e-27 3.02951e-06 8.00382e-26 3.01658e-06)
(2.17371e-06 -1.98846e-07 -5.07713e-28 2.17705e-06 1.96446e-26 2.1751e-06)
(1.6631e-06 -1.02427e-07 -8.67357e-29 1.6639e-06 2.76501e-27 1.66343e-06)
(1.30163e-06 -6.02794e-08 6.16165e-29 1.30184e-06 1.76492e-27 1.30171e-06)
(1.05421e-06 -4.0341e-08 -1.07583e-28 1.05425e-06 3.94538e-27 1.05422e-06)
(8.76972e-07 -2.92492e-08 -5.68867e-29 8.76953e-07 6.22853e-27 8.76959e-07)
(7.92952e-06 -2.16622e-06 -7.09354e-27 8.52655e-06 -5.18929e-26 8.23145e-06)
(8.1271e-06 -2.59514e-06 -2.54661e-26 8.42952e-06 -7.56526e-25 8.27714e-06)
(7.96669e-06 -2.63795e-06 -1.82423e-26 8.13462e-06 8.04325e-26 8.04931e-06)
(7.58104e-06 -2.49426e-06 -2.02052e-26 7.67033e-06 7.4821e-26 7.62459e-06)
(7.09855e-06 -2.28616e-06 4.46337e-27 7.14346e-06 -4.90332e-25 7.12041e-06)
(6.61637e-06 -2.07169e-06 -1.34485e-25 6.62796e-06 1.62399e-26 6.62199e-06)
(1.05378e-05 -2.65773e-06 -4.44864e-25 1.24839e-05 -2.50144e-24 1.1523e-05)
(1.1256e-05 -3.23819e-06 4.37812e-25 1.25541e-05 -3.03501e-24 1.191e-05)
(1.14291e-05 -3.53026e-06 7.63855e-26 1.23166e-05 1.29673e-24 1.1874e-05)
(1.12734e-05 -3.63301e-06 -1.06745e-25 1.18432e-05 1.21361e-24 1.15573e-05)
(1.09117e-05 -3.62066e-06 4.16442e-25 1.12594e-05 -2.71624e-24 1.10848e-05)
(1.05206e-05 -3.55502e-06 1.02146e-24 1.06608e-05 -3.12755e-24 1.05897e-05)
(1.28391e-05 -3.78145e-06 -9.75602e-25 1.67915e-05 1.83651e-23 1.4826e-05)
(1.36929e-05 -4.10672e-06 1.80029e-24 1.66382e-05 -8.1262e-24 1.51736e-05)
(1.39666e-05 -4.25096e-06 -6.12564e-25 1.61839e-05 9.45188e-24 1.50843e-05)
(1.3895e-05 -4.27663e-06 -2.38609e-24 1.5458e-05 9.36875e-24 1.4682e-05)
(1.35907e-05 -4.25122e-06 1.24191e-24 1.46304e-05 -6.42584e-24 1.41172e-05)
(1.32827e-05 -4.18292e-06 -5.34957e-25 1.37667e-05 1.68829e-23 1.35272e-05)
(1.57942e-05 -6.10478e-06 -1.12177e-23 2.22133e-05 1.33484e-23 1.90259e-05)
(1.65266e-05 -6.09747e-06 4.49151e-24 2.16722e-05 1.23536e-23 1.91025e-05)
(1.67397e-05 -5.94748e-06 -1.403e-24 2.08289e-05 -1.14698e-23 1.87946e-05)
(1.66413e-05 -5.71069e-06 -1.27075e-23 1.96772e-05 -1.14898e-23 1.81645e-05)
(1.63515e-05 -5.5164e-06 1.04114e-23 1.84596e-05 1.10306e-23 1.74191e-05)
(1.61284e-05 -5.33938e-06 -7.0383e-24 1.72005e-05 1.33298e-23 1.66705e-05)
(2.06736e-05 -1.03147e-05 2.99039e-24 2.88674e-05 1.23835e-22 2.47818e-05)
(2.09389e-05 -9.89153e-06 -2.07152e-23 2.79735e-05 6.09119e-23 2.44245e-05)
(2.07706e-05 -9.29868e-06 -7.35295e-25 2.66003e-05 -5.87567e-23 2.36659e-05)
(2.04587e-05 -8.71442e-06 3.1006e-23 2.50099e-05 -5.92217e-23 2.27129e-05)
(2.00579e-05 -8.21393e-06 -9.64346e-24 2.33205e-05 5.7649e-23 2.16867e-05)
(1.98344e-05 -7.88406e-06 -1.09897e-23 2.16057e-05 1.13523e-22 2.07243e-05)
(2.7311e-05 -1.54757e-05 -1.47008e-22 3.26184e-05 -2.95716e-23 3.01637e-05)
(2.69706e-05 -1.49101e-05 -1.93602e-22 3.20441e-05 1.85275e-23 2.96692e-05)
(2.63011e-05 -1.40243e-05 2.79851e-24 3.08229e-05 -1.24828e-23 2.87059e-05)
(2.56492e-05 -1.31648e-05 1.22617e-22 2.93473e-05 -9.77162e-24 2.76028e-05)
(2.50472e-05 -1.24419e-05 7.49685e-23 2.78081e-05 1.5708e-23 2.65136e-05)
(2.48371e-05 -1.20591e-05 -3.09406e-22 2.62216e-05 -1.01599e-22 2.55623e-05)
(2.93956e-05 -1.363e-05 5.95508e-22 2.8006e-05 -2.04052e-22 2.85672e-05)
(2.90642e-05 -1.33558e-05 1.7977e-22 2.78363e-05 -1.37621e-23 2.82776e-05)
(2.85726e-05 -1.30259e-05 -0 2.7525e-05 4.48777e-24 2.78919e-05)
(2.81573e-05 -1.27571e-05 -0 2.70675e-05 4.03326e-24 2.74592e-05)
(2.76255e-05 -1.25636e-05 -2.34257e-22 2.66154e-05 -1.3532e-23 2.7015e-05)
(2.73848e-05 -1.26211e-05 1.58598e-21 2.60259e-05 -1.48457e-22 2.65722e-05)
(7.58893e-07 -2.3134e-08 9.37229e-28 7.58807e-07 -8.97664e-27 7.58846e-07)
(7.1742e-07 -2.16846e-08 -2.51667e-25 7.17311e-07 1.11078e-26 7.17362e-07)
(1.38438e-06 -7.07789e-08 8.01673e-24 1.34388e-06 -2.08204e-23 1.36419e-06)
(7.20638e-07 -1.02886e-08 -6.15056e-24 6.84739e-07 9.98605e-24 7.02606e-07)
(1.1415e-06 -9.03077e-09 1.59664e-23 1.07826e-06 -1.65438e-23 1.10968e-06)
(5.44707e-07 -2.97451e-09 -2.49703e-24 5.18431e-07 3.13108e-24 5.31367e-07)
(2.19111e-07 -3.9628e-09 -2.3265e-26 2.15161e-07 -5.66083e-29 2.17099e-07)
(6.13455e-06 -1.86479e-06 1.19391e-27 6.10212e-06 1.14121e-24 6.11832e-06)
(5.60569e-06 -1.71804e-06 4.23657e-23 5.52143e-06 -4.47189e-24 5.567e-06)
(7.75857e-06 -2.44089e-06 -8.65084e-22 6.43418e-06 3.42076e-21 7.0935e-06)
(7.58239e-06 -9.39136e-07 1.14473e-21 4.6244e-06 -1.4683e-21 6.10002e-06)
(1.18552e-05 -7.84738e-07 -1.37209e-21 7.39054e-06 2.14913e-21 9.64645e-06)
(7.84922e-06 -1.48248e-07 2.18964e-22 6.52345e-06 -2.70398e-22 7.19704e-06)
(3.74477e-06 -3.0196e-07 8.6537e-30 3.42266e-06 -3.66894e-29 3.59229e-06)
(1.01094e-05 -3.39282e-06 -2.35529e-24 9.93525e-06 3.55261e-24 1.00206e-05)
(9.4386e-06 -3.22868e-06 2.11417e-24 8.89186e-06 1.02735e-23 9.17303e-06)
(1.16565e-05 -3.97651e-06 1.55508e-21 9.67133e-06 -6.22656e-21 1.06828e-05)
(1.30903e-05 -2.40436e-06 -6.32337e-21 7.76612e-06 7.24736e-21 1.03914e-05)
(2.09068e-05 -3.41436e-06 -2.97725e-21 1.12232e-05 3.54435e-22 1.61345e-05)
(2.27335e-05 -2.00343e-06 -8.90301e-23 1.44018e-05 -5.39954e-24 1.82773e-05)
(1.46806e-05 -3.10324e-06 -0 1.13569e-05 -0 1.32318e-05)
(1.30872e-05 -4.05601e-06 5.18349e-24 1.26838e-05 4.68638e-24 1.28829e-05)
(1.26211e-05 -4.07252e-06 -1.90285e-22 1.11845e-05 1.17372e-22 1.19168e-05)
(1.48998e-05 -5.60615e-06 2.70177e-22 1.22889e-05 -4.84488e-22 1.3659e-05)
(1.66648e-05 -4.42784e-06 8.35264e-21 1.1251e-05 -1.0676e-20 1.38576e-05)
(2.43734e-05 -7.96871e-06 3.49496e-21 1.60726e-05 -3.70585e-21 2.04997e-05)
(2.66008e-05 -5.48813e-06 6.63502e-24 2.37884e-05 -8.77772e-24 2.45256e-05)
(2.01871e-05 -4.23638e-06 -0 1.73155e-05 -0 1.91503e-05)
(1.61896e-05 -5.22203e-06 1.89187e-23 1.56659e-05 2.22111e-23 1.59239e-05)
(1.61384e-05 -5.42492e-06 1.9865e-23 1.368e-05 -1.47274e-23 1.4959e-05)
(1.85607e-05 -8.0914e-06 -1.77595e-23 1.49635e-05 2.51884e-21 1.6942e-05)
(2.095e-05 -8.16878e-06 -4.85894e-21 1.57201e-05 3.46791e-21 1.79836e-05)
(2.64073e-05 -1.48875e-05 -6.11236e-21 2.24392e-05 -2.84056e-21 2.49915e-05)
(2.64061e-05 -1.15928e-05 -5.40893e-22 3.63778e-05 -1.54486e-23 2.94379e-05)
(2.20848e-05 -2.89688e-06 2.54772e-24 2.18422e-05 6.24469e-27 2.41972e-05)
(1.99506e-05 -7.73489e-06 -5.48031e-23 1.98014e-05 -4.01918e-23 1.98277e-05)
(2.04775e-05 -8.09239e-06 1.40599e-22 1.76251e-05 -6.56804e-22 1.90782e-05)
(2.28056e-05 -1.17207e-05 -8.46079e-22 1.8445e-05 -8.62802e-22 2.09791e-05)
(2.62058e-05 -1.40283e-05 4.19444e-21 2.16934e-05 -3.67399e-21 2.32181e-05)
(2.7133e-05 -2.22883e-05 8.70022e-21 3.09112e-05 -1.55651e-21 2.97683e-05)
(2.33936e-05 -1.65699e-05 5.03807e-22 4.64261e-05 7.53615e-22 3.2872e-05)
(2.38669e-05 -4.00694e-06 1.41704e-25 2.75754e-05 -7.57042e-25 2.90747e-05)
(2.46325e-05 -1.1989e-05 -4.90173e-22 2.48856e-05 3.57933e-22 2.47644e-05)
(2.54268e-05 -1.25115e-05 9.81741e-22 2.34878e-05 -1.5434e-22 2.43723e-05)
(2.68967e-05 -1.61868e-05 4.09209e-22 2.39066e-05 -1.15484e-22 2.56892e-05)
(2.90584e-05 -1.89876e-05 -1.18668e-21 2.8357e-05 2.41992e-21 2.77514e-05)
(2.69555e-05 -2.48849e-05 -1.40705e-22 3.67281e-05 1.82309e-21 3.21863e-05)
(1.91306e-05 -1.85617e-05 -8.19986e-21 5.03376e-05 -2.50133e-21 3.41977e-05)
(2.3411e-05 -7.97009e-06 -4.85567e-22 3.49988e-05 2.41736e-24 3.17384e-05)
(2.69641e-05 -1.30141e-05 -2.16561e-21 2.59329e-05 2.13678e-22 2.64487e-05)
(2.64768e-05 -1.37575e-05 -7.52762e-23 2.57728e-05 7.83145e-23 2.62203e-05)
(2.64762e-05 -1.5792e-05 1.76866e-21 2.63335e-05 1.55809e-22 2.65371e-05)
(2.57736e-05 -1.75888e-05 -2.7487e-21 2.97962e-05 -2.33556e-22 2.73559e-05)
(2.30462e-05 -1.87501e-05 -2.16912e-22 3.34457e-05 3.3515e-23 2.80265e-05)
(1.71552e-05 -1.55835e-05 8.81891e-21 4.21428e-05 1.33689e-21 2.9075e-05)
(1.98347e-05 -9.56124e-06 5.26819e-22 3.61003e-05 4.45538e-24 2.87479e-05)
(1.52068e-05 3.18809e-07 7.01791e-22 1.67108e-05 2.62542e-23 1.62658e-05)
(1.86038e-05 -1.43039e-06 8.135e-23 1.49499e-05 -4.56047e-23 1.68275e-05)
(2.05087e-05 -3.80856e-06 -1.02361e-22 1.57867e-05 8.87508e-24 1.7952e-05)
(2.0948e-05 -5.45348e-06 1.51622e-21 1.66975e-05 -2.09202e-22 1.87873e-05)
(2.14651e-05 -6.21795e-06 -7.39083e-22 1.75464e-05 1.62047e-22 1.95178e-05)
(2.15676e-05 -6.90308e-06 1.74748e-21 1.81108e-05 6.98363e-23 1.99643e-05)
(2.13075e-05 -6.9246e-06 -1.18079e-21 1.78364e-05 -1.9121e-22 1.9578e-05)
(9.00712e-06 1.94003e-06 -1.91642e-22 9.85072e-06 -1.10976e-25 9.48298e-06)
(1.02372e-05 1.51039e-06 -3.91182e-22 9.28552e-06 -1.61763e-22 9.75994e-06)
(1.13314e-05 8.83592e-07 -7.68102e-23 9.41017e-06 1.07996e-24 1.03306e-05)
(1.19166e-05 2.3413e-07 -1.04989e-23 9.54165e-06 4.53421e-23 1.07122e-05)
(1.22582e-05 -1.59695e-07 1.89145e-22 9.79832e-06 -1.7132e-23 1.10228e-05)
(1.24309e-05 -4.99001e-07 2.08185e-22 1.0075e-05 9.98011e-23 1.12469e-05)
(1.20715e-05 -4.31268e-07 -1.81041e-24 9.9748e-06 -8.38022e-23 1.10036e-05)
(7.79454e-06 2.83142e-06 -1.70568e-23 8.16648e-06 -6.43957e-24 7.98307e-06)
(8.16591e-06 2.7522e-06 2.50485e-22 7.87414e-06 2.67514e-23 8.02919e-06)
(8.44664e-06 2.74599e-06 1.16427e-23 7.83512e-06 -3.44931e-24 8.13311e-06)
(8.58978e-06 2.66313e-06 -8.91167e-25 7.83492e-06 -1.96977e-23 8.21858e-06)
(8.69273e-06 2.57613e-06 6.20182e-24 7.84283e-06 3.58748e-24 8.26852e-06)
(8.75556e-06 2.56149e-06 -8.96556e-23 7.83769e-06 -3.51328e-23 8.30144e-06)
(8.67904e-06 2.62749e-06 8.41463e-23 7.86609e-06 2.09615e-23 8.28311e-06)
(8.03143e-06 2.70156e-06 -6.83671e-26 8.09383e-06 -6.19482e-26 8.0616e-06)
(8.4065e-06 2.90073e-06 1.16645e-24 8.26777e-06 2.05409e-23 8.34298e-06)
(8.6239e-06 3.01625e-06 -2.93398e-25 8.38042e-06 -9.4339e-26 8.49626e-06)
(9.03795e-06 3.21738e-06 1.75303e-23 8.74532e-06 3.78674e-23 8.88966e-06)
(9.24341e-06 3.31807e-06 2.54799e-24 8.91203e-06 -6.64201e-24 9.07323e-06)
(9.65837e-06 3.45364e-06 3.83861e-23 9.24774e-06 3.83526e-24 9.44583e-06)
(9.76182e-06 3.44011e-06 -9.14582e-24 9.38882e-06 2.84919e-24 9.56998e-06)
(6.05497e-06 1.53561e-06 1.76149e-26 6.03874e-06 5.58831e-25 6.04639e-06)
(6.70951e-06 1.88004e-06 -2.39583e-26 6.66038e-06 -2.43108e-24 6.68558e-06)
(7.76008e-06 2.42252e-06 1.07708e-24 7.67543e-06 -3.42343e-27 7.71629e-06)
(9.61338e-06 3.3313e-06 -1.86502e-23 9.49821e-06 -8.89038e-24 9.55576e-06)
(1.06035e-05 3.85307e-06 1.1364e-24 1.04766e-05 1.13858e-23 1.05398e-05)
(1.19325e-05 4.52269e-06 6.58518e-25 1.17597e-05 5.81922e-24 1.18456e-05)
(1.17965e-05 4.36388e-06 -1.53545e-27 1.16515e-05 -4.18736e-24 1.17265e-05)
(1.01708e-06 6.56347e-08 -4.82254e-27 1.01653e-06 -2.79043e-26 1.01683e-06)
(1.20075e-06 8.22726e-08 1.42184e-26 1.19993e-06 1.54898e-25 1.20036e-06)
(1.56275e-06 1.26031e-07 7.61733e-27 1.56118e-06 3.83528e-27 1.56202e-06)
(2.28217e-06 2.4448e-07 8.47191e-27 2.27969e-06 -1.16414e-24 2.28113e-06)
(3.00273e-06 4.16111e-07 -3.37772e-25 3.00014e-06 5.28147e-25 3.00186e-06)
(4.40612e-06 8.47239e-07 1.68589e-26 4.40027e-06 1.13437e-24 4.40398e-06)
(4.44418e-06 8.60105e-07 3.69939e-26 4.43866e-06 2.70249e-26 4.44185e-06)
(5.65853e-08 9.11059e-10 8.06027e-29 5.65843e-08 -1.21227e-29 5.65852e-08)
(7.00833e-08 1.15257e-09 -3.34799e-28 7.00829e-08 -2.29432e-28 7.00833e-08)
(9.19862e-08 1.5522e-09 -3.13072e-29 9.19807e-08 7.39655e-29 9.19832e-08)
(1.32054e-07 2.28303e-09 7.26684e-29 1.32045e-07 -1.50056e-28 1.32048e-07)
(1.74851e-07 3.16537e-09 -8.82424e-28 1.74847e-07 -1.23453e-26 1.74847e-07)
(2.69064e-07 5.31549e-09 -9.8173e-28 2.69059e-07 -1.31779e-27 2.69058e-07)
(2.71076e-07 5.32118e-09 -1.28666e-28 2.71074e-07 2.69928e-28 2.71072e-07)
(2.05089e-05 -6.83239e-06 -8.63919e-23 1.74869e-05 9.92696e-23 1.90956e-05)
(1.99216e-05 -6.67759e-06 -3.38959e-22 1.72162e-05 2.77638e-23 1.86548e-05)
(1.93644e-05 -6.56743e-06 2.3464e-22 1.7005e-05 -3.50122e-24 1.82682e-05)
(1.8891e-05 -6.50237e-06 3.6702e-22 1.6859e-05 1.5777e-24 1.79412e-05)
(1.8398e-05 -6.56253e-06 -2.61335e-22 1.6799e-05 2.44669e-23 1.76888e-05)
(1.80612e-05 -6.71266e-06 1.10984e-22 1.6843e-05 1.19955e-22 1.75082e-05)
(1.16209e-05 -2.88065e-07 1.95853e-22 9.83494e-06 4.33612e-23 1.07179e-05)
(1.12137e-05 -1.42821e-07 -1.60037e-22 9.69888e-06 -3.41704e-23 1.04495e-05)
(1.08398e-05 -4.07812e-08 -1.46052e-23 9.62077e-06 1.3278e-23 1.02168e-05)
(1.04687e-05 5.76205e-08 1.56452e-23 9.5112e-06 1.36393e-23 9.99477e-06)
(1.01642e-05 5.55638e-08 -1.76231e-22 9.56143e-06 -3.84384e-23 9.85076e-06)
(9.80072e-06 1.0664e-07 1.43415e-22 9.52083e-06 6.64736e-23 9.67715e-06)
(8.64257e-06 2.72381e-06 -7.84081e-23 7.90474e-06 -1.12031e-23 8.28263e-06)
(8.59912e-06 2.79631e-06 1.98688e-23 7.95697e-06 -5.41261e-24 8.28291e-06)
(8.56024e-06 2.86952e-06 2.31775e-24 8.00173e-06 2.03751e-24 8.28752e-06)
(8.49103e-06 2.89667e-06 -2.53166e-24 8.07906e-06 2.11033e-24 8.2823e-06)
(8.42191e-06 2.91911e-06 3.69582e-23 8.10018e-06 -6.58768e-24 8.27134e-06)
(8.27393e-06 2.84359e-06 -8.21414e-23 8.19743e-06 -2.00612e-23 8.229e-06)
(9.95354e-06 3.59641e-06 6.92423e-24 9.60662e-06 -4.70519e-24 9.77526e-06)
(1.00351e-05 3.66583e-06 3.23048e-24 9.73918e-06 3.52278e-24 9.88204e-06)
(1.0048e-05 3.72461e-06 -1.61845e-24 9.80842e-06 -8.60922e-25 9.92811e-06)
(9.9889e-06 3.74555e-06 -2.85988e-24 9.83449e-06 -9.35984e-25 9.90975e-06)
(9.87827e-06 3.74599e-06 8.53587e-25 9.80838e-06 4.80463e-24 9.85112e-06)
(9.67567e-06 3.68577e-06 1.10466e-23 9.75974e-06 -1.16306e-23 9.72248e-06)
(1.1637e-05 4.36265e-06 -0 1.15231e-05 2.25929e-24 1.15837e-05)
(1.13599e-05 4.24899e-06 -0 1.12771e-05 1.11615e-24 1.13217e-05)
(1.10022e-05 4.09803e-06 -0 1.0951e-05 -4.54115e-25 1.09796e-05)
(1.06673e-05 3.94578e-06 -0 1.06542e-05 -4.17334e-25 1.06637e-05)
(1.02467e-05 3.75777e-06 -0 1.02685e-05 1.54744e-24 1.0257e-05)
(1.0046e-05 3.68025e-06 -0 1.01127e-05 2.22073e-24 1.00798e-05)
(4.54751e-06 9.12167e-07 2.78841e-26 4.54332e-06 1.00889e-25 4.5456e-06)
(4.49864e-06 9.02052e-07 -3.18552e-27 4.4959e-06 -3.80122e-26 4.49722e-06)
(4.36489e-06 8.7049e-07 -1.05655e-26 4.3636e-06 -3.89986e-26 4.3642e-06)
(4.20387e-06 8.23557e-07 -1.06421e-26 4.20496e-06 -4.32924e-26 4.20407e-06)
(3.93516e-06 7.45715e-07 -1.75361e-26 3.93724e-06 -3.32487e-26 3.93608e-06)
(3.8747e-06 7.3147e-07 1.86963e-26 3.87982e-06 8.82133e-26 3.8772e-06)
(2.82682e-07 5.64048e-09 -1.4383e-29 2.82684e-07 4.65312e-28 2.82681e-07)
(2.80768e-07 5.62533e-09 -4.25398e-30 2.80769e-07 -3.42313e-28 2.80767e-07)
(2.7245e-07 5.48337e-09 -0 2.72451e-07 -3.55758e-28 2.7245e-07)
(2.60828e-07 5.271e-09 -0 2.60831e-07 -3.98392e-28 2.60828e-07)
(2.40957e-07 4.88335e-09 3.96667e-30 2.40961e-07 -3.08894e-28 2.40959e-07)
(2.36717e-07 4.86878e-09 -2.67731e-29 2.36728e-07 4.12781e-28 2.36721e-07)
(1.76682e-05 -7.05562e-06 -1.48016e-21 1.72312e-05 -3.41149e-22 1.75359e-05)
(1.72344e-05 -7.44068e-06 2.06052e-21 1.76497e-05 2.42942e-22 1.74341e-05)
(1.58113e-05 -7.40842e-06 3.21599e-22 1.76073e-05 9.62555e-23 1.67107e-05)
(1.39641e-05 -7.68569e-06 -6.90859e-22 1.90099e-05 -2.428e-22 1.65128e-05)
(1.20634e-05 -6.75124e-06 -2.28297e-22 2.01005e-05 -9.09563e-26 1.59827e-05)
(8.83797e-06 -5.74899e-06 -1.5218e-21 2.21254e-05 4.45189e-23 1.58282e-05)
(1.18819e-05 -4.49549e-06 -1.39525e-22 2.42282e-05 -7.86349e-24 1.74272e-05)
(9.5239e-06 -7.18003e-08 6.63866e-23 9.66393e-06 -8.95823e-23 9.64313e-06)
(9.10952e-06 -1.8106e-07 -5.09387e-22 9.99146e-06 2.93992e-23 9.53468e-06)
(8.33935e-06 -2.92787e-08 2.94046e-22 1.00395e-05 1.76009e-23 9.24272e-06)
(7.53377e-06 1.98794e-08 -1.65709e-22 1.066e-05 -3.22695e-23 9.10334e-06)
(7.02113e-06 4.0637e-07 3.95113e-22 1.10923e-05 9.0088e-23 9.01679e-06)
(5.7715e-06 6.55885e-07 -3.01978e-23 1.18672e-05 -3.53895e-23 9.00462e-06)
(7.34234e-06 6.61109e-07 -2.57441e-24 1.32904e-05 -1.02387e-24 9.82821e-06)
(8.08912e-06 2.82378e-06 6.31229e-23 8.25258e-06 2.59461e-23 8.18025e-06)
(7.8578e-06 2.73477e-06 2.71153e-23 8.37147e-06 7.90562e-24 8.10467e-06)
(7.58049e-06 2.72179e-06 3.12923e-23 8.45815e-06 1.7171e-23 8.03354e-06)
(7.30653e-06 2.66148e-06 -1.65286e-23 8.68969e-06 2.45184e-23 7.97868e-06)
(7.11037e-06 2.60723e-06 -2.50111e-22 8.7593e-06 -1.76426e-23 7.90362e-06)
(6.64619e-06 2.59646e-06 -9.41875e-24 8.95743e-06 -1.67719e-24 7.85799e-06)
(7.04598e-06 2.4177e-06 -1.84751e-26 9.11126e-06 2.64425e-24 7.89612e-06)
(9.45698e-06 3.64964e-06 -8.49674e-24 9.64207e-06 5.34016e-24 9.54888e-06)
(9.24031e-06 3.49611e-06 -3.50235e-23 9.57138e-06 -9.89787e-24 9.40395e-06)
(8.79973e-06 3.27583e-06 4.73031e-25 9.27666e-06 2.15124e-24 9.05184e-06)
(8.51602e-06 3.10643e-06 -2.84219e-23 9.16682e-06 -6.9813e-23 8.84863e-06)
(7.99206e-06 2.71287e-06 -2.48811e-24 8.596e-06 -1.30554e-23 8.29255e-06)
(7.69293e-06 2.63851e-06 -6.03803e-26 8.4208e-06 -6.01987e-24 8.08037e-06)
(7.36778e-06 2.28514e-06 -5.47632e-24 7.8543e-06 -2.85414e-24 7.57116e-06)
(9.68932e-06 3.49214e-06 1.49264e-27 9.78892e-06 -3.74546e-24 9.74054e-06)
(9.57563e-06 3.41e-06 6.50629e-26 9.7298e-06 -9.05287e-24 9.65284e-06)
(8.65114e-06 2.84864e-06 -2.32093e-24 8.82053e-06 6.99914e-24 8.73882e-06)
(8.49308e-06 2.7865e-06 1.8133e-23 8.70075e-06 8.75338e-24 8.596e-06)
(7.42417e-06 2.09952e-06 1.36735e-24 7.5706e-06 1.51509e-26 7.49372e-06)
(6.6571e-06 1.75127e-06 1.65742e-24 6.78341e-06 4.27066e-24 6.72319e-06)
(5.83429e-06 1.34207e-06 2.0786e-24 5.90282e-06 2.36543e-25 5.8625e-06)
(3.71204e-06 6.81155e-07 7.60085e-30 3.71882e-06 -1.02977e-25 3.71544e-06)
(3.4504e-06 5.86355e-07 4.68337e-26 3.45928e-06 1.75321e-26 3.45469e-06)
(2.5883e-06 3.39694e-07 -7.00806e-26 2.59468e-06 -9.35468e-25 2.59148e-06)
(2.27007e-06 2.62335e-07 -3.02099e-26 2.27595e-06 1.46752e-24 2.27299e-06)
(1.61193e-06 1.37529e-07 9.1131e-27 1.61449e-06 1.39449e-26 1.61314e-06)
(1.2626e-06 9.45761e-08 -9.74649e-26 1.264e-06 -1.52451e-26 1.26335e-06)
(1.01947e-06 7.28723e-08 -2.70444e-27 1.02027e-06 2.22837e-26 1.0198e-06)
(2.23817e-07 4.70187e-09 6.60334e-29 2.23834e-07 4.53052e-28 2.23824e-07)
(2.05371e-07 4.37146e-09 -1.59763e-28 2.05398e-07 -1.70522e-28 2.05382e-07)
(1.51037e-07 3.18884e-09 9.56306e-28 1.51062e-07 1.5483e-27 1.51048e-07)
(1.33229e-07 2.88343e-09 8.29246e-29 1.33254e-07 -1.39829e-28 1.33241e-07)
(9.52585e-08 2.05553e-09 -5.44953e-31 9.52691e-08 9.92488e-29 9.52632e-08)
(7.36186e-08 1.53453e-09 2.28542e-30 7.36192e-08 -1.81446e-27 7.36189e-08)
(5.63458e-08 1.16559e-09 -0 5.63463e-08 -0 5.63458e-08)
)
;

boundaryField
{
    topWall
    {
        type            calculated;
        value           nonuniform List<symmTensor> 
40
(
(6.6669e-13 1.69919e-13 -1.70196e-33 6.66644e-13 -1.14472e-33 6.66667e-13)
(6.66485e-13 1.64729e-13 1.74477e-34 6.66815e-13 5.21459e-33 6.66667e-13)
(6.67047e-13 1.48852e-13 2.68514e-33 6.66419e-13 -4.0391e-33 6.66667e-13)
(6.67115e-13 1.3462e-13 7.04809e-33 6.66476e-13 -0 6.66667e-13)
(6.66937e-13 1.29998e-13 -4.10666e-32 6.66742e-13 -1.15856e-30 6.66667e-13)
(6.66835e-13 1.29934e-13 -6.51124e-33 6.66859e-13 1.84143e-32 6.66667e-13)
(6.66702e-13 1.30632e-13 1.07754e-34 6.66971e-13 -0 6.66667e-13)
(6.66705e-13 1.28843e-13 6.53766e-35 6.66887e-13 -0 6.66667e-13)
(6.66702e-13 1.27289e-13 -2.20149e-34 6.66792e-13 -1.07477e-32 6.66667e-13)
(6.66683e-13 1.26133e-13 2.33001e-35 6.66728e-13 1.07451e-32 6.66667e-13)
(6.66666e-13 1.26e-13 2.85044e-34 6.66698e-13 1.08789e-32 6.66667e-13)
(6.66643e-13 1.26093e-13 4.45948e-35 6.66689e-13 -1.08021e-32 6.66667e-13)
(6.66594e-13 1.27801e-13 -5.02107e-34 6.66755e-13 -2.1755e-32 6.66667e-13)
(6.6653e-13 1.32321e-13 3.91593e-33 6.66864e-13 2.06365e-32 6.66667e-13)
(6.66367e-13 1.37444e-13 -1.98001e-32 6.6708e-13 -6.40201e-31 6.66667e-13)
(6.66228e-13 1.42992e-13 -9.43994e-33 6.67225e-13 -0 6.66667e-13)
(6.66161e-13 1.56477e-13 4.95856e-32 6.67273e-13 1.15414e-30 6.66667e-13)
(6.6638e-13 1.65583e-13 2.32467e-33 6.66939e-13 -8.24189e-33 6.66667e-13)
(6.66917e-13 1.80188e-13 5.90517e-32 6.66415e-13 8.94279e-31 6.66667e-13)
(6.67064e-13 1.84781e-13 -9.59735e-33 6.66206e-13 -2.02696e-31 6.66667e-13)
(6.66695e-13 1.70694e-13 1.50799e-32 6.66656e-13 1.75693e-31 6.66667e-13)
(6.66667e-13 1.49624e-13 -4.87901e-32 6.66755e-13 -6.3679e-31 6.66667e-13)
(6.66964e-13 1.32868e-13 -3.13905e-33 6.66585e-13 -0 6.66667e-13)
(6.67001e-13 1.26257e-13 4.47032e-33 6.66645e-13 -5.70451e-33 6.66667e-13)
(6.66855e-13 1.22749e-13 -3.6542e-32 6.6685e-13 -7.60774e-31 6.66667e-13)
(6.66819e-13 1.27532e-13 -2.36148e-32 6.66891e-13 -4.24294e-31 6.66667e-13)
(6.66743e-13 1.24297e-13 -2.9422e-33 6.66903e-13 -4.71332e-35 6.66667e-13)
(6.6669e-13 1.22903e-13 -3.04721e-34 6.66898e-13 -1.46921e-32 6.66667e-13)
(6.66687e-13 1.22257e-13 -8.94544e-35 6.6679e-13 -0 6.66667e-13)
(6.66671e-13 1.21438e-13 -0 6.66725e-13 -0 6.66667e-13)
(6.66651e-13 1.21964e-13 -0 6.66702e-13 -0 6.66667e-13)
(6.66623e-13 1.22663e-13 9.56695e-35 6.66701e-13 -0 6.66667e-13)
(6.66563e-13 1.25339e-13 -6.59185e-34 6.66811e-13 -1.57128e-32 6.66667e-13)
(6.66481e-13 1.31446e-13 1.75483e-33 6.66946e-13 5.88217e-32 6.66667e-13)
(6.66303e-13 1.39181e-13 -4.90836e-33 6.67191e-13 -1.43841e-32 6.66667e-13)
(6.66157e-13 1.47441e-13 4.4548e-32 6.67339e-13 8.39204e-31 6.66667e-13)
(6.65985e-13 1.63972e-13 4.92701e-33 6.67456e-13 -6.03042e-33 6.66667e-13)
(6.66196e-13 1.84375e-13 -5.38811e-35 6.67183e-13 -0 6.66667e-13)
(6.66623e-13 2.04151e-13 3.24988e-34 6.66631e-13 -0 6.66667e-13)
(6.66672e-13 2.46676e-13 -0 6.66588e-13 -0 6.66667e-13)
)
;
    }
    bottomWall
    {
        type            calculated;
        value           nonuniform List<symmTensor> 
40
(
(5.98766e-13 -1.46976e-13 9.19812e-30 7.57929e-13 8.73947e-30 6.66667e-13)
(7.27154e-13 1.74411e-14 -6.72895e-29 6.22979e-13 -8.24507e-29 6.66667e-13)
(7.58719e-13 2.68094e-14 1.34175e-28 5.82388e-13 1.60496e-28 6.66667e-13)
(7.08131e-13 2.36975e-14 -1.02652e-28 6.2638e-13 -1.73871e-28 6.66667e-13)
(6.82701e-13 5.56509e-14 1.77817e-29 6.50698e-13 1.06778e-28 6.66667e-13)
(6.66079e-13 3.84578e-14 -5.98232e-31 6.66921e-13 -2.10049e-32 6.66667e-13)
(6.65932e-13 2.18205e-15 1.97648e-34 6.68118e-13 -2.81849e-34 6.66667e-13)
(6.66106e-13 -3.40376e-14 -2.69967e-35 6.67361e-13 -0 6.66667e-13)
(6.66327e-13 -5.59909e-14 9.9094e-35 6.66887e-13 -5.98993e-33 6.66667e-13)
(6.66452e-13 -6.99687e-14 -1.57924e-36 6.66705e-13 6.84359e-33 6.66667e-13)
(6.66547e-13 -7.8683e-14 -1.56674e-34 6.66628e-13 7.77019e-33 6.66667e-13)
(6.66614e-13 -8.25864e-14 4.86428e-35 6.66614e-13 -8.21103e-33 6.66667e-13)
(6.66672e-13 -8.4099e-14 -3.34981e-34 6.66639e-13 -0 6.66667e-13)
(6.66774e-13 -8.18631e-14 1.35086e-33 6.66704e-13 -7.65772e-32 6.66667e-13)
(6.6682e-13 -6.98345e-14 -4.08122e-31 6.66987e-13 7.59769e-32 6.66667e-13)
(6.84778e-13 -6.33418e-14 1.24822e-29 6.48111e-13 -7.27463e-29 6.66667e-13)
(7.50535e-13 -4.75089e-14 2.72887e-31 5.83285e-13 1.13869e-31 6.66667e-13)
(8.10252e-13 -4.12529e-14 -8.6811e-30 5.24963e-13 -6.75513e-30 6.66667e-13)
(9.92208e-13 -7.82074e-14 -8.77584e-32 3.60918e-13 -7.14893e-32 6.66667e-13)
(8.70596e-13 -4.02049e-13 -8.20075e-30 4.8681e-13 -3.73965e-29 6.66667e-13)
(5.95897e-13 -1.50241e-13 1.42305e-29 7.4991e-13 2.72799e-29 6.66667e-13)
(7.44067e-13 1.98468e-14 5.29367e-31 6.03322e-13 -4.3123e-31 6.66667e-13)
(7.68977e-13 2.99402e-14 8.96102e-29 5.72826e-13 1.01501e-28 6.66667e-13)
(7.11493e-13 2.56595e-14 2.93712e-30 6.23112e-13 -1.79333e-30 6.66667e-13)
(6.83969e-13 6.01804e-14 1.25168e-29 6.49406e-13 7.61417e-29 6.66667e-13)
(6.65943e-13 3.80787e-14 -4.29713e-31 6.67025e-13 -2.36977e-31 6.66667e-13)
(6.65856e-13 -6.3574e-15 1.29362e-33 6.68192e-13 -3.80711e-33 6.66667e-13)
(6.66133e-13 -4.21281e-14 1.23407e-34 6.67181e-13 -3.98177e-34 6.66667e-13)
(6.66371e-13 -6.16793e-14 -1.08133e-34 6.66761e-13 9.54504e-33 6.66667e-13)
(6.66494e-13 -7.34652e-14 -4.51896e-35 6.66626e-13 -0 6.66667e-13)
(6.66582e-13 -7.99812e-14 6.22536e-35 6.66586e-13 -0 6.66667e-13)
(6.66641e-13 -8.23841e-14 -1.7366e-34 6.66596e-13 1.31488e-32 6.66667e-13)
(6.66697e-13 -8.26247e-14 -1.31023e-34 6.66637e-13 2.64528e-34 6.66667e-13)
(6.66798e-13 -7.91048e-14 2.6647e-33 6.66722e-13 -1.47727e-32 6.66667e-13)
(6.66818e-13 -6.60927e-14 -6.56043e-31 6.67027e-13 4.73122e-31 6.66667e-13)
(6.84136e-13 -6.10564e-14 1.97245e-29 6.48746e-13 -1.15634e-28 6.66667e-13)
(7.455e-13 -4.46815e-14 -1.41335e-28 5.8819e-13 2.39356e-28 6.66667e-13)
(8.07119e-13 -4.01381e-14 1.50169e-28 5.28412e-13 -1.74655e-28 6.66667e-13)
(9.59417e-13 -6.93951e-14 -1.21986e-28 3.91113e-13 1.31245e-28 6.66667e-13)
(8.04793e-13 -2.72733e-13 -1.53094e-30 5.39312e-13 -3.62656e-31 6.66667e-13)
)
;
    }
    inlet
    {
        type            calculated;
        value           nonuniform List<symmTensor> 
15
(
(2.5972e-07 -2.67022e-09 1.15329e-25 2.60898e-07 -2.09338e-26 2.59589e-07)
(4.45008e-06 -2.97928e-07 -9.13593e-24 4.50663e-06 -5.21201e-24 4.41243e-06)
(1.70034e-05 -4.69812e-06 -2.0627e-23 1.70235e-05 1.02629e-22 1.60572e-05)
(2.77276e-05 -8.43328e-06 2.85547e-23 2.33518e-05 -5.23451e-25 2.40613e-05)
(3.46249e-05 3.05692e-06 1.12967e-22 1.59677e-05 -3.57329e-22 3.10868e-05)
(3.45201e-05 1.33189e-05 5.76817e-21 1.49342e-05 3.98472e-23 3.55849e-05)
(2.91825e-05 9.01039e-06 -4.42326e-21 2.57831e-05 5.6831e-22 3.55323e-05)
(2.51915e-05 1.76223e-06 5.38323e-22 2.9917e-05 -1.60211e-22 2.83435e-05)
(1.5724e-05 -2.64948e-07 -3.51681e-22 1.78314e-05 1.12324e-23 1.59415e-05)
(8.9229e-06 1.86836e-06 5.36343e-23 1.00126e-05 -2.31842e-23 9.12677e-06)
(7.8654e-06 2.87171e-06 -0 8.28971e-06 9.17292e-25 7.98493e-06)
(8.05978e-06 2.7403e-06 -0 8.13781e-06 1.17819e-25 8.0713e-06)
(6.21778e-06 1.58006e-06 8.99861e-28 6.19924e-06 -4.10643e-26 6.20074e-06)
(1.07692e-06 7.04208e-08 3.16535e-27 1.07595e-06 -7.27792e-28 1.07619e-06)
(5.98857e-08 9.58101e-10 -1.88192e-29 5.98817e-08 7.02275e-30 5.98826e-08)
)
;
    }
    outlet
    {
        type            calculated;
        value           nonuniform List<symmTensor> 
15
(
(2.17099e-07 -4.21053e-09 -2.31668e-31 2.15161e-07 -5.66083e-29 2.17099e-07)
(3.59229e-06 -3.25976e-07 -0 3.42266e-06 -3.66894e-29 3.59229e-06)
(1.32318e-05 -3.43015e-06 -0 1.13569e-05 -0 1.32318e-05)
(1.91503e-05 -5.1383e-06 -0 1.73155e-05 -0 1.91503e-05)
(2.41972e-05 -5.21663e-06 -0 2.18422e-05 6.24469e-27 2.41972e-05)
(2.90747e-05 -7.29937e-06 -0 2.75754e-05 -7.57042e-25 2.90747e-05)
(3.17384e-05 -1.03905e-05 1.45722e-23 3.49988e-05 2.41736e-24 3.17384e-05)
(2.87479e-05 -9.59885e-06 -0 3.61003e-05 4.45538e-24 2.87479e-05)
(1.74272e-05 -4.1565e-06 -6.89992e-23 2.42282e-05 -7.86349e-24 1.74272e-05)
(9.82821e-06 7.15353e-07 -0 1.32904e-05 -1.02387e-24 9.82821e-06)
(7.89612e-06 2.42992e-06 -0 9.11126e-06 2.64425e-24 7.89612e-06)
(7.57116e-06 2.28619e-06 -5.58722e-24 7.8543e-06 -2.85414e-24 7.57116e-06)
(5.8625e-06 1.34214e-06 2.03454e-24 5.90282e-06 2.36543e-25 5.8625e-06)
(1.0198e-06 7.2873e-08 -0 1.02027e-06 2.22837e-26 1.0198e-06)
(5.63458e-08 1.16559e-09 -0 5.63463e-08 -0 5.63458e-08)
)
;
    }
    defaultFaces
    {
        type            empty;
    }
}


// ************************************************************************* //
