/*--------------------------------*- C++ -*----------------------------------*\
| =========                 |                                                 |
| \\      /  F ield         | OpenFOAM: The Open Source CFD Toolbox           |
|  \\    /   O peration     | Version:  2.3.x                                 |
|   \\  /    A nd           | Web:      www.OpenFOAM.org                      |
|    \\/     M anipulation  |                                                 |
\*---------------------------------------------------------------------------*/
FoamFile
{
    version     2.0;
    format      ascii;
    class       labelList;
    note        "nPoints: 6262 nCells: 3000 nFaces: 12130 nInternalFaces: 5870";
    location    "constant/polyMesh";
    object      neighbour;
}
// * * * * * * * * * * * * * * * * * * * * * * * * * * * * * * * * * * * * * //


5870
(
1
17
2
18
3
19
4
20
5
21
6
22
7
23
8
24
9
25
10
26
11
27
12
28
13
29
14
30
15
31
16
32
33
255
18
34
19
35
20
36
21
37
22
38
23
39
24
40
25
41
26
42
27
43
28
44
29
45
30
46
31
47
32
48
33
49
50
271
35
51
36
52
37
53
38
54
39
55
40
56
41
57
42
58
43
59
44
60
45
61
46
62
47
63
48
64
49
65
50
66
67
287
52
68
53
69
54
70
55
71
56
72
57
73
58
74
59
75
60
76
61
77
62
78
63
79
64
80
65
81
66
82
67
83
84
303
69
85
70
86
71
87
72
88
73
89
74
90
75
91
76
92
77
93
78
94
79
95
80
96
81
97
82
98
83
99
84
100
101
319
86
102
87
103
88
104
89
105
90
106
91
107
92
108
93
109
94
110
95
111
96
112
97
113
98
114
99
115
100
116
101
117
118
335
103
119
104
120
105
121
106
122
107
123
108
124
109
125
110
126
111
127
112
128
113
129
114
130
115
131
116
132
117
133
118
134
135
351
120
136
121
137
122
138
123
139
124
140
125
141
126
142
127
143
128
144
129
145
130
146
131
147
132
148
133
149
134
150
135
151
152
367
137
153
138
154
139
155
140
156
141
157
142
158
143
159
144
160
145
161
146
162
147
163
148
164
149
165
150
166
151
167
152
168
169
383
154
170
155
171
156
172
157
173
158
174
159
175
160
176
161
177
162
178
163
179
164
180
165
181
166
182
167
183
168
184
169
185
186
399
171
187
172
188
173
189
174
190
175
191
176
192
177
193
178
194
179
195
180
196
181
197
182
198
183
199
184
200
185
201
186
202
203
415
188
204
189
205
190
206
191
207
192
208
193
209
194
210
195
211
196
212
197
213
198
214
199
215
200
216
201
217
202
218
203
219
220
431
205
221
206
222
207
223
208
224
209
225
210
226
211
227
212
228
213
229
214
230
215
231
216
232
217
233
218
234
219
235
220
236
237
447
222
238
223
239
224
240
225
241
226
242
227
243
228
244
229
245
230
246
231
247
232
248
233
249
234
250
235
251
236
252
237
253
254
463
239
750
240
751
241
752
242
753
243
754
244
755
245
756
246
757
247
758
248
759
249
760
250
761
251
762
252
763
253
764
254
765
479
766
256
271
257
272
258
273
259
274
260
275
261
276
262
277
263
278
264
279
265
280
266
281
267
282
268
283
269
284
270
285
286
495
272
287
273
288
274
289
275
290
276
291
277
292
278
293
279
294
280
295
281
296
282
297
283
298
284
299
285
300
286
301
302
512
288
303
289
304
290
305
291
306
292
307
293
308
294
309
295
310
296
311
297
312
298
313
299
314
300
315
301
316
302
317
318
529
304
319
305
320
306
321
307
322
308
323
309
324
310
325
311
326
312
327
313
328
314
329
315
330
316
331
317
332
318
333
334
546
320
335
321
336
322
337
323
338
324
339
325
340
326
341
327
342
328
343
329
344
330
345
331
346
332
347
333
348
334
349
350
563
336
351
337
352
338
353
339
354
340
355
341
356
342
357
343
358
344
359
345
360
346
361
347
362
348
363
349
364
350
365
366
580
352
367
353
368
354
369
355
370
356
371
357
372
358
373
359
374
360
375
361
376
362
377
363
378
364
379
365
380
366
381
382
597
368
383
369
384
370
385
371
386
372
387
373
388
374
389
375
390
376
391
377
392
378
393
379
394
380
395
381
396
382
397
398
614
384
399
385
400
386
401
387
402
388
403
389
404
390
405
391
406
392
407
393
408
394
409
395
410
396
411
397
412
398
413
414
631
400
415
401
416
402
417
403
418
404
419
405
420
406
421
407
422
408
423
409
424
410
425
411
426
412
427
413
428
414
429
430
648
416
431
417
432
418
433
419
434
420
435
421
436
422
437
423
438
424
439
425
440
426
441
427
442
428
443
429
444
430
445
446
665
432
447
433
448
434
449
435
450
436
451
437
452
438
453
439
454
440
455
441
456
442
457
443
458
444
459
445
460
446
461
462
682
448
463
449
464
450
465
451
466
452
467
453
468
454
469
455
470
456
471
457
472
458
473
459
474
460
475
461
476
462
477
478
699
464
479
465
480
466
481
467
482
468
483
469
484
470
485
471
486
472
487
473
488
474
489
475
490
476
491
477
492
478
493
494
716
480
1005
481
1006
482
1007
483
1008
484
1009
485
1010
486
1011
487
1012
488
1013
489
1014
490
1015
491
1016
492
1017
493
1018
494
1019
733
1020
496
512
497
513
498
514
499
515
500
516
501
517
502
518
503
519
504
520
505
521
506
522
507
523
508
524
509
525
510
526
511
527
528
1500
513
529
514
530
515
531
516
532
517
533
518
534
519
535
520
536
521
537
522
538
523
539
524
540
525
541
526
542
527
543
528
544
545
1517
530
546
531
547
532
548
533
549
534
550
535
551
536
552
537
553
538
554
539
555
540
556
541
557
542
558
543
559
544
560
545
561
562
1534
547
563
548
564
549
565
550
566
551
567
552
568
553
569
554
570
555
571
556
572
557
573
558
574
559
575
560
576
561
577
562
578
579
1551
564
580
565
581
566
582
567
583
568
584
569
585
570
586
571
587
572
588
573
589
574
590
575
591
576
592
577
593
578
594
579
595
596
1568
581
597
582
598
583
599
584
600
585
601
586
602
587
603
588
604
589
605
590
606
591
607
592
608
593
609
594
610
595
611
596
612
613
1585
598
614
599
615
600
616
601
617
602
618
603
619
604
620
605
621
606
622
607
623
608
624
609
625
610
626
611
627
612
628
613
629
630
1602
615
631
616
632
617
633
618
634
619
635
620
636
621
637
622
638
623
639
624
640
625
641
626
642
627
643
628
644
629
645
630
646
647
1619
632
648
633
649
634
650
635
651
636
652
637
653
638
654
639
655
640
656
641
657
642
658
643
659
644
660
645
661
646
662
647
663
664
1636
649
665
650
666
651
667
652
668
653
669
654
670
655
671
656
672
657
673
658
674
659
675
660
676
661
677
662
678
663
679
664
680
681
1653
666
682
667
683
668
684
669
685
670
686
671
687
672
688
673
689
674
690
675
691
676
692
677
693
678
694
679
695
680
696
681
697
698
1670
683
699
684
700
685
701
686
702
687
703
688
704
689
705
690
706
691
707
692
708
693
709
694
710
695
711
696
712
697
713
698
714
715
1687
700
716
701
717
702
718
703
719
704
720
705
721
706
722
707
723
708
724
709
725
710
726
711
727
712
728
713
729
714
730
715
731
732
1704
717
733
718
734
719
735
720
736
721
737
722
738
723
739
724
740
725
741
726
742
727
743
728
744
729
745
730
746
731
747
732
748
749
1721
734
1245
735
1246
736
1247
737
1248
738
1249
739
1250
740
1251
741
1252
742
1253
743
1254
744
1255
745
1256
746
1257
747
1258
748
1259
749
1260
1261
1738
751
767
752
768
753
769
754
770
755
771
756
772
757
773
758
774
759
775
760
776
761
777
762
778
763
779
764
780
765
781
766
782
783
1005
768
784
769
785
770
786
771
787
772
788
773
789
774
790
775
791
776
792
777
793
778
794
779
795
780
796
781
797
782
798
783
799
800
1021
785
801
786
802
787
803
788
804
789
805
790
806
791
807
792
808
793
809
794
810
795
811
796
812
797
813
798
814
799
815
800
816
817
1037
802
818
803
819
804
820
805
821
806
822
807
823
808
824
809
825
810
826
811
827
812
828
813
829
814
830
815
831
816
832
817
833
834
1053
819
835
820
836
821
837
822
838
823
839
824
840
825
841
826
842
827
843
828
844
829
845
830
846
831
847
832
848
833
849
834
850
851
1069
836
852
837
853
838
854
839
855
840
856
841
857
842
858
843
859
844
860
845
861
846
862
847
863
848
864
849
865
850
866
851
867
868
1085
853
869
854
870
855
871
856
872
857
873
858
874
859
875
860
876
861
877
862
878
863
879
864
880
865
881
866
882
867
883
868
884
885
1101
870
886
871
887
872
888
873
889
874
890
875
891
876
892
877
893
878
894
879
895
880
896
881
897
882
898
883
899
884
900
885
901
902
1117
887
903
888
904
889
905
890
906
891
907
892
908
893
909
894
910
895
911
896
912
897
913
898
914
899
915
900
916
901
917
902
918
919
1133
904
920
905
921
906
922
907
923
908
924
909
925
910
926
911
927
912
928
913
929
914
930
915
931
916
932
917
933
918
934
919
935
936
1149
921
937
922
938
923
939
924
940
925
941
926
942
927
943
928
944
929
945
930
946
931
947
932
948
933
949
934
950
935
951
936
952
953
1165
938
954
939
955
940
956
941
957
942
958
943
959
944
960
945
961
946
962
947
963
948
964
949
965
950
966
951
967
952
968
953
969
970
1181
955
971
956
972
957
973
958
974
959
975
960
976
961
977
962
978
963
979
964
980
965
981
966
982
967
983
968
984
969
985
970
986
987
1197
972
988
973
989
974
990
975
991
976
992
977
993
978
994
979
995
980
996
981
997
982
998
983
999
984
1000
985
1001
986
1002
987
1003
1004
1213
989
990
991
992
993
994
995
996
997
998
999
1000
1001
1002
1003
1004
1229
1006
1021
1007
1022
1008
1023
1009
1024
1010
1025
1011
1026
1012
1027
1013
1028
1014
1029
1015
1030
1016
1031
1017
1032
1018
1033
1019
1034
1020
1035
1036
1245
1022
1037
1023
1038
1024
1039
1025
1040
1026
1041
1027
1042
1028
1043
1029
1044
1030
1045
1031
1046
1032
1047
1033
1048
1034
1049
1035
1050
1036
1051
1052
1262
1038
1053
1039
1054
1040
1055
1041
1056
1042
1057
1043
1058
1044
1059
1045
1060
1046
1061
1047
1062
1048
1063
1049
1064
1050
1065
1051
1066
1052
1067
1068
1279
1054
1069
1055
1070
1056
1071
1057
1072
1058
1073
1059
1074
1060
1075
1061
1076
1062
1077
1063
1078
1064
1079
1065
1080
1066
1081
1067
1082
1068
1083
1084
1296
1070
1085
1071
1086
1072
1087
1073
1088
1074
1089
1075
1090
1076
1091
1077
1092
1078
1093
1079
1094
1080
1095
1081
1096
1082
1097
1083
1098
1084
1099
1100
1313
1086
1101
1087
1102
1088
1103
1089
1104
1090
1105
1091
1106
1092
1107
1093
1108
1094
1109
1095
1110
1096
1111
1097
1112
1098
1113
1099
1114
1100
1115
1116
1330
1102
1117
1103
1118
1104
1119
1105
1120
1106
1121
1107
1122
1108
1123
1109
1124
1110
1125
1111
1126
1112
1127
1113
1128
1114
1129
1115
1130
1116
1131
1132
1347
1118
1133
1119
1134
1120
1135
1121
1136
1122
1137
1123
1138
1124
1139
1125
1140
1126
1141
1127
1142
1128
1143
1129
1144
1130
1145
1131
1146
1132
1147
1148
1364
1134
1149
1135
1150
1136
1151
1137
1152
1138
1153
1139
1154
1140
1155
1141
1156
1142
1157
1143
1158
1144
1159
1145
1160
1146
1161
1147
1162
1148
1163
1164
1381
1150
1165
1151
1166
1152
1167
1153
1168
1154
1169
1155
1170
1156
1171
1157
1172
1158
1173
1159
1174
1160
1175
1161
1176
1162
1177
1163
1178
1164
1179
1180
1398
1166
1181
1167
1182
1168
1183
1169
1184
1170
1185
1171
1186
1172
1187
1173
1188
1174
1189
1175
1190
1176
1191
1177
1192
1178
1193
1179
1194
1180
1195
1196
1415
1182
1197
1183
1198
1184
1199
1185
1200
1186
1201
1187
1202
1188
1203
1189
1204
1190
1205
1191
1206
1192
1207
1193
1208
1194
1209
1195
1210
1196
1211
1212
1432
1198
1213
1199
1214
1200
1215
1201
1216
1202
1217
1203
1218
1204
1219
1205
1220
1206
1221
1207
1222
1208
1223
1209
1224
1210
1225
1211
1226
1212
1227
1228
1449
1214
1229
1215
1230
1216
1231
1217
1232
1218
1233
1219
1234
1220
1235
1221
1236
1222
1237
1223
1238
1224
1239
1225
1240
1226
1241
1227
1242
1228
1243
1244
1466
1230
1231
1232
1233
1234
1235
1236
1237
1238
1239
1240
1241
1242
1243
1244
1483
1246
1262
1247
1263
1248
1264
1249
1265
1250
1266
1251
1267
1252
1268
1253
1269
1254
1270
1255
1271
1256
1272
1257
1273
1258
1274
1259
1275
1260
1276
1261
1277
1278
2250
1263
1279
1264
1280
1265
1281
1266
1282
1267
1283
1268
1284
1269
1285
1270
1286
1271
1287
1272
1288
1273
1289
1274
1290
1275
1291
1276
1292
1277
1293
1278
1294
1295
2267
1280
1296
1281
1297
1282
1298
1283
1299
1284
1300
1285
1301
1286
1302
1287
1303
1288
1304
1289
1305
1290
1306
1291
1307
1292
1308
1293
1309
1294
1310
1295
1311
1312
2284
1297
1313
1298
1314
1299
1315
1300
1316
1301
1317
1302
1318
1303
1319
1304
1320
1305
1321
1306
1322
1307
1323
1308
1324
1309
1325
1310
1326
1311
1327
1312
1328
1329
2301
1314
1330
1315
1331
1316
1332
1317
1333
1318
1334
1319
1335
1320
1336
1321
1337
1322
1338
1323
1339
1324
1340
1325
1341
1326
1342
1327
1343
1328
1344
1329
1345
1346
2318
1331
1347
1332
1348
1333
1349
1334
1350
1335
1351
1336
1352
1337
1353
1338
1354
1339
1355
1340
1356
1341
1357
1342
1358
1343
1359
1344
1360
1345
1361
1346
1362
1363
2335
1348
1364
1349
1365
1350
1366
1351
1367
1352
1368
1353
1369
1354
1370
1355
1371
1356
1372
1357
1373
1358
1374
1359
1375
1360
1376
1361
1377
1362
1378
1363
1379
1380
2352
1365
1381
1366
1382
1367
1383
1368
1384
1369
1385
1370
1386
1371
1387
1372
1388
1373
1389
1374
1390
1375
1391
1376
1392
1377
1393
1378
1394
1379
1395
1380
1396
1397
2369
1382
1398
1383
1399
1384
1400
1385
1401
1386
1402
1387
1403
1388
1404
1389
1405
1390
1406
1391
1407
1392
1408
1393
1409
1394
1410
1395
1411
1396
1412
1397
1413
1414
2386
1399
1415
1400
1416
1401
1417
1402
1418
1403
1419
1404
1420
1405
1421
1406
1422
1407
1423
1408
1424
1409
1425
1410
1426
1411
1427
1412
1428
1413
1429
1414
1430
1431
2403
1416
1432
1417
1433
1418
1434
1419
1435
1420
1436
1421
1437
1422
1438
1423
1439
1424
1440
1425
1441
1426
1442
1427
1443
1428
1444
1429
1445
1430
1446
1431
1447
1448
2420
1433
1449
1434
1450
1435
1451
1436
1452
1437
1453
1438
1454
1439
1455
1440
1456
1441
1457
1442
1458
1443
1459
1444
1460
1445
1461
1446
1462
1447
1463
1448
1464
1465
2437
1450
1466
1451
1467
1452
1468
1453
1469
1454
1470
1455
1471
1456
1472
1457
1473
1458
1474
1459
1475
1460
1476
1461
1477
1462
1478
1463
1479
1464
1480
1465
1481
1482
2454
1467
1483
1468
1484
1469
1485
1470
1486
1471
1487
1472
1488
1473
1489
1474
1490
1475
1491
1476
1492
1477
1493
1478
1494
1479
1495
1480
1496
1481
1497
1482
1498
1499
2471
1484
1485
1486
1487
1488
1489
1490
1491
1492
1493
1494
1495
1496
1497
1498
1499
2488
1501
1517
1502
1518
1503
1519
1504
1520
1505
1521
1506
1522
1507
1523
1508
1524
1509
1525
1510
1526
1511
1527
1512
1528
1513
1529
1514
1530
1515
1531
1516
1532
1533
1755
1518
1534
1519
1535
1520
1536
1521
1537
1522
1538
1523
1539
1524
1540
1525
1541
1526
1542
1527
1543
1528
1544
1529
1545
1530
1546
1531
1547
1532
1548
1533
1549
1550
1771
1535
1551
1536
1552
1537
1553
1538
1554
1539
1555
1540
1556
1541
1557
1542
1558
1543
1559
1544
1560
1545
1561
1546
1562
1547
1563
1548
1564
1549
1565
1550
1566
1567
1787
1552
1568
1553
1569
1554
1570
1555
1571
1556
1572
1557
1573
1558
1574
1559
1575
1560
1576
1561
1577
1562
1578
1563
1579
1564
1580
1565
1581
1566
1582
1567
1583
1584
1803
1569
1585
1570
1586
1571
1587
1572
1588
1573
1589
1574
1590
1575
1591
1576
1592
1577
1593
1578
1594
1579
1595
1580
1596
1581
1597
1582
1598
1583
1599
1584
1600
1601
1819
1586
1602
1587
1603
1588
1604
1589
1605
1590
1606
1591
1607
1592
1608
1593
1609
1594
1610
1595
1611
1596
1612
1597
1613
1598
1614
1599
1615
1600
1616
1601
1617
1618
1835
1603
1619
1604
1620
1605
1621
1606
1622
1607
1623
1608
1624
1609
1625
1610
1626
1611
1627
1612
1628
1613
1629
1614
1630
1615
1631
1616
1632
1617
1633
1618
1634
1635
1851
1620
1636
1621
1637
1622
1638
1623
1639
1624
1640
1625
1641
1626
1642
1627
1643
1628
1644
1629
1645
1630
1646
1631
1647
1632
1648
1633
1649
1634
1650
1635
1651
1652
1867
1637
1653
1638
1654
1639
1655
1640
1656
1641
1657
1642
1658
1643
1659
1644
1660
1645
1661
1646
1662
1647
1663
1648
1664
1649
1665
1650
1666
1651
1667
1652
1668
1669
1883
1654
1670
1655
1671
1656
1672
1657
1673
1658
1674
1659
1675
1660
1676
1661
1677
1662
1678
1663
1679
1664
1680
1665
1681
1666
1682
1667
1683
1668
1684
1669
1685
1686
1899
1671
1687
1672
1688
1673
1689
1674
1690
1675
1691
1676
1692
1677
1693
1678
1694
1679
1695
1680
1696
1681
1697
1682
1698
1683
1699
1684
1700
1685
1701
1686
1702
1703
1915
1688
1704
1689
1705
1690
1706
1691
1707
1692
1708
1693
1709
1694
1710
1695
1711
1696
1712
1697
1713
1698
1714
1699
1715
1700
1716
1701
1717
1702
1718
1703
1719
1720
1931
1705
1721
1706
1722
1707
1723
1708
1724
1709
1725
1710
1726
1711
1727
1712
1728
1713
1729
1714
1730
1715
1731
1716
1732
1717
1733
1718
1734
1719
1735
1720
1736
1737
1947
1722
1738
1723
1739
1724
1740
1725
1741
1726
1742
1727
1743
1728
1744
1729
1745
1730
1746
1731
1747
1732
1748
1733
1749
1734
1750
1735
1751
1736
1752
1737
1753
1754
1963
1739
2250
1740
2251
1741
2252
1742
2253
1743
2254
1744
2255
1745
2256
1746
2257
1747
2258
1748
2259
1749
2260
1750
2261
1751
2262
1752
2263
1753
2264
1754
2265
1979
2266
1756
1771
1757
1772
1758
1773
1759
1774
1760
1775
1761
1776
1762
1777
1763
1778
1764
1779
1765
1780
1766
1781
1767
1782
1768
1783
1769
1784
1770
1785
1786
1995
1772
1787
1773
1788
1774
1789
1775
1790
1776
1791
1777
1792
1778
1793
1779
1794
1780
1795
1781
1796
1782
1797
1783
1798
1784
1799
1785
1800
1786
1801
1802
2012
1788
1803
1789
1804
1790
1805
1791
1806
1792
1807
1793
1808
1794
1809
1795
1810
1796
1811
1797
1812
1798
1813
1799
1814
1800
1815
1801
1816
1802
1817
1818
2029
1804
1819
1805
1820
1806
1821
1807
1822
1808
1823
1809
1824
1810
1825
1811
1826
1812
1827
1813
1828
1814
1829
1815
1830
1816
1831
1817
1832
1818
1833
1834
2046
1820
1835
1821
1836
1822
1837
1823
1838
1824
1839
1825
1840
1826
1841
1827
1842
1828
1843
1829
1844
1830
1845
1831
1846
1832
1847
1833
1848
1834
1849
1850
2063
1836
1851
1837
1852
1838
1853
1839
1854
1840
1855
1841
1856
1842
1857
1843
1858
1844
1859
1845
1860
1846
1861
1847
1862
1848
1863
1849
1864
1850
1865
1866
2080
1852
1867
1853
1868
1854
1869
1855
1870
1856
1871
1857
1872
1858
1873
1859
1874
1860
1875
1861
1876
1862
1877
1863
1878
1864
1879
1865
1880
1866
1881
1882
2097
1868
1883
1869
1884
1870
1885
1871
1886
1872
1887
1873
1888
1874
1889
1875
1890
1876
1891
1877
1892
1878
1893
1879
1894
1880
1895
1881
1896
1882
1897
1898
2114
1884
1899
1885
1900
1886
1901
1887
1902
1888
1903
1889
1904
1890
1905
1891
1906
1892
1907
1893
1908
1894
1909
1895
1910
1896
1911
1897
1912
1898
1913
1914
2131
1900
1915
1901
1916
1902
1917
1903
1918
1904
1919
1905
1920
1906
1921
1907
1922
1908
1923
1909
1924
1910
1925
1911
1926
1912
1927
1913
1928
1914
1929
1930
2148
1916
1931
1917
1932
1918
1933
1919
1934
1920
1935
1921
1936
1922
1937
1923
1938
1924
1939
1925
1940
1926
1941
1927
1942
1928
1943
1929
1944
1930
1945
1946
2165
1932
1947
1933
1948
1934
1949
1935
1950
1936
1951
1937
1952
1938
1953
1939
1954
1940
1955
1941
1956
1942
1957
1943
1958
1944
1959
1945
1960
1946
1961
1962
2182
1948
1963
1949
1964
1950
1965
1951
1966
1952
1967
1953
1968
1954
1969
1955
1970
1956
1971
1957
1972
1958
1973
1959
1974
1960
1975
1961
1976
1962
1977
1978
2199
1964
1979
1965
1980
1966
1981
1967
1982
1968
1983
1969
1984
1970
1985
1971
1986
1972
1987
1973
1988
1974
1989
1975
1990
1976
1991
1977
1992
1978
1993
1994
2216
1980
2505
1981
2506
1982
2507
1983
2508
1984
2509
1985
2510
1986
2511
1987
2512
1988
2513
1989
2514
1990
2515
1991
2516
1992
2517
1993
2518
1994
2519
2233
2520
1996
2012
1997
2013
1998
2014
1999
2015
2000
2016
2001
2017
2002
2018
2003
2019
2004
2020
2005
2021
2006
2022
2007
2023
2008
2024
2009
2025
2010
2026
2011
2027
2028
2013
2029
2014
2030
2015
2031
2016
2032
2017
2033
2018
2034
2019
2035
2020
2036
2021
2037
2022
2038
2023
2039
2024
2040
2025
2041
2026
2042
2027
2043
2028
2044
2045
2030
2046
2031
2047
2032
2048
2033
2049
2034
2050
2035
2051
2036
2052
2037
2053
2038
2054
2039
2055
2040
2056
2041
2057
2042
2058
2043
2059
2044
2060
2045
2061
2062
2047
2063
2048
2064
2049
2065
2050
2066
2051
2067
2052
2068
2053
2069
2054
2070
2055
2071
2056
2072
2057
2073
2058
2074
2059
2075
2060
2076
2061
2077
2062
2078
2079
2064
2080
2065
2081
2066
2082
2067
2083
2068
2084
2069
2085
2070
2086
2071
2087
2072
2088
2073
2089
2074
2090
2075
2091
2076
2092
2077
2093
2078
2094
2079
2095
2096
2081
2097
2082
2098
2083
2099
2084
2100
2085
2101
2086
2102
2087
2103
2088
2104
2089
2105
2090
2106
2091
2107
2092
2108
2093
2109
2094
2110
2095
2111
2096
2112
2113
2098
2114
2099
2115
2100
2116
2101
2117
2102
2118
2103
2119
2104
2120
2105
2121
2106
2122
2107
2123
2108
2124
2109
2125
2110
2126
2111
2127
2112
2128
2113
2129
2130
2115
2131
2116
2132
2117
2133
2118
2134
2119
2135
2120
2136
2121
2137
2122
2138
2123
2139
2124
2140
2125
2141
2126
2142
2127
2143
2128
2144
2129
2145
2130
2146
2147
2132
2148
2133
2149
2134
2150
2135
2151
2136
2152
2137
2153
2138
2154
2139
2155
2140
2156
2141
2157
2142
2158
2143
2159
2144
2160
2145
2161
2146
2162
2147
2163
2164
2149
2165
2150
2166
2151
2167
2152
2168
2153
2169
2154
2170
2155
2171
2156
2172
2157
2173
2158
2174
2159
2175
2160
2176
2161
2177
2162
2178
2163
2179
2164
2180
2181
2166
2182
2167
2183
2168
2184
2169
2185
2170
2186
2171
2187
2172
2188
2173
2189
2174
2190
2175
2191
2176
2192
2177
2193
2178
2194
2179
2195
2180
2196
2181
2197
2198
2183
2199
2184
2200
2185
2201
2186
2202
2187
2203
2188
2204
2189
2205
2190
2206
2191
2207
2192
2208
2193
2209
2194
2210
2195
2211
2196
2212
2197
2213
2198
2214
2215
2200
2216
2201
2217
2202
2218
2203
2219
2204
2220
2205
2221
2206
2222
2207
2223
2208
2224
2209
2225
2210
2226
2211
2227
2212
2228
2213
2229
2214
2230
2215
2231
2232
2217
2233
2218
2234
2219
2235
2220
2236
2221
2237
2222
2238
2223
2239
2224
2240
2225
2241
2226
2242
2227
2243
2228
2244
2229
2245
2230
2246
2231
2247
2232
2248
2249
2234
2745
2235
2746
2236
2747
2237
2748
2238
2749
2239
2750
2240
2751
2241
2752
2242
2753
2243
2754
2244
2755
2245
2756
2246
2757
2247
2758
2248
2759
2249
2760
2761
2251
2267
2252
2268
2253
2269
2254
2270
2255
2271
2256
2272
2257
2273
2258
2274
2259
2275
2260
2276
2261
2277
2262
2278
2263
2279
2264
2280
2265
2281
2266
2282
2283
2505
2268
2284
2269
2285
2270
2286
2271
2287
2272
2288
2273
2289
2274
2290
2275
2291
2276
2292
2277
2293
2278
2294
2279
2295
2280
2296
2281
2297
2282
2298
2283
2299
2300
2521
2285
2301
2286
2302
2287
2303
2288
2304
2289
2305
2290
2306
2291
2307
2292
2308
2293
2309
2294
2310
2295
2311
2296
2312
2297
2313
2298
2314
2299
2315
2300
2316
2317
2537
2302
2318
2303
2319
2304
2320
2305
2321
2306
2322
2307
2323
2308
2324
2309
2325
2310
2326
2311
2327
2312
2328
2313
2329
2314
2330
2315
2331
2316
2332
2317
2333
2334
2553
2319
2335
2320
2336
2321
2337
2322
2338
2323
2339
2324
2340
2325
2341
2326
2342
2327
2343
2328
2344
2329
2345
2330
2346
2331
2347
2332
2348
2333
2349
2334
2350
2351
2569
2336
2352
2337
2353
2338
2354
2339
2355
2340
2356
2341
2357
2342
2358
2343
2359
2344
2360
2345
2361
2346
2362
2347
2363
2348
2364
2349
2365
2350
2366
2351
2367
2368
2585
2353
2369
2354
2370
2355
2371
2356
2372
2357
2373
2358
2374
2359
2375
2360
2376
2361
2377
2362
2378
2363
2379
2364
2380
2365
2381
2366
2382
2367
2383
2368
2384
2385
2601
2370
2386
2371
2387
2372
2388
2373
2389
2374
2390
2375
2391
2376
2392
2377
2393
2378
2394
2379
2395
2380
2396
2381
2397
2382
2398
2383
2399
2384
2400
2385
2401
2402
2617
2387
2403
2388
2404
2389
2405
2390
2406
2391
2407
2392
2408
2393
2409
2394
2410
2395
2411
2396
2412
2397
2413
2398
2414
2399
2415
2400
2416
2401
2417
2402
2418
2419
2633
2404
2420
2405
2421
2406
2422
2407
2423
2408
2424
2409
2425
2410
2426
2411
2427
2412
2428
2413
2429
2414
2430
2415
2431
2416
2432
2417
2433
2418
2434
2419
2435
2436
2649
2421
2437
2422
2438
2423
2439
2424
2440
2425
2441
2426
2442
2427
2443
2428
2444
2429
2445
2430
2446
2431
2447
2432
2448
2433
2449
2434
2450
2435
2451
2436
2452
2453
2665
2438
2454
2439
2455
2440
2456
2441
2457
2442
2458
2443
2459
2444
2460
2445
2461
2446
2462
2447
2463
2448
2464
2449
2465
2450
2466
2451
2467
2452
2468
2453
2469
2470
2681
2455
2471
2456
2472
2457
2473
2458
2474
2459
2475
2460
2476
2461
2477
2462
2478
2463
2479
2464
2480
2465
2481
2466
2482
2467
2483
2468
2484
2469
2485
2470
2486
2487
2697
2472
2488
2473
2489
2474
2490
2475
2491
2476
2492
2477
2493
2478
2494
2479
2495
2480
2496
2481
2497
2482
2498
2483
2499
2484
2500
2485
2501
2486
2502
2487
2503
2504
2713
2489
2490
2491
2492
2493
2494
2495
2496
2497
2498
2499
2500
2501
2502
2503
2504
2729
2506
2521
2507
2522
2508
2523
2509
2524
2510
2525
2511
2526
2512
2527
2513
2528
2514
2529
2515
2530
2516
2531
2517
2532
2518
2533
2519
2534
2520
2535
2536
2745
2522
2537
2523
2538
2524
2539
2525
2540
2526
2541
2527
2542
2528
2543
2529
2544
2530
2545
2531
2546
2532
2547
2533
2548
2534
2549
2535
2550
2536
2551
2552
2762
2538
2553
2539
2554
2540
2555
2541
2556
2542
2557
2543
2558
2544
2559
2545
2560
2546
2561
2547
2562
2548
2563
2549
2564
2550
2565
2551
2566
2552
2567
2568
2779
2554
2569
2555
2570
2556
2571
2557
2572
2558
2573
2559
2574
2560
2575
2561
2576
2562
2577
2563
2578
2564
2579
2565
2580
2566
2581
2567
2582
2568
2583
2584
2796
2570
2585
2571
2586
2572
2587
2573
2588
2574
2589
2575
2590
2576
2591
2577
2592
2578
2593
2579
2594
2580
2595
2581
2596
2582
2597
2583
2598
2584
2599
2600
2813
2586
2601
2587
2602
2588
2603
2589
2604
2590
2605
2591
2606
2592
2607
2593
2608
2594
2609
2595
2610
2596
2611
2597
2612
2598
2613
2599
2614
2600
2615
2616
2830
2602
2617
2603
2618
2604
2619
2605
2620
2606
2621
2607
2622
2608
2623
2609
2624
2610
2625
2611
2626
2612
2627
2613
2628
2614
2629
2615
2630
2616
2631
2632
2847
2618
2633
2619
2634
2620
2635
2621
2636
2622
2637
2623
2638
2624
2639
2625
2640
2626
2641
2627
2642
2628
2643
2629
2644
2630
2645
2631
2646
2632
2647
2648
2864
2634
2649
2635
2650
2636
2651
2637
2652
2638
2653
2639
2654
2640
2655
2641
2656
2642
2657
2643
2658
2644
2659
2645
2660
2646
2661
2647
2662
2648
2663
2664
2881
2650
2665
2651
2666
2652
2667
2653
2668
2654
2669
2655
2670
2656
2671
2657
2672
2658
2673
2659
2674
2660
2675
2661
2676
2662
2677
2663
2678
2664
2679
2680
2898
2666
2681
2667
2682
2668
2683
2669
2684
2670
2685
2671
2686
2672
2687
2673
2688
2674
2689
2675
2690
2676
2691
2677
2692
2678
2693
2679
2694
2680
2695
2696
2915
2682
2697
2683
2698
2684
2699
2685
2700
2686
2701
2687
2702
2688
2703
2689
2704
2690
2705
2691
2706
2692
2707
2693
2708
2694
2709
2695
2710
2696
2711
2712
2932
2698
2713
2699
2714
2700
2715
2701
2716
2702
2717
2703
2718
2704
2719
2705
2720
2706
2721
2707
2722
2708
2723
2709
2724
2710
2725
2711
2726
2712
2727
2728
2949
2714
2729
2715
2730
2716
2731
2717
2732
2718
2733
2719
2734
2720
2735
2721
2736
2722
2737
2723
2738
2724
2739
2725
2740
2726
2741
2727
2742
2728
2743
2744
2966
2730
2731
2732
2733
2734
2735
2736
2737
2738
2739
2740
2741
2742
2743
2744
2983
2746
2762
2747
2763
2748
2764
2749
2765
2750
2766
2751
2767
2752
2768
2753
2769
2754
2770
2755
2771
2756
2772
2757
2773
2758
2774
2759
2775
2760
2776
2761
2777
2778
2763
2779
2764
2780
2765
2781
2766
2782
2767
2783
2768
2784
2769
2785
2770
2786
2771
2787
2772
2788
2773
2789
2774
2790
2775
2791
2776
2792
2777
2793
2778
2794
2795
2780
2796
2781
2797
2782
2798
2783
2799
2784
2800
2785
2801
2786
2802
2787
2803
2788
2804
2789
2805
2790
2806
2791
2807
2792
2808
2793
2809
2794
2810
2795
2811
2812
2797
2813
2798
2814
2799
2815
2800
2816
2801
2817
2802
2818
2803
2819
2804
2820
2805
2821
2806
2822
2807
2823
2808
2824
2809
2825
2810
2826
2811
2827
2812
2828
2829
2814
2830
2815
2831
2816
2832
2817
2833
2818
2834
2819
2835
2820
2836
2821
2837
2822
2838
2823
2839
2824
2840
2825
2841
2826
2842
2827
2843
2828
2844
2829
2845
2846
2831
2847
2832
2848
2833
2849
2834
2850
2835
2851
2836
2852
2837
2853
2838
2854
2839
2855
2840
2856
2841
2857
2842
2858
2843
2859
2844
2860
2845
2861
2846
2862
2863
2848
2864
2849
2865
2850
2866
2851
2867
2852
2868
2853
2869
2854
2870
2855
2871
2856
2872
2857
2873
2858
2874
2859
2875
2860
2876
2861
2877
2862
2878
2863
2879
2880
2865
2881
2866
2882
2867
2883
2868
2884
2869
2885
2870
2886
2871
2887
2872
2888
2873
2889
2874
2890
2875
2891
2876
2892
2877
2893
2878
2894
2879
2895
2880
2896
2897
2882
2898
2883
2899
2884
2900
2885
2901
2886
2902
2887
2903
2888
2904
2889
2905
2890
2906
2891
2907
2892
2908
2893
2909
2894
2910
2895
2911
2896
2912
2897
2913
2914
2899
2915
2900
2916
2901
2917
2902
2918
2903
2919
2904
2920
2905
2921
2906
2922
2907
2923
2908
2924
2909
2925
2910
2926
2911
2927
2912
2928
2913
2929
2914
2930
2931
2916
2932
2917
2933
2918
2934
2919
2935
2920
2936
2921
2937
2922
2938
2923
2939
2924
2940
2925
2941
2926
2942
2927
2943
2928
2944
2929
2945
2930
2946
2931
2947
2948
2933
2949
2934
2950
2935
2951
2936
2952
2937
2953
2938
2954
2939
2955
2940
2956
2941
2957
2942
2958
2943
2959
2944
2960
2945
2961
2946
2962
2947
2963
2948
2964
2965
2950
2966
2951
2967
2952
2968
2953
2969
2954
2970
2955
2971
2956
2972
2957
2973
2958
2974
2959
2975
2960
2976
2961
2977
2962
2978
2963
2979
2964
2980
2965
2981
2982
2967
2983
2968
2984
2969
2985
2970
2986
2971
2987
2972
2988
2973
2989
2974
2990
2975
2991
2976
2992
2977
2993
2978
2994
2979
2995
2980
2996
2981
2997
2982
2998
2999
2984
2985
2986
2987
2988
2989
2990
2991
2992
2993
2994
2995
2996
2997
2998
2999
)


// ************************************************************************* //
