/*--------------------------------*- C++ -*----------------------------------*\
| =========                 |                                                 |
| \\      /  F ield         | OpenFOAM: The Open Source CFD Toolbox           |
|  \\    /   O peration     | Version:  2.3.x                                 |
|   \\  /    A nd           | Web:      www.OpenFOAM.org                      |
|    \\/     M anipulation  |                                                 |
\*---------------------------------------------------------------------------*/
FoamFile
{
    version     2.0;
    format      ascii;
    class       labelList;
    note        "nPoints: 6262 nCells: 3000 nFaces: 12130 nInternalFaces: 5870";
    location    "constant/polyMesh";
    object      owner;
}
// * * * * * * * * * * * * * * * * * * * * * * * * * * * * * * * * * * * * * //


12130
(
0
0
1
1
2
2
3
3
4
4
5
5
6
6
7
7
8
8
9
9
10
10
11
11
12
12
13
13
14
14
15
15
16
16
17
17
18
18
19
19
20
20
21
21
22
22
23
23
24
24
25
25
26
26
27
27
28
28
29
29
30
30
31
31
32
32
33
33
34
34
35
35
36
36
37
37
38
38
39
39
40
40
41
41
42
42
43
43
44
44
45
45
46
46
47
47
48
48
49
49
50
50
51
51
52
52
53
53
54
54
55
55
56
56
57
57
58
58
59
59
60
60
61
61
62
62
63
63
64
64
65
65
66
66
67
67
68
68
69
69
70
70
71
71
72
72
73
73
74
74
75
75
76
76
77
77
78
78
79
79
80
80
81
81
82
82
83
83
84
84
85
85
86
86
87
87
88
88
89
89
90
90
91
91
92
92
93
93
94
94
95
95
96
96
97
97
98
98
99
99
100
100
101
101
102
102
103
103
104
104
105
105
106
106
107
107
108
108
109
109
110
110
111
111
112
112
113
113
114
114
115
115
116
116
117
117
118
118
119
119
120
120
121
121
122
122
123
123
124
124
125
125
126
126
127
127
128
128
129
129
130
130
131
131
132
132
133
133
134
134
135
135
136
136
137
137
138
138
139
139
140
140
141
141
142
142
143
143
144
144
145
145
146
146
147
147
148
148
149
149
150
150
151
151
152
152
153
153
154
154
155
155
156
156
157
157
158
158
159
159
160
160
161
161
162
162
163
163
164
164
165
165
166
166
167
167
168
168
169
169
170
170
171
171
172
172
173
173
174
174
175
175
176
176
177
177
178
178
179
179
180
180
181
181
182
182
183
183
184
184
185
185
186
186
187
187
188
188
189
189
190
190
191
191
192
192
193
193
194
194
195
195
196
196
197
197
198
198
199
199
200
200
201
201
202
202
203
203
204
204
205
205
206
206
207
207
208
208
209
209
210
210
211
211
212
212
213
213
214
214
215
215
216
216
217
217
218
218
219
219
220
220
221
221
222
222
223
223
224
224
225
225
226
226
227
227
228
228
229
229
230
230
231
231
232
232
233
233
234
234
235
235
236
236
237
237
238
238
239
239
240
240
241
241
242
242
243
243
244
244
245
245
246
246
247
247
248
248
249
249
250
250
251
251
252
252
253
253
254
254
255
255
256
256
257
257
258
258
259
259
260
260
261
261
262
262
263
263
264
264
265
265
266
266
267
267
268
268
269
269
270
270
271
271
272
272
273
273
274
274
275
275
276
276
277
277
278
278
279
279
280
280
281
281
282
282
283
283
284
284
285
285
286
286
287
287
288
288
289
289
290
290
291
291
292
292
293
293
294
294
295
295
296
296
297
297
298
298
299
299
300
300
301
301
302
302
303
303
304
304
305
305
306
306
307
307
308
308
309
309
310
310
311
311
312
312
313
313
314
314
315
315
316
316
317
317
318
318
319
319
320
320
321
321
322
322
323
323
324
324
325
325
326
326
327
327
328
328
329
329
330
330
331
331
332
332
333
333
334
334
335
335
336
336
337
337
338
338
339
339
340
340
341
341
342
342
343
343
344
344
345
345
346
346
347
347
348
348
349
349
350
350
351
351
352
352
353
353
354
354
355
355
356
356
357
357
358
358
359
359
360
360
361
361
362
362
363
363
364
364
365
365
366
366
367
367
368
368
369
369
370
370
371
371
372
372
373
373
374
374
375
375
376
376
377
377
378
378
379
379
380
380
381
381
382
382
383
383
384
384
385
385
386
386
387
387
388
388
389
389
390
390
391
391
392
392
393
393
394
394
395
395
396
396
397
397
398
398
399
399
400
400
401
401
402
402
403
403
404
404
405
405
406
406
407
407
408
408
409
409
410
410
411
411
412
412
413
413
414
414
415
415
416
416
417
417
418
418
419
419
420
420
421
421
422
422
423
423
424
424
425
425
426
426
427
427
428
428
429
429
430
430
431
431
432
432
433
433
434
434
435
435
436
436
437
437
438
438
439
439
440
440
441
441
442
442
443
443
444
444
445
445
446
446
447
447
448
448
449
449
450
450
451
451
452
452
453
453
454
454
455
455
456
456
457
457
458
458
459
459
460
460
461
461
462
462
463
463
464
464
465
465
466
466
467
467
468
468
469
469
470
470
471
471
472
472
473
473
474
474
475
475
476
476
477
477
478
478
479
479
480
480
481
481
482
482
483
483
484
484
485
485
486
486
487
487
488
488
489
489
490
490
491
491
492
492
493
493
494
494
495
495
496
496
497
497
498
498
499
499
500
500
501
501
502
502
503
503
504
504
505
505
506
506
507
507
508
508
509
509
510
510
511
511
512
512
513
513
514
514
515
515
516
516
517
517
518
518
519
519
520
520
521
521
522
522
523
523
524
524
525
525
526
526
527
527
528
528
529
529
530
530
531
531
532
532
533
533
534
534
535
535
536
536
537
537
538
538
539
539
540
540
541
541
542
542
543
543
544
544
545
545
546
546
547
547
548
548
549
549
550
550
551
551
552
552
553
553
554
554
555
555
556
556
557
557
558
558
559
559
560
560
561
561
562
562
563
563
564
564
565
565
566
566
567
567
568
568
569
569
570
570
571
571
572
572
573
573
574
574
575
575
576
576
577
577
578
578
579
579
580
580
581
581
582
582
583
583
584
584
585
585
586
586
587
587
588
588
589
589
590
590
591
591
592
592
593
593
594
594
595
595
596
596
597
597
598
598
599
599
600
600
601
601
602
602
603
603
604
604
605
605
606
606
607
607
608
608
609
609
610
610
611
611
612
612
613
613
614
614
615
615
616
616
617
617
618
618
619
619
620
620
621
621
622
622
623
623
624
624
625
625
626
626
627
627
628
628
629
629
630
630
631
631
632
632
633
633
634
634
635
635
636
636
637
637
638
638
639
639
640
640
641
641
642
642
643
643
644
644
645
645
646
646
647
647
648
648
649
649
650
650
651
651
652
652
653
653
654
654
655
655
656
656
657
657
658
658
659
659
660
660
661
661
662
662
663
663
664
664
665
665
666
666
667
667
668
668
669
669
670
670
671
671
672
672
673
673
674
674
675
675
676
676
677
677
678
678
679
679
680
680
681
681
682
682
683
683
684
684
685
685
686
686
687
687
688
688
689
689
690
690
691
691
692
692
693
693
694
694
695
695
696
696
697
697
698
698
699
699
700
700
701
701
702
702
703
703
704
704
705
705
706
706
707
707
708
708
709
709
710
710
711
711
712
712
713
713
714
714
715
715
716
716
717
717
718
718
719
719
720
720
721
721
722
722
723
723
724
724
725
725
726
726
727
727
728
728
729
729
730
730
731
731
732
732
733
733
734
734
735
735
736
736
737
737
738
738
739
739
740
740
741
741
742
742
743
743
744
744
745
745
746
746
747
747
748
748
749
749
750
750
751
751
752
752
753
753
754
754
755
755
756
756
757
757
758
758
759
759
760
760
761
761
762
762
763
763
764
764
765
765
766
766
767
767
768
768
769
769
770
770
771
771
772
772
773
773
774
774
775
775
776
776
777
777
778
778
779
779
780
780
781
781
782
782
783
783
784
784
785
785
786
786
787
787
788
788
789
789
790
790
791
791
792
792
793
793
794
794
795
795
796
796
797
797
798
798
799
799
800
800
801
801
802
802
803
803
804
804
805
805
806
806
807
807
808
808
809
809
810
810
811
811
812
812
813
813
814
814
815
815
816
816
817
817
818
818
819
819
820
820
821
821
822
822
823
823
824
824
825
825
826
826
827
827
828
828
829
829
830
830
831
831
832
832
833
833
834
834
835
835
836
836
837
837
838
838
839
839
840
840
841
841
842
842
843
843
844
844
845
845
846
846
847
847
848
848
849
849
850
850
851
851
852
852
853
853
854
854
855
855
856
856
857
857
858
858
859
859
860
860
861
861
862
862
863
863
864
864
865
865
866
866
867
867
868
868
869
869
870
870
871
871
872
872
873
873
874
874
875
875
876
876
877
877
878
878
879
879
880
880
881
881
882
882
883
883
884
884
885
885
886
886
887
887
888
888
889
889
890
890
891
891
892
892
893
893
894
894
895
895
896
896
897
897
898
898
899
899
900
900
901
901
902
902
903
903
904
904
905
905
906
906
907
907
908
908
909
909
910
910
911
911
912
912
913
913
914
914
915
915
916
916
917
917
918
918
919
919
920
920
921
921
922
922
923
923
924
924
925
925
926
926
927
927
928
928
929
929
930
930
931
931
932
932
933
933
934
934
935
935
936
936
937
937
938
938
939
939
940
940
941
941
942
942
943
943
944
944
945
945
946
946
947
947
948
948
949
949
950
950
951
951
952
952
953
953
954
954
955
955
956
956
957
957
958
958
959
959
960
960
961
961
962
962
963
963
964
964
965
965
966
966
967
967
968
968
969
969
970
970
971
971
972
972
973
973
974
974
975
975
976
976
977
977
978
978
979
979
980
980
981
981
982
982
983
983
984
984
985
985
986
986
987
987
988
989
990
991
992
993
994
995
996
997
998
999
1000
1001
1002
1003
1004
1005
1005
1006
1006
1007
1007
1008
1008
1009
1009
1010
1010
1011
1011
1012
1012
1013
1013
1014
1014
1015
1015
1016
1016
1017
1017
1018
1018
1019
1019
1020
1020
1021
1021
1022
1022
1023
1023
1024
1024
1025
1025
1026
1026
1027
1027
1028
1028
1029
1029
1030
1030
1031
1031
1032
1032
1033
1033
1034
1034
1035
1035
1036
1036
1037
1037
1038
1038
1039
1039
1040
1040
1041
1041
1042
1042
1043
1043
1044
1044
1045
1045
1046
1046
1047
1047
1048
1048
1049
1049
1050
1050
1051
1051
1052
1052
1053
1053
1054
1054
1055
1055
1056
1056
1057
1057
1058
1058
1059
1059
1060
1060
1061
1061
1062
1062
1063
1063
1064
1064
1065
1065
1066
1066
1067
1067
1068
1068
1069
1069
1070
1070
1071
1071
1072
1072
1073
1073
1074
1074
1075
1075
1076
1076
1077
1077
1078
1078
1079
1079
1080
1080
1081
1081
1082
1082
1083
1083
1084
1084
1085
1085
1086
1086
1087
1087
1088
1088
1089
1089
1090
1090
1091
1091
1092
1092
1093
1093
1094
1094
1095
1095
1096
1096
1097
1097
1098
1098
1099
1099
1100
1100
1101
1101
1102
1102
1103
1103
1104
1104
1105
1105
1106
1106
1107
1107
1108
1108
1109
1109
1110
1110
1111
1111
1112
1112
1113
1113
1114
1114
1115
1115
1116
1116
1117
1117
1118
1118
1119
1119
1120
1120
1121
1121
1122
1122
1123
1123
1124
1124
1125
1125
1126
1126
1127
1127
1128
1128
1129
1129
1130
1130
1131
1131
1132
1132
1133
1133
1134
1134
1135
1135
1136
1136
1137
1137
1138
1138
1139
1139
1140
1140
1141
1141
1142
1142
1143
1143
1144
1144
1145
1145
1146
1146
1147
1147
1148
1148
1149
1149
1150
1150
1151
1151
1152
1152
1153
1153
1154
1154
1155
1155
1156
1156
1157
1157
1158
1158
1159
1159
1160
1160
1161
1161
1162
1162
1163
1163
1164
1164
1165
1165
1166
1166
1167
1167
1168
1168
1169
1169
1170
1170
1171
1171
1172
1172
1173
1173
1174
1174
1175
1175
1176
1176
1177
1177
1178
1178
1179
1179
1180
1180
1181
1181
1182
1182
1183
1183
1184
1184
1185
1185
1186
1186
1187
1187
1188
1188
1189
1189
1190
1190
1191
1191
1192
1192
1193
1193
1194
1194
1195
1195
1196
1196
1197
1197
1198
1198
1199
1199
1200
1200
1201
1201
1202
1202
1203
1203
1204
1204
1205
1205
1206
1206
1207
1207
1208
1208
1209
1209
1210
1210
1211
1211
1212
1212
1213
1213
1214
1214
1215
1215
1216
1216
1217
1217
1218
1218
1219
1219
1220
1220
1221
1221
1222
1222
1223
1223
1224
1224
1225
1225
1226
1226
1227
1227
1228
1228
1229
1230
1231
1232
1233
1234
1235
1236
1237
1238
1239
1240
1241
1242
1243
1244
1245
1245
1246
1246
1247
1247
1248
1248
1249
1249
1250
1250
1251
1251
1252
1252
1253
1253
1254
1254
1255
1255
1256
1256
1257
1257
1258
1258
1259
1259
1260
1260
1261
1261
1262
1262
1263
1263
1264
1264
1265
1265
1266
1266
1267
1267
1268
1268
1269
1269
1270
1270
1271
1271
1272
1272
1273
1273
1274
1274
1275
1275
1276
1276
1277
1277
1278
1278
1279
1279
1280
1280
1281
1281
1282
1282
1283
1283
1284
1284
1285
1285
1286
1286
1287
1287
1288
1288
1289
1289
1290
1290
1291
1291
1292
1292
1293
1293
1294
1294
1295
1295
1296
1296
1297
1297
1298
1298
1299
1299
1300
1300
1301
1301
1302
1302
1303
1303
1304
1304
1305
1305
1306
1306
1307
1307
1308
1308
1309
1309
1310
1310
1311
1311
1312
1312
1313
1313
1314
1314
1315
1315
1316
1316
1317
1317
1318
1318
1319
1319
1320
1320
1321
1321
1322
1322
1323
1323
1324
1324
1325
1325
1326
1326
1327
1327
1328
1328
1329
1329
1330
1330
1331
1331
1332
1332
1333
1333
1334
1334
1335
1335
1336
1336
1337
1337
1338
1338
1339
1339
1340
1340
1341
1341
1342
1342
1343
1343
1344
1344
1345
1345
1346
1346
1347
1347
1348
1348
1349
1349
1350
1350
1351
1351
1352
1352
1353
1353
1354
1354
1355
1355
1356
1356
1357
1357
1358
1358
1359
1359
1360
1360
1361
1361
1362
1362
1363
1363
1364
1364
1365
1365
1366
1366
1367
1367
1368
1368
1369
1369
1370
1370
1371
1371
1372
1372
1373
1373
1374
1374
1375
1375
1376
1376
1377
1377
1378
1378
1379
1379
1380
1380
1381
1381
1382
1382
1383
1383
1384
1384
1385
1385
1386
1386
1387
1387
1388
1388
1389
1389
1390
1390
1391
1391
1392
1392
1393
1393
1394
1394
1395
1395
1396
1396
1397
1397
1398
1398
1399
1399
1400
1400
1401
1401
1402
1402
1403
1403
1404
1404
1405
1405
1406
1406
1407
1407
1408
1408
1409
1409
1410
1410
1411
1411
1412
1412
1413
1413
1414
1414
1415
1415
1416
1416
1417
1417
1418
1418
1419
1419
1420
1420
1421
1421
1422
1422
1423
1423
1424
1424
1425
1425
1426
1426
1427
1427
1428
1428
1429
1429
1430
1430
1431
1431
1432
1432
1433
1433
1434
1434
1435
1435
1436
1436
1437
1437
1438
1438
1439
1439
1440
1440
1441
1441
1442
1442
1443
1443
1444
1444
1445
1445
1446
1446
1447
1447
1448
1448
1449
1449
1450
1450
1451
1451
1452
1452
1453
1453
1454
1454
1455
1455
1456
1456
1457
1457
1458
1458
1459
1459
1460
1460
1461
1461
1462
1462
1463
1463
1464
1464
1465
1465
1466
1466
1467
1467
1468
1468
1469
1469
1470
1470
1471
1471
1472
1472
1473
1473
1474
1474
1475
1475
1476
1476
1477
1477
1478
1478
1479
1479
1480
1480
1481
1481
1482
1482
1483
1484
1485
1486
1487
1488
1489
1490
1491
1492
1493
1494
1495
1496
1497
1498
1499
1500
1500
1501
1501
1502
1502
1503
1503
1504
1504
1505
1505
1506
1506
1507
1507
1508
1508
1509
1509
1510
1510
1511
1511
1512
1512
1513
1513
1514
1514
1515
1515
1516
1516
1517
1517
1518
1518
1519
1519
1520
1520
1521
1521
1522
1522
1523
1523
1524
1524
1525
1525
1526
1526
1527
1527
1528
1528
1529
1529
1530
1530
1531
1531
1532
1532
1533
1533
1534
1534
1535
1535
1536
1536
1537
1537
1538
1538
1539
1539
1540
1540
1541
1541
1542
1542
1543
1543
1544
1544
1545
1545
1546
1546
1547
1547
1548
1548
1549
1549
1550
1550
1551
1551
1552
1552
1553
1553
1554
1554
1555
1555
1556
1556
1557
1557
1558
1558
1559
1559
1560
1560
1561
1561
1562
1562
1563
1563
1564
1564
1565
1565
1566
1566
1567
1567
1568
1568
1569
1569
1570
1570
1571
1571
1572
1572
1573
1573
1574
1574
1575
1575
1576
1576
1577
1577
1578
1578
1579
1579
1580
1580
1581
1581
1582
1582
1583
1583
1584
1584
1585
1585
1586
1586
1587
1587
1588
1588
1589
1589
1590
1590
1591
1591
1592
1592
1593
1593
1594
1594
1595
1595
1596
1596
1597
1597
1598
1598
1599
1599
1600
1600
1601
1601
1602
1602
1603
1603
1604
1604
1605
1605
1606
1606
1607
1607
1608
1608
1609
1609
1610
1610
1611
1611
1612
1612
1613
1613
1614
1614
1615
1615
1616
1616
1617
1617
1618
1618
1619
1619
1620
1620
1621
1621
1622
1622
1623
1623
1624
1624
1625
1625
1626
1626
1627
1627
1628
1628
1629
1629
1630
1630
1631
1631
1632
1632
1633
1633
1634
1634
1635
1635
1636
1636
1637
1637
1638
1638
1639
1639
1640
1640
1641
1641
1642
1642
1643
1643
1644
1644
1645
1645
1646
1646
1647
1647
1648
1648
1649
1649
1650
1650
1651
1651
1652
1652
1653
1653
1654
1654
1655
1655
1656
1656
1657
1657
1658
1658
1659
1659
1660
1660
1661
1661
1662
1662
1663
1663
1664
1664
1665
1665
1666
1666
1667
1667
1668
1668
1669
1669
1670
1670
1671
1671
1672
1672
1673
1673
1674
1674
1675
1675
1676
1676
1677
1677
1678
1678
1679
1679
1680
1680
1681
1681
1682
1682
1683
1683
1684
1684
1685
1685
1686
1686
1687
1687
1688
1688
1689
1689
1690
1690
1691
1691
1692
1692
1693
1693
1694
1694
1695
1695
1696
1696
1697
1697
1698
1698
1699
1699
1700
1700
1701
1701
1702
1702
1703
1703
1704
1704
1705
1705
1706
1706
1707
1707
1708
1708
1709
1709
1710
1710
1711
1711
1712
1712
1713
1713
1714
1714
1715
1715
1716
1716
1717
1717
1718
1718
1719
1719
1720
1720
1721
1721
1722
1722
1723
1723
1724
1724
1725
1725
1726
1726
1727
1727
1728
1728
1729
1729
1730
1730
1731
1731
1732
1732
1733
1733
1734
1734
1735
1735
1736
1736
1737
1737
1738
1738
1739
1739
1740
1740
1741
1741
1742
1742
1743
1743
1744
1744
1745
1745
1746
1746
1747
1747
1748
1748
1749
1749
1750
1750
1751
1751
1752
1752
1753
1753
1754
1754
1755
1755
1756
1756
1757
1757
1758
1758
1759
1759
1760
1760
1761
1761
1762
1762
1763
1763
1764
1764
1765
1765
1766
1766
1767
1767
1768
1768
1769
1769
1770
1770
1771
1771
1772
1772
1773
1773
1774
1774
1775
1775
1776
1776
1777
1777
1778
1778
1779
1779
1780
1780
1781
1781
1782
1782
1783
1783
1784
1784
1785
1785
1786
1786
1787
1787
1788
1788
1789
1789
1790
1790
1791
1791
1792
1792
1793
1793
1794
1794
1795
1795
1796
1796
1797
1797
1798
1798
1799
1799
1800
1800
1801
1801
1802
1802
1803
1803
1804
1804
1805
1805
1806
1806
1807
1807
1808
1808
1809
1809
1810
1810
1811
1811
1812
1812
1813
1813
1814
1814
1815
1815
1816
1816
1817
1817
1818
1818
1819
1819
1820
1820
1821
1821
1822
1822
1823
1823
1824
1824
1825
1825
1826
1826
1827
1827
1828
1828
1829
1829
1830
1830
1831
1831
1832
1832
1833
1833
1834
1834
1835
1835
1836
1836
1837
1837
1838
1838
1839
1839
1840
1840
1841
1841
1842
1842
1843
1843
1844
1844
1845
1845
1846
1846
1847
1847
1848
1848
1849
1849
1850
1850
1851
1851
1852
1852
1853
1853
1854
1854
1855
1855
1856
1856
1857
1857
1858
1858
1859
1859
1860
1860
1861
1861
1862
1862
1863
1863
1864
1864
1865
1865
1866
1866
1867
1867
1868
1868
1869
1869
1870
1870
1871
1871
1872
1872
1873
1873
1874
1874
1875
1875
1876
1876
1877
1877
1878
1878
1879
1879
1880
1880
1881
1881
1882
1882
1883
1883
1884
1884
1885
1885
1886
1886
1887
1887
1888
1888
1889
1889
1890
1890
1891
1891
1892
1892
1893
1893
1894
1894
1895
1895
1896
1896
1897
1897
1898
1898
1899
1899
1900
1900
1901
1901
1902
1902
1903
1903
1904
1904
1905
1905
1906
1906
1907
1907
1908
1908
1909
1909
1910
1910
1911
1911
1912
1912
1913
1913
1914
1914
1915
1915
1916
1916
1917
1917
1918
1918
1919
1919
1920
1920
1921
1921
1922
1922
1923
1923
1924
1924
1925
1925
1926
1926
1927
1927
1928
1928
1929
1929
1930
1930
1931
1931
1932
1932
1933
1933
1934
1934
1935
1935
1936
1936
1937
1937
1938
1938
1939
1939
1940
1940
1941
1941
1942
1942
1943
1943
1944
1944
1945
1945
1946
1946
1947
1947
1948
1948
1949
1949
1950
1950
1951
1951
1952
1952
1953
1953
1954
1954
1955
1955
1956
1956
1957
1957
1958
1958
1959
1959
1960
1960
1961
1961
1962
1962
1963
1963
1964
1964
1965
1965
1966
1966
1967
1967
1968
1968
1969
1969
1970
1970
1971
1971
1972
1972
1973
1973
1974
1974
1975
1975
1976
1976
1977
1977
1978
1978
1979
1979
1980
1980
1981
1981
1982
1982
1983
1983
1984
1984
1985
1985
1986
1986
1987
1987
1988
1988
1989
1989
1990
1990
1991
1991
1992
1992
1993
1993
1994
1994
1995
1995
1996
1996
1997
1997
1998
1998
1999
1999
2000
2000
2001
2001
2002
2002
2003
2003
2004
2004
2005
2005
2006
2006
2007
2007
2008
2008
2009
2009
2010
2010
2011
2012
2012
2013
2013
2014
2014
2015
2015
2016
2016
2017
2017
2018
2018
2019
2019
2020
2020
2021
2021
2022
2022
2023
2023
2024
2024
2025
2025
2026
2026
2027
2027
2028
2029
2029
2030
2030
2031
2031
2032
2032
2033
2033
2034
2034
2035
2035
2036
2036
2037
2037
2038
2038
2039
2039
2040
2040
2041
2041
2042
2042
2043
2043
2044
2044
2045
2046
2046
2047
2047
2048
2048
2049
2049
2050
2050
2051
2051
2052
2052
2053
2053
2054
2054
2055
2055
2056
2056
2057
2057
2058
2058
2059
2059
2060
2060
2061
2061
2062
2063
2063
2064
2064
2065
2065
2066
2066
2067
2067
2068
2068
2069
2069
2070
2070
2071
2071
2072
2072
2073
2073
2074
2074
2075
2075
2076
2076
2077
2077
2078
2078
2079
2080
2080
2081
2081
2082
2082
2083
2083
2084
2084
2085
2085
2086
2086
2087
2087
2088
2088
2089
2089
2090
2090
2091
2091
2092
2092
2093
2093
2094
2094
2095
2095
2096
2097
2097
2098
2098
2099
2099
2100
2100
2101
2101
2102
2102
2103
2103
2104
2104
2105
2105
2106
2106
2107
2107
2108
2108
2109
2109
2110
2110
2111
2111
2112
2112
2113
2114
2114
2115
2115
2116
2116
2117
2117
2118
2118
2119
2119
2120
2120
2121
2121
2122
2122
2123
2123
2124
2124
2125
2125
2126
2126
2127
2127
2128
2128
2129
2129
2130
2131
2131
2132
2132
2133
2133
2134
2134
2135
2135
2136
2136
2137
2137
2138
2138
2139
2139
2140
2140
2141
2141
2142
2142
2143
2143
2144
2144
2145
2145
2146
2146
2147
2148
2148
2149
2149
2150
2150
2151
2151
2152
2152
2153
2153
2154
2154
2155
2155
2156
2156
2157
2157
2158
2158
2159
2159
2160
2160
2161
2161
2162
2162
2163
2163
2164
2165
2165
2166
2166
2167
2167
2168
2168
2169
2169
2170
2170
2171
2171
2172
2172
2173
2173
2174
2174
2175
2175
2176
2176
2177
2177
2178
2178
2179
2179
2180
2180
2181
2182
2182
2183
2183
2184
2184
2185
2185
2186
2186
2187
2187
2188
2188
2189
2189
2190
2190
2191
2191
2192
2192
2193
2193
2194
2194
2195
2195
2196
2196
2197
2197
2198
2199
2199
2200
2200
2201
2201
2202
2202
2203
2203
2204
2204
2205
2205
2206
2206
2207
2207
2208
2208
2209
2209
2210
2210
2211
2211
2212
2212
2213
2213
2214
2214
2215
2216
2216
2217
2217
2218
2218
2219
2219
2220
2220
2221
2221
2222
2222
2223
2223
2224
2224
2225
2225
2226
2226
2227
2227
2228
2228
2229
2229
2230
2230
2231
2231
2232
2233
2233
2234
2234
2235
2235
2236
2236
2237
2237
2238
2238
2239
2239
2240
2240
2241
2241
2242
2242
2243
2243
2244
2244
2245
2245
2246
2246
2247
2247
2248
2248
2249
2250
2250
2251
2251
2252
2252
2253
2253
2254
2254
2255
2255
2256
2256
2257
2257
2258
2258
2259
2259
2260
2260
2261
2261
2262
2262
2263
2263
2264
2264
2265
2265
2266
2266
2267
2267
2268
2268
2269
2269
2270
2270
2271
2271
2272
2272
2273
2273
2274
2274
2275
2275
2276
2276
2277
2277
2278
2278
2279
2279
2280
2280
2281
2281
2282
2282
2283
2283
2284
2284
2285
2285
2286
2286
2287
2287
2288
2288
2289
2289
2290
2290
2291
2291
2292
2292
2293
2293
2294
2294
2295
2295
2296
2296
2297
2297
2298
2298
2299
2299
2300
2300
2301
2301
2302
2302
2303
2303
2304
2304
2305
2305
2306
2306
2307
2307
2308
2308
2309
2309
2310
2310
2311
2311
2312
2312
2313
2313
2314
2314
2315
2315
2316
2316
2317
2317
2318
2318
2319
2319
2320
2320
2321
2321
2322
2322
2323
2323
2324
2324
2325
2325
2326
2326
2327
2327
2328
2328
2329
2329
2330
2330
2331
2331
2332
2332
2333
2333
2334
2334
2335
2335
2336
2336
2337
2337
2338
2338
2339
2339
2340
2340
2341
2341
2342
2342
2343
2343
2344
2344
2345
2345
2346
2346
2347
2347
2348
2348
2349
2349
2350
2350
2351
2351
2352
2352
2353
2353
2354
2354
2355
2355
2356
2356
2357
2357
2358
2358
2359
2359
2360
2360
2361
2361
2362
2362
2363
2363
2364
2364
2365
2365
2366
2366
2367
2367
2368
2368
2369
2369
2370
2370
2371
2371
2372
2372
2373
2373
2374
2374
2375
2375
2376
2376
2377
2377
2378
2378
2379
2379
2380
2380
2381
2381
2382
2382
2383
2383
2384
2384
2385
2385
2386
2386
2387
2387
2388
2388
2389
2389
2390
2390
2391
2391
2392
2392
2393
2393
2394
2394
2395
2395
2396
2396
2397
2397
2398
2398
2399
2399
2400
2400
2401
2401
2402
2402
2403
2403
2404
2404
2405
2405
2406
2406
2407
2407
2408
2408
2409
2409
2410
2410
2411
2411
2412
2412
2413
2413
2414
2414
2415
2415
2416
2416
2417
2417
2418
2418
2419
2419
2420
2420
2421
2421
2422
2422
2423
2423
2424
2424
2425
2425
2426
2426
2427
2427
2428
2428
2429
2429
2430
2430
2431
2431
2432
2432
2433
2433
2434
2434
2435
2435
2436
2436
2437
2437
2438
2438
2439
2439
2440
2440
2441
2441
2442
2442
2443
2443
2444
2444
2445
2445
2446
2446
2447
2447
2448
2448
2449
2449
2450
2450
2451
2451
2452
2452
2453
2453
2454
2454
2455
2455
2456
2456
2457
2457
2458
2458
2459
2459
2460
2460
2461
2461
2462
2462
2463
2463
2464
2464
2465
2465
2466
2466
2467
2467
2468
2468
2469
2469
2470
2470
2471
2471
2472
2472
2473
2473
2474
2474
2475
2475
2476
2476
2477
2477
2478
2478
2479
2479
2480
2480
2481
2481
2482
2482
2483
2483
2484
2484
2485
2485
2486
2486
2487
2487
2488
2489
2490
2491
2492
2493
2494
2495
2496
2497
2498
2499
2500
2501
2502
2503
2504
2505
2505
2506
2506
2507
2507
2508
2508
2509
2509
2510
2510
2511
2511
2512
2512
2513
2513
2514
2514
2515
2515
2516
2516
2517
2517
2518
2518
2519
2519
2520
2520
2521
2521
2522
2522
2523
2523
2524
2524
2525
2525
2526
2526
2527
2527
2528
2528
2529
2529
2530
2530
2531
2531
2532
2532
2533
2533
2534
2534
2535
2535
2536
2536
2537
2537
2538
2538
2539
2539
2540
2540
2541
2541
2542
2542
2543
2543
2544
2544
2545
2545
2546
2546
2547
2547
2548
2548
2549
2549
2550
2550
2551
2551
2552
2552
2553
2553
2554
2554
2555
2555
2556
2556
2557
2557
2558
2558
2559
2559
2560
2560
2561
2561
2562
2562
2563
2563
2564
2564
2565
2565
2566
2566
2567
2567
2568
2568
2569
2569
2570
2570
2571
2571
2572
2572
2573
2573
2574
2574
2575
2575
2576
2576
2577
2577
2578
2578
2579
2579
2580
2580
2581
2581
2582
2582
2583
2583
2584
2584
2585
2585
2586
2586
2587
2587
2588
2588
2589
2589
2590
2590
2591
2591
2592
2592
2593
2593
2594
2594
2595
2595
2596
2596
2597
2597
2598
2598
2599
2599
2600
2600
2601
2601
2602
2602
2603
2603
2604
2604
2605
2605
2606
2606
2607
2607
2608
2608
2609
2609
2610
2610
2611
2611
2612
2612
2613
2613
2614
2614
2615
2615
2616
2616
2617
2617
2618
2618
2619
2619
2620
2620
2621
2621
2622
2622
2623
2623
2624
2624
2625
2625
2626
2626
2627
2627
2628
2628
2629
2629
2630
2630
2631
2631
2632
2632
2633
2633
2634
2634
2635
2635
2636
2636
2637
2637
2638
2638
2639
2639
2640
2640
2641
2641
2642
2642
2643
2643
2644
2644
2645
2645
2646
2646
2647
2647
2648
2648
2649
2649
2650
2650
2651
2651
2652
2652
2653
2653
2654
2654
2655
2655
2656
2656
2657
2657
2658
2658
2659
2659
2660
2660
2661
2661
2662
2662
2663
2663
2664
2664
2665
2665
2666
2666
2667
2667
2668
2668
2669
2669
2670
2670
2671
2671
2672
2672
2673
2673
2674
2674
2675
2675
2676
2676
2677
2677
2678
2678
2679
2679
2680
2680
2681
2681
2682
2682
2683
2683
2684
2684
2685
2685
2686
2686
2687
2687
2688
2688
2689
2689
2690
2690
2691
2691
2692
2692
2693
2693
2694
2694
2695
2695
2696
2696
2697
2697
2698
2698
2699
2699
2700
2700
2701
2701
2702
2702
2703
2703
2704
2704
2705
2705
2706
2706
2707
2707
2708
2708
2709
2709
2710
2710
2711
2711
2712
2712
2713
2713
2714
2714
2715
2715
2716
2716
2717
2717
2718
2718
2719
2719
2720
2720
2721
2721
2722
2722
2723
2723
2724
2724
2725
2725
2726
2726
2727
2727
2728
2728
2729
2730
2731
2732
2733
2734
2735
2736
2737
2738
2739
2740
2741
2742
2743
2744
2745
2745
2746
2746
2747
2747
2748
2748
2749
2749
2750
2750
2751
2751
2752
2752
2753
2753
2754
2754
2755
2755
2756
2756
2757
2757
2758
2758
2759
2759
2760
2760
2761
2762
2762
2763
2763
2764
2764
2765
2765
2766
2766
2767
2767
2768
2768
2769
2769
2770
2770
2771
2771
2772
2772
2773
2773
2774
2774
2775
2775
2776
2776
2777
2777
2778
2779
2779
2780
2780
2781
2781
2782
2782
2783
2783
2784
2784
2785
2785
2786
2786
2787
2787
2788
2788
2789
2789
2790
2790
2791
2791
2792
2792
2793
2793
2794
2794
2795
2796
2796
2797
2797
2798
2798
2799
2799
2800
2800
2801
2801
2802
2802
2803
2803
2804
2804
2805
2805
2806
2806
2807
2807
2808
2808
2809
2809
2810
2810
2811
2811
2812
2813
2813
2814
2814
2815
2815
2816
2816
2817
2817
2818
2818
2819
2819
2820
2820
2821
2821
2822
2822
2823
2823
2824
2824
2825
2825
2826
2826
2827
2827
2828
2828
2829
2830
2830
2831
2831
2832
2832
2833
2833
2834
2834
2835
2835
2836
2836
2837
2837
2838
2838
2839
2839
2840
2840
2841
2841
2842
2842
2843
2843
2844
2844
2845
2845
2846
2847
2847
2848
2848
2849
2849
2850
2850
2851
2851
2852
2852
2853
2853
2854
2854
2855
2855
2856
2856
2857
2857
2858
2858
2859
2859
2860
2860
2861
2861
2862
2862
2863
2864
2864
2865
2865
2866
2866
2867
2867
2868
2868
2869
2869
2870
2870
2871
2871
2872
2872
2873
2873
2874
2874
2875
2875
2876
2876
2877
2877
2878
2878
2879
2879
2880
2881
2881
2882
2882
2883
2883
2884
2884
2885
2885
2886
2886
2887
2887
2888
2888
2889
2889
2890
2890
2891
2891
2892
2892
2893
2893
2894
2894
2895
2895
2896
2896
2897
2898
2898
2899
2899
2900
2900
2901
2901
2902
2902
2903
2903
2904
2904
2905
2905
2906
2906
2907
2907
2908
2908
2909
2909
2910
2910
2911
2911
2912
2912
2913
2913
2914
2915
2915
2916
2916
2917
2917
2918
2918
2919
2919
2920
2920
2921
2921
2922
2922
2923
2923
2924
2924
2925
2925
2926
2926
2927
2927
2928
2928
2929
2929
2930
2930
2931
2932
2932
2933
2933
2934
2934
2935
2935
2936
2936
2937
2937
2938
2938
2939
2939
2940
2940
2941
2941
2942
2942
2943
2943
2944
2944
2945
2945
2946
2946
2947
2947
2948
2949
2949
2950
2950
2951
2951
2952
2952
2953
2953
2954
2954
2955
2955
2956
2956
2957
2957
2958
2958
2959
2959
2960
2960
2961
2961
2962
2962
2963
2963
2964
2964
2965
2966
2966
2967
2967
2968
2968
2969
2969
2970
2970
2971
2971
2972
2972
2973
2973
2974
2974
2975
2975
2976
2976
2977
2977
2978
2978
2979
2979
2980
2980
2981
2981
2982
2983
2984
2985
2986
2987
2988
2989
2990
2991
2992
2993
2994
2995
2996
2997
2998
988
989
990
991
992
993
994
995
996
997
998
999
1000
1001
1002
1003
1004
1229
1230
1231
1232
1233
1234
1235
1236
1237
1238
1239
1240
1241
1242
1243
1244
1483
1484
1485
1486
1487
1488
1489
1490
1491
1492
1493
1494
1495
1496
1497
1498
1499
2488
2489
2490
2491
2492
2493
2494
2495
2496
2497
2498
2499
2500
2501
2502
2503
2504
2729
2730
2731
2732
2733
2734
2735
2736
2737
2738
2739
2740
2741
2742
2743
2744
2983
2984
2985
2986
2987
2988
2989
2990
2991
2992
2993
2994
2995
2996
2997
2998
2999
0
1
2
3
4
5
6
7
8
9
10
11
12
13
14
15
16
255
256
257
258
259
260
261
262
263
264
265
266
267
268
269
270
495
496
497
498
499
500
501
502
503
504
505
506
507
508
509
510
511
1500
1501
1502
1503
1504
1505
1506
1507
1508
1509
1510
1511
1512
1513
1514
1515
1516
1755
1756
1757
1758
1759
1760
1761
1762
1763
1764
1765
1766
1767
1768
1769
1770
1995
1996
1997
1998
1999
2000
2001
2002
2003
2004
2005
2006
2007
2008
2009
2010
2011
0
17
34
51
68
85
102
119
136
153
170
187
204
221
238
750
767
784
801
818
835
852
869
886
903
920
937
954
971
988
2011
2028
2045
2062
2079
2096
2113
2130
2147
2164
2181
2198
2215
2232
2249
2761
2778
2795
2812
2829
2846
2863
2880
2897
2914
2931
2948
2965
2982
2999
0
17
34
51
68
85
102
119
136
153
170
187
204
221
238
1
18
35
52
69
86
103
120
137
154
171
188
205
222
239
2
19
36
53
70
87
104
121
138
155
172
189
206
223
240
3
20
37
54
71
88
105
122
139
156
173
190
207
224
241
4
21
38
55
72
89
106
123
140
157
174
191
208
225
242
5
22
39
56
73
90
107
124
141
158
175
192
209
226
243
6
23
40
57
74
91
108
125
142
159
176
193
210
227
244
7
24
41
58
75
92
109
126
143
160
177
194
211
228
245
8
25
42
59
76
93
110
127
144
161
178
195
212
229
246
9
26
43
60
77
94
111
128
145
162
179
196
213
230
247
10
27
44
61
78
95
112
129
146
163
180
197
214
231
248
11
28
45
62
79
96
113
130
147
164
181
198
215
232
249
12
29
46
63
80
97
114
131
148
165
182
199
216
233
250
13
30
47
64
81
98
115
132
149
166
183
200
217
234
251
14
31
48
65
82
99
116
133
150
167
184
201
218
235
252
15
32
49
66
83
100
117
134
151
168
185
202
219
236
253
16
33
50
67
84
101
118
135
152
169
186
203
220
237
254
0
17
34
51
68
85
102
119
136
153
170
187
204
221
238
1
18
35
52
69
86
103
120
137
154
171
188
205
222
239
2
19
36
53
70
87
104
121
138
155
172
189
206
223
240
3
20
37
54
71
88
105
122
139
156
173
190
207
224
241
4
21
38
55
72
89
106
123
140
157
174
191
208
225
242
5
22
39
56
73
90
107
124
141
158
175
192
209
226
243
6
23
40
57
74
91
108
125
142
159
176
193
210
227
244
7
24
41
58
75
92
109
126
143
160
177
194
211
228
245
8
25
42
59
76
93
110
127
144
161
178
195
212
229
246
9
26
43
60
77
94
111
128
145
162
179
196
213
230
247
10
27
44
61
78
95
112
129
146
163
180
197
214
231
248
11
28
45
62
79
96
113
130
147
164
181
198
215
232
249
12
29
46
63
80
97
114
131
148
165
182
199
216
233
250
13
30
47
64
81
98
115
132
149
166
183
200
217
234
251
14
31
48
65
82
99
116
133
150
167
184
201
218
235
252
15
32
49
66
83
100
117
134
151
168
185
202
219
236
253
16
33
50
67
84
101
118
135
152
169
186
203
220
237
254
255
271
287
303
319
335
351
367
383
399
415
431
447
463
479
256
272
288
304
320
336
352
368
384
400
416
432
448
464
480
257
273
289
305
321
337
353
369
385
401
417
433
449
465
481
258
274
290
306
322
338
354
370
386
402
418
434
450
466
482
259
275
291
307
323
339
355
371
387
403
419
435
451
467
483
260
276
292
308
324
340
356
372
388
404
420
436
452
468
484
261
277
293
309
325
341
357
373
389
405
421
437
453
469
485
262
278
294
310
326
342
358
374
390
406
422
438
454
470
486
263
279
295
311
327
343
359
375
391
407
423
439
455
471
487
264
280
296
312
328
344
360
376
392
408
424
440
456
472
488
265
281
297
313
329
345
361
377
393
409
425
441
457
473
489
266
282
298
314
330
346
362
378
394
410
426
442
458
474
490
267
283
299
315
331
347
363
379
395
411
427
443
459
475
491
268
284
300
316
332
348
364
380
396
412
428
444
460
476
492
269
285
301
317
333
349
365
381
397
413
429
445
461
477
493
270
286
302
318
334
350
366
382
398
414
430
446
462
478
494
255
271
287
303
319
335
351
367
383
399
415
431
447
463
479
256
272
288
304
320
336
352
368
384
400
416
432
448
464
480
257
273
289
305
321
337
353
369
385
401
417
433
449
465
481
258
274
290
306
322
338
354
370
386
402
418
434
450
466
482
259
275
291
307
323
339
355
371
387
403
419
435
451
467
483
260
276
292
308
324
340
356
372
388
404
420
436
452
468
484
261
277
293
309
325
341
357
373
389
405
421
437
453
469
485
262
278
294
310
326
342
358
374
390
406
422
438
454
470
486
263
279
295
311
327
343
359
375
391
407
423
439
455
471
487
264
280
296
312
328
344
360
376
392
408
424
440
456
472
488
265
281
297
313
329
345
361
377
393
409
425
441
457
473
489
266
282
298
314
330
346
362
378
394
410
426
442
458
474
490
267
283
299
315
331
347
363
379
395
411
427
443
459
475
491
268
284
300
316
332
348
364
380
396
412
428
444
460
476
492
269
285
301
317
333
349
365
381
397
413
429
445
461
477
493
270
286
302
318
334
350
366
382
398
414
430
446
462
478
494
495
512
529
546
563
580
597
614
631
648
665
682
699
716
733
496
513
530
547
564
581
598
615
632
649
666
683
700
717
734
497
514
531
548
565
582
599
616
633
650
667
684
701
718
735
498
515
532
549
566
583
600
617
634
651
668
685
702
719
736
499
516
533
550
567
584
601
618
635
652
669
686
703
720
737
500
517
534
551
568
585
602
619
636
653
670
687
704
721
738
501
518
535
552
569
586
603
620
637
654
671
688
705
722
739
502
519
536
553
570
587
604
621
638
655
672
689
706
723
740
503
520
537
554
571
588
605
622
639
656
673
690
707
724
741
504
521
538
555
572
589
606
623
640
657
674
691
708
725
742
505
522
539
556
573
590
607
624
641
658
675
692
709
726
743
506
523
540
557
574
591
608
625
642
659
676
693
710
727
744
507
524
541
558
575
592
609
626
643
660
677
694
711
728
745
508
525
542
559
576
593
610
627
644
661
678
695
712
729
746
509
526
543
560
577
594
611
628
645
662
679
696
713
730
747
510
527
544
561
578
595
612
629
646
663
680
697
714
731
748
511
528
545
562
579
596
613
630
647
664
681
698
715
732
749
495
512
529
546
563
580
597
614
631
648
665
682
699
716
733
496
513
530
547
564
581
598
615
632
649
666
683
700
717
734
497
514
531
548
565
582
599
616
633
650
667
684
701
718
735
498
515
532
549
566
583
600
617
634
651
668
685
702
719
736
499
516
533
550
567
584
601
618
635
652
669
686
703
720
737
500
517
534
551
568
585
602
619
636
653
670
687
704
721
738
501
518
535
552
569
586
603
620
637
654
671
688
705
722
739
502
519
536
553
570
587
604
621
638
655
672
689
706
723
740
503
520
537
554
571
588
605
622
639
656
673
690
707
724
741
504
521
538
555
572
589
606
623
640
657
674
691
708
725
742
505
522
539
556
573
590
607
624
641
658
675
692
709
726
743
506
523
540
557
574
591
608
625
642
659
676
693
710
727
744
507
524
541
558
575
592
609
626
643
660
677
694
711
728
745
508
525
542
559
576
593
610
627
644
661
678
695
712
729
746
509
526
543
560
577
594
611
628
645
662
679
696
713
730
747
510
527
544
561
578
595
612
629
646
663
680
697
714
731
748
511
528
545
562
579
596
613
630
647
664
681
698
715
732
749
750
767
784
801
818
835
852
869
886
903
920
937
954
971
988
751
768
785
802
819
836
853
870
887
904
921
938
955
972
989
752
769
786
803
820
837
854
871
888
905
922
939
956
973
990
753
770
787
804
821
838
855
872
889
906
923
940
957
974
991
754
771
788
805
822
839
856
873
890
907
924
941
958
975
992
755
772
789
806
823
840
857
874
891
908
925
942
959
976
993
756
773
790
807
824
841
858
875
892
909
926
943
960
977
994
757
774
791
808
825
842
859
876
893
910
927
944
961
978
995
758
775
792
809
826
843
860
877
894
911
928
945
962
979
996
759
776
793
810
827
844
861
878
895
912
929
946
963
980
997
760
777
794
811
828
845
862
879
896
913
930
947
964
981
998
761
778
795
812
829
846
863
880
897
914
931
948
965
982
999
762
779
796
813
830
847
864
881
898
915
932
949
966
983
1000
763
780
797
814
831
848
865
882
899
916
933
950
967
984
1001
764
781
798
815
832
849
866
883
900
917
934
951
968
985
1002
765
782
799
816
833
850
867
884
901
918
935
952
969
986
1003
766
783
800
817
834
851
868
885
902
919
936
953
970
987
1004
750
767
784
801
818
835
852
869
886
903
920
937
954
971
988
751
768
785
802
819
836
853
870
887
904
921
938
955
972
989
752
769
786
803
820
837
854
871
888
905
922
939
956
973
990
753
770
787
804
821
838
855
872
889
906
923
940
957
974
991
754
771
788
805
822
839
856
873
890
907
924
941
958
975
992
755
772
789
806
823
840
857
874
891
908
925
942
959
976
993
756
773
790
807
824
841
858
875
892
909
926
943
960
977
994
757
774
791
808
825
842
859
876
893
910
927
944
961
978
995
758
775
792
809
826
843
860
877
894
911
928
945
962
979
996
759
776
793
810
827
844
861
878
895
912
929
946
963
980
997
760
777
794
811
828
845
862
879
896
913
930
947
964
981
998
761
778
795
812
829
846
863
880
897
914
931
948
965
982
999
762
779
796
813
830
847
864
881
898
915
932
949
966
983
1000
763
780
797
814
831
848
865
882
899
916
933
950
967
984
1001
764
781
798
815
832
849
866
883
900
917
934
951
968
985
1002
765
782
799
816
833
850
867
884
901
918
935
952
969
986
1003
766
783
800
817
834
851
868
885
902
919
936
953
970
987
1004
1005
1021
1037
1053
1069
1085
1101
1117
1133
1149
1165
1181
1197
1213
1229
1006
1022
1038
1054
1070
1086
1102
1118
1134
1150
1166
1182
1198
1214
1230
1007
1023
1039
1055
1071
1087
1103
1119
1135
1151
1167
1183
1199
1215
1231
1008
1024
1040
1056
1072
1088
1104
1120
1136
1152
1168
1184
1200
1216
1232
1009
1025
1041
1057
1073
1089
1105
1121
1137
1153
1169
1185
1201
1217
1233
1010
1026
1042
1058
1074
1090
1106
1122
1138
1154
1170
1186
1202
1218
1234
1011
1027
1043
1059
1075
1091
1107
1123
1139
1155
1171
1187
1203
1219
1235
1012
1028
1044
1060
1076
1092
1108
1124
1140
1156
1172
1188
1204
1220
1236
1013
1029
1045
1061
1077
1093
1109
1125
1141
1157
1173
1189
1205
1221
1237
1014
1030
1046
1062
1078
1094
1110
1126
1142
1158
1174
1190
1206
1222
1238
1015
1031
1047
1063
1079
1095
1111
1127
1143
1159
1175
1191
1207
1223
1239
1016
1032
1048
1064
1080
1096
1112
1128
1144
1160
1176
1192
1208
1224
1240
1017
1033
1049
1065
1081
1097
1113
1129
1145
1161
1177
1193
1209
1225
1241
1018
1034
1050
1066
1082
1098
1114
1130
1146
1162
1178
1194
1210
1226
1242
1019
1035
1051
1067
1083
1099
1115
1131
1147
1163
1179
1195
1211
1227
1243
1020
1036
1052
1068
1084
1100
1116
1132
1148
1164
1180
1196
1212
1228
1244
1005
1021
1037
1053
1069
1085
1101
1117
1133
1149
1165
1181
1197
1213
1229
1006
1022
1038
1054
1070
1086
1102
1118
1134
1150
1166
1182
1198
1214
1230
1007
1023
1039
1055
1071
1087
1103
1119
1135
1151
1167
1183
1199
1215
1231
1008
1024
1040
1056
1072
1088
1104
1120
1136
1152
1168
1184
1200
1216
1232
1009
1025
1041
1057
1073
1089
1105
1121
1137
1153
1169
1185
1201
1217
1233
1010
1026
1042
1058
1074
1090
1106
1122
1138
1154
1170
1186
1202
1218
1234
1011
1027
1043
1059
1075
1091
1107
1123
1139
1155
1171
1187
1203
1219
1235
1012
1028
1044
1060
1076
1092
1108
1124
1140
1156
1172
1188
1204
1220
1236
1013
1029
1045
1061
1077
1093
1109
1125
1141
1157
1173
1189
1205
1221
1237
1014
1030
1046
1062
1078
1094
1110
1126
1142
1158
1174
1190
1206
1222
1238
1015
1031
1047
1063
1079
1095
1111
1127
1143
1159
1175
1191
1207
1223
1239
1016
1032
1048
1064
1080
1096
1112
1128
1144
1160
1176
1192
1208
1224
1240
1017
1033
1049
1065
1081
1097
1113
1129
1145
1161
1177
1193
1209
1225
1241
1018
1034
1050
1066
1082
1098
1114
1130
1146
1162
1178
1194
1210
1226
1242
1019
1035
1051
1067
1083
1099
1115
1131
1147
1163
1179
1195
1211
1227
1243
1020
1036
1052
1068
1084
1100
1116
1132
1148
1164
1180
1196
1212
1228
1244
1245
1262
1279
1296
1313
1330
1347
1364
1381
1398
1415
1432
1449
1466
1483
1246
1263
1280
1297
1314
1331
1348
1365
1382
1399
1416
1433
1450
1467
1484
1247
1264
1281
1298
1315
1332
1349
1366
1383
1400
1417
1434
1451
1468
1485
1248
1265
1282
1299
1316
1333
1350
1367
1384
1401
1418
1435
1452
1469
1486
1249
1266
1283
1300
1317
1334
1351
1368
1385
1402
1419
1436
1453
1470
1487
1250
1267
1284
1301
1318
1335
1352
1369
1386
1403
1420
1437
1454
1471
1488
1251
1268
1285
1302
1319
1336
1353
1370
1387
1404
1421
1438
1455
1472
1489
1252
1269
1286
1303
1320
1337
1354
1371
1388
1405
1422
1439
1456
1473
1490
1253
1270
1287
1304
1321
1338
1355
1372
1389
1406
1423
1440
1457
1474
1491
1254
1271
1288
1305
1322
1339
1356
1373
1390
1407
1424
1441
1458
1475
1492
1255
1272
1289
1306
1323
1340
1357
1374
1391
1408
1425
1442
1459
1476
1493
1256
1273
1290
1307
1324
1341
1358
1375
1392
1409
1426
1443
1460
1477
1494
1257
1274
1291
1308
1325
1342
1359
1376
1393
1410
1427
1444
1461
1478
1495
1258
1275
1292
1309
1326
1343
1360
1377
1394
1411
1428
1445
1462
1479
1496
1259
1276
1293
1310
1327
1344
1361
1378
1395
1412
1429
1446
1463
1480
1497
1260
1277
1294
1311
1328
1345
1362
1379
1396
1413
1430
1447
1464
1481
1498
1261
1278
1295
1312
1329
1346
1363
1380
1397
1414
1431
1448
1465
1482
1499
1245
1262
1279
1296
1313
1330
1347
1364
1381
1398
1415
1432
1449
1466
1483
1246
1263
1280
1297
1314
1331
1348
1365
1382
1399
1416
1433
1450
1467
1484
1247
1264
1281
1298
1315
1332
1349
1366
1383
1400
1417
1434
1451
1468
1485
1248
1265
1282
1299
1316
1333
1350
1367
1384
1401
1418
1435
1452
1469
1486
1249
1266
1283
1300
1317
1334
1351
1368
1385
1402
1419
1436
1453
1470
1487
1250
1267
1284
1301
1318
1335
1352
1369
1386
1403
1420
1437
1454
1471
1488
1251
1268
1285
1302
1319
1336
1353
1370
1387
1404
1421
1438
1455
1472
1489
1252
1269
1286
1303
1320
1337
1354
1371
1388
1405
1422
1439
1456
1473
1490
1253
1270
1287
1304
1321
1338
1355
1372
1389
1406
1423
1440
1457
1474
1491
1254
1271
1288
1305
1322
1339
1356
1373
1390
1407
1424
1441
1458
1475
1492
1255
1272
1289
1306
1323
1340
1357
1374
1391
1408
1425
1442
1459
1476
1493
1256
1273
1290
1307
1324
1341
1358
1375
1392
1409
1426
1443
1460
1477
1494
1257
1274
1291
1308
1325
1342
1359
1376
1393
1410
1427
1444
1461
1478
1495
1258
1275
1292
1309
1326
1343
1360
1377
1394
1411
1428
1445
1462
1479
1496
1259
1276
1293
1310
1327
1344
1361
1378
1395
1412
1429
1446
1463
1480
1497
1260
1277
1294
1311
1328
1345
1362
1379
1396
1413
1430
1447
1464
1481
1498
1261
1278
1295
1312
1329
1346
1363
1380
1397
1414
1431
1448
1465
1482
1499
1500
1517
1534
1551
1568
1585
1602
1619
1636
1653
1670
1687
1704
1721
1738
1501
1518
1535
1552
1569
1586
1603
1620
1637
1654
1671
1688
1705
1722
1739
1502
1519
1536
1553
1570
1587
1604
1621
1638
1655
1672
1689
1706
1723
1740
1503
1520
1537
1554
1571
1588
1605
1622
1639
1656
1673
1690
1707
1724
1741
1504
1521
1538
1555
1572
1589
1606
1623
1640
1657
1674
1691
1708
1725
1742
1505
1522
1539
1556
1573
1590
1607
1624
1641
1658
1675
1692
1709
1726
1743
1506
1523
1540
1557
1574
1591
1608
1625
1642
1659
1676
1693
1710
1727
1744
1507
1524
1541
1558
1575
1592
1609
1626
1643
1660
1677
1694
1711
1728
1745
1508
1525
1542
1559
1576
1593
1610
1627
1644
1661
1678
1695
1712
1729
1746
1509
1526
1543
1560
1577
1594
1611
1628
1645
1662
1679
1696
1713
1730
1747
1510
1527
1544
1561
1578
1595
1612
1629
1646
1663
1680
1697
1714
1731
1748
1511
1528
1545
1562
1579
1596
1613
1630
1647
1664
1681
1698
1715
1732
1749
1512
1529
1546
1563
1580
1597
1614
1631
1648
1665
1682
1699
1716
1733
1750
1513
1530
1547
1564
1581
1598
1615
1632
1649
1666
1683
1700
1717
1734
1751
1514
1531
1548
1565
1582
1599
1616
1633
1650
1667
1684
1701
1718
1735
1752
1515
1532
1549
1566
1583
1600
1617
1634
1651
1668
1685
1702
1719
1736
1753
1516
1533
1550
1567
1584
1601
1618
1635
1652
1669
1686
1703
1720
1737
1754
1500
1517
1534
1551
1568
1585
1602
1619
1636
1653
1670
1687
1704
1721
1738
1501
1518
1535
1552
1569
1586
1603
1620
1637
1654
1671
1688
1705
1722
1739
1502
1519
1536
1553
1570
1587
1604
1621
1638
1655
1672
1689
1706
1723
1740
1503
1520
1537
1554
1571
1588
1605
1622
1639
1656
1673
1690
1707
1724
1741
1504
1521
1538
1555
1572
1589
1606
1623
1640
1657
1674
1691
1708
1725
1742
1505
1522
1539
1556
1573
1590
1607
1624
1641
1658
1675
1692
1709
1726
1743
1506
1523
1540
1557
1574
1591
1608
1625
1642
1659
1676
1693
1710
1727
1744
1507
1524
1541
1558
1575
1592
1609
1626
1643
1660
1677
1694
1711
1728
1745
1508
1525
1542
1559
1576
1593
1610
1627
1644
1661
1678
1695
1712
1729
1746
1509
1526
1543
1560
1577
1594
1611
1628
1645
1662
1679
1696
1713
1730
1747
1510
1527
1544
1561
1578
1595
1612
1629
1646
1663
1680
1697
1714
1731
1748
1511
1528
1545
1562
1579
1596
1613
1630
1647
1664
1681
1698
1715
1732
1749
1512
1529
1546
1563
1580
1597
1614
1631
1648
1665
1682
1699
1716
1733
1750
1513
1530
1547
1564
1581
1598
1615
1632
1649
1666
1683
1700
1717
1734
1751
1514
1531
1548
1565
1582
1599
1616
1633
1650
1667
1684
1701
1718
1735
1752
1515
1532
1549
1566
1583
1600
1617
1634
1651
1668
1685
1702
1719
1736
1753
1516
1533
1550
1567
1584
1601
1618
1635
1652
1669
1686
1703
1720
1737
1754
1755
1771
1787
1803
1819
1835
1851
1867
1883
1899
1915
1931
1947
1963
1979
1756
1772
1788
1804
1820
1836
1852
1868
1884
1900
1916
1932
1948
1964
1980
1757
1773
1789
1805
1821
1837
1853
1869
1885
1901
1917
1933
1949
1965
1981
1758
1774
1790
1806
1822
1838
1854
1870
1886
1902
1918
1934
1950
1966
1982
1759
1775
1791
1807
1823
1839
1855
1871
1887
1903
1919
1935
1951
1967
1983
1760
1776
1792
1808
1824
1840
1856
1872
1888
1904
1920
1936
1952
1968
1984
1761
1777
1793
1809
1825
1841
1857
1873
1889
1905
1921
1937
1953
1969
1985
1762
1778
1794
1810
1826
1842
1858
1874
1890
1906
1922
1938
1954
1970
1986
1763
1779
1795
1811
1827
1843
1859
1875
1891
1907
1923
1939
1955
1971
1987
1764
1780
1796
1812
1828
1844
1860
1876
1892
1908
1924
1940
1956
1972
1988
1765
1781
1797
1813
1829
1845
1861
1877
1893
1909
1925
1941
1957
1973
1989
1766
1782
1798
1814
1830
1846
1862
1878
1894
1910
1926
1942
1958
1974
1990
1767
1783
1799
1815
1831
1847
1863
1879
1895
1911
1927
1943
1959
1975
1991
1768
1784
1800
1816
1832
1848
1864
1880
1896
1912
1928
1944
1960
1976
1992
1769
1785
1801
1817
1833
1849
1865
1881
1897
1913
1929
1945
1961
1977
1993
1770
1786
1802
1818
1834
1850
1866
1882
1898
1914
1930
1946
1962
1978
1994
1755
1771
1787
1803
1819
1835
1851
1867
1883
1899
1915
1931
1947
1963
1979
1756
1772
1788
1804
1820
1836
1852
1868
1884
1900
1916
1932
1948
1964
1980
1757
1773
1789
1805
1821
1837
1853
1869
1885
1901
1917
1933
1949
1965
1981
1758
1774
1790
1806
1822
1838
1854
1870
1886
1902
1918
1934
1950
1966
1982
1759
1775
1791
1807
1823
1839
1855
1871
1887
1903
1919
1935
1951
1967
1983
1760
1776
1792
1808
1824
1840
1856
1872
1888
1904
1920
1936
1952
1968
1984
1761
1777
1793
1809
1825
1841
1857
1873
1889
1905
1921
1937
1953
1969
1985
1762
1778
1794
1810
1826
1842
1858
1874
1890
1906
1922
1938
1954
1970
1986
1763
1779
1795
1811
1827
1843
1859
1875
1891
1907
1923
1939
1955
1971
1987
1764
1780
1796
1812
1828
1844
1860
1876
1892
1908
1924
1940
1956
1972
1988
1765
1781
1797
1813
1829
1845
1861
1877
1893
1909
1925
1941
1957
1973
1989
1766
1782
1798
1814
1830
1846
1862
1878
1894
1910
1926
1942
1958
1974
1990
1767
1783
1799
1815
1831
1847
1863
1879
1895
1911
1927
1943
1959
1975
1991
1768
1784
1800
1816
1832
1848
1864
1880
1896
1912
1928
1944
1960
1976
1992
1769
1785
1801
1817
1833
1849
1865
1881
1897
1913
1929
1945
1961
1977
1993
1770
1786
1802
1818
1834
1850
1866
1882
1898
1914
1930
1946
1962
1978
1994
1995
2012
2029
2046
2063
2080
2097
2114
2131
2148
2165
2182
2199
2216
2233
1996
2013
2030
2047
2064
2081
2098
2115
2132
2149
2166
2183
2200
2217
2234
1997
2014
2031
2048
2065
2082
2099
2116
2133
2150
2167
2184
2201
2218
2235
1998
2015
2032
2049
2066
2083
2100
2117
2134
2151
2168
2185
2202
2219
2236
1999
2016
2033
2050
2067
2084
2101
2118
2135
2152
2169
2186
2203
2220
2237
2000
2017
2034
2051
2068
2085
2102
2119
2136
2153
2170
2187
2204
2221
2238
2001
2018
2035
2052
2069
2086
2103
2120
2137
2154
2171
2188
2205
2222
2239
2002
2019
2036
2053
2070
2087
2104
2121
2138
2155
2172
2189
2206
2223
2240
2003
2020
2037
2054
2071
2088
2105
2122
2139
2156
2173
2190
2207
2224
2241
2004
2021
2038
2055
2072
2089
2106
2123
2140
2157
2174
2191
2208
2225
2242
2005
2022
2039
2056
2073
2090
2107
2124
2141
2158
2175
2192
2209
2226
2243
2006
2023
2040
2057
2074
2091
2108
2125
2142
2159
2176
2193
2210
2227
2244
2007
2024
2041
2058
2075
2092
2109
2126
2143
2160
2177
2194
2211
2228
2245
2008
2025
2042
2059
2076
2093
2110
2127
2144
2161
2178
2195
2212
2229
2246
2009
2026
2043
2060
2077
2094
2111
2128
2145
2162
2179
2196
2213
2230
2247
2010
2027
2044
2061
2078
2095
2112
2129
2146
2163
2180
2197
2214
2231
2248
2011
2028
2045
2062
2079
2096
2113
2130
2147
2164
2181
2198
2215
2232
2249
1995
2012
2029
2046
2063
2080
2097
2114
2131
2148
2165
2182
2199
2216
2233
1996
2013
2030
2047
2064
2081
2098
2115
2132
2149
2166
2183
2200
2217
2234
1997
2014
2031
2048
2065
2082
2099
2116
2133
2150
2167
2184
2201
2218
2235
1998
2015
2032
2049
2066
2083
2100
2117
2134
2151
2168
2185
2202
2219
2236
1999
2016
2033
2050
2067
2084
2101
2118
2135
2152
2169
2186
2203
2220
2237
2000
2017
2034
2051
2068
2085
2102
2119
2136
2153
2170
2187
2204
2221
2238
2001
2018
2035
2052
2069
2086
2103
2120
2137
2154
2171
2188
2205
2222
2239
2002
2019
2036
2053
2070
2087
2104
2121
2138
2155
2172
2189
2206
2223
2240
2003
2020
2037
2054
2071
2088
2105
2122
2139
2156
2173
2190
2207
2224
2241
2004
2021
2038
2055
2072
2089
2106
2123
2140
2157
2174
2191
2208
2225
2242
2005
2022
2039
2056
2073
2090
2107
2124
2141
2158
2175
2192
2209
2226
2243
2006
2023
2040
2057
2074
2091
2108
2125
2142
2159
2176
2193
2210
2227
2244
2007
2024
2041
2058
2075
2092
2109
2126
2143
2160
2177
2194
2211
2228
2245
2008
2025
2042
2059
2076
2093
2110
2127
2144
2161
2178
2195
2212
2229
2246
2009
2026
2043
2060
2077
2094
2111
2128
2145
2162
2179
2196
2213
2230
2247
2010
2027
2044
2061
2078
2095
2112
2129
2146
2163
2180
2197
2214
2231
2248
2011
2028
2045
2062
2079
2096
2113
2130
2147
2164
2181
2198
2215
2232
2249
2250
2267
2284
2301
2318
2335
2352
2369
2386
2403
2420
2437
2454
2471
2488
2251
2268
2285
2302
2319
2336
2353
2370
2387
2404
2421
2438
2455
2472
2489
2252
2269
2286
2303
2320
2337
2354
2371
2388
2405
2422
2439
2456
2473
2490
2253
2270
2287
2304
2321
2338
2355
2372
2389
2406
2423
2440
2457
2474
2491
2254
2271
2288
2305
2322
2339
2356
2373
2390
2407
2424
2441
2458
2475
2492
2255
2272
2289
2306
2323
2340
2357
2374
2391
2408
2425
2442
2459
2476
2493
2256
2273
2290
2307
2324
2341
2358
2375
2392
2409
2426
2443
2460
2477
2494
2257
2274
2291
2308
2325
2342
2359
2376
2393
2410
2427
2444
2461
2478
2495
2258
2275
2292
2309
2326
2343
2360
2377
2394
2411
2428
2445
2462
2479
2496
2259
2276
2293
2310
2327
2344
2361
2378
2395
2412
2429
2446
2463
2480
2497
2260
2277
2294
2311
2328
2345
2362
2379
2396
2413
2430
2447
2464
2481
2498
2261
2278
2295
2312
2329
2346
2363
2380
2397
2414
2431
2448
2465
2482
2499
2262
2279
2296
2313
2330
2347
2364
2381
2398
2415
2432
2449
2466
2483
2500
2263
2280
2297
2314
2331
2348
2365
2382
2399
2416
2433
2450
2467
2484
2501
2264
2281
2298
2315
2332
2349
2366
2383
2400
2417
2434
2451
2468
2485
2502
2265
2282
2299
2316
2333
2350
2367
2384
2401
2418
2435
2452
2469
2486
2503
2266
2283
2300
2317
2334
2351
2368
2385
2402
2419
2436
2453
2470
2487
2504
2250
2267
2284
2301
2318
2335
2352
2369
2386
2403
2420
2437
2454
2471
2488
2251
2268
2285
2302
2319
2336
2353
2370
2387
2404
2421
2438
2455
2472
2489
2252
2269
2286
2303
2320
2337
2354
2371
2388
2405
2422
2439
2456
2473
2490
2253
2270
2287
2304
2321
2338
2355
2372
2389
2406
2423
2440
2457
2474
2491
2254
2271
2288
2305
2322
2339
2356
2373
2390
2407
2424
2441
2458
2475
2492
2255
2272
2289
2306
2323
2340
2357
2374
2391
2408
2425
2442
2459
2476
2493
2256
2273
2290
2307
2324
2341
2358
2375
2392
2409
2426
2443
2460
2477
2494
2257
2274
2291
2308
2325
2342
2359
2376
2393
2410
2427
2444
2461
2478
2495
2258
2275
2292
2309
2326
2343
2360
2377
2394
2411
2428
2445
2462
2479
2496
2259
2276
2293
2310
2327
2344
2361
2378
2395
2412
2429
2446
2463
2480
2497
2260
2277
2294
2311
2328
2345
2362
2379
2396
2413
2430
2447
2464
2481
2498
2261
2278
2295
2312
2329
2346
2363
2380
2397
2414
2431
2448
2465
2482
2499
2262
2279
2296
2313
2330
2347
2364
2381
2398
2415
2432
2449
2466
2483
2500
2263
2280
2297
2314
2331
2348
2365
2382
2399
2416
2433
2450
2467
2484
2501
2264
2281
2298
2315
2332
2349
2366
2383
2400
2417
2434
2451
2468
2485
2502
2265
2282
2299
2316
2333
2350
2367
2384
2401
2418
2435
2452
2469
2486
2503
2266
2283
2300
2317
2334
2351
2368
2385
2402
2419
2436
2453
2470
2487
2504
2505
2521
2537
2553
2569
2585
2601
2617
2633
2649
2665
2681
2697
2713
2729
2506
2522
2538
2554
2570
2586
2602
2618
2634
2650
2666
2682
2698
2714
2730
2507
2523
2539
2555
2571
2587
2603
2619
2635
2651
2667
2683
2699
2715
2731
2508
2524
2540
2556
2572
2588
2604
2620
2636
2652
2668
2684
2700
2716
2732
2509
2525
2541
2557
2573
2589
2605
2621
2637
2653
2669
2685
2701
2717
2733
2510
2526
2542
2558
2574
2590
2606
2622
2638
2654
2670
2686
2702
2718
2734
2511
2527
2543
2559
2575
2591
2607
2623
2639
2655
2671
2687
2703
2719
2735
2512
2528
2544
2560
2576
2592
2608
2624
2640
2656
2672
2688
2704
2720
2736
2513
2529
2545
2561
2577
2593
2609
2625
2641
2657
2673
2689
2705
2721
2737
2514
2530
2546
2562
2578
2594
2610
2626
2642
2658
2674
2690
2706
2722
2738
2515
2531
2547
2563
2579
2595
2611
2627
2643
2659
2675
2691
2707
2723
2739
2516
2532
2548
2564
2580
2596
2612
2628
2644
2660
2676
2692
2708
2724
2740
2517
2533
2549
2565
2581
2597
2613
2629
2645
2661
2677
2693
2709
2725
2741
2518
2534
2550
2566
2582
2598
2614
2630
2646
2662
2678
2694
2710
2726
2742
2519
2535
2551
2567
2583
2599
2615
2631
2647
2663
2679
2695
2711
2727
2743
2520
2536
2552
2568
2584
2600
2616
2632
2648
2664
2680
2696
2712
2728
2744
2505
2521
2537
2553
2569
2585
2601
2617
2633
2649
2665
2681
2697
2713
2729
2506
2522
2538
2554
2570
2586
2602
2618
2634
2650
2666
2682
2698
2714
2730
2507
2523
2539
2555
2571
2587
2603
2619
2635
2651
2667
2683
2699
2715
2731
2508
2524
2540
2556
2572
2588
2604
2620
2636
2652
2668
2684
2700
2716
2732
2509
2525
2541
2557
2573
2589
2605
2621
2637
2653
2669
2685
2701
2717
2733
2510
2526
2542
2558
2574
2590
2606
2622
2638
2654
2670
2686
2702
2718
2734
2511
2527
2543
2559
2575
2591
2607
2623
2639
2655
2671
2687
2703
2719
2735
2512
2528
2544
2560
2576
2592
2608
2624
2640
2656
2672
2688
2704
2720
2736
2513
2529
2545
2561
2577
2593
2609
2625
2641
2657
2673
2689
2705
2721
2737
2514
2530
2546
2562
2578
2594
2610
2626
2642
2658
2674
2690
2706
2722
2738
2515
2531
2547
2563
2579
2595
2611
2627
2643
2659
2675
2691
2707
2723
2739
2516
2532
2548
2564
2580
2596
2612
2628
2644
2660
2676
2692
2708
2724
2740
2517
2533
2549
2565
2581
2597
2613
2629
2645
2661
2677
2693
2709
2725
2741
2518
2534
2550
2566
2582
2598
2614
2630
2646
2662
2678
2694
2710
2726
2742
2519
2535
2551
2567
2583
2599
2615
2631
2647
2663
2679
2695
2711
2727
2743
2520
2536
2552
2568
2584
2600
2616
2632
2648
2664
2680
2696
2712
2728
2744
2745
2762
2779
2796
2813
2830
2847
2864
2881
2898
2915
2932
2949
2966
2983
2746
2763
2780
2797
2814
2831
2848
2865
2882
2899
2916
2933
2950
2967
2984
2747
2764
2781
2798
2815
2832
2849
2866
2883
2900
2917
2934
2951
2968
2985
2748
2765
2782
2799
2816
2833
2850
2867
2884
2901
2918
2935
2952
2969
2986
2749
2766
2783
2800
2817
2834
2851
2868
2885
2902
2919
2936
2953
2970
2987
2750
2767
2784
2801
2818
2835
2852
2869
2886
2903
2920
2937
2954
2971
2988
2751
2768
2785
2802
2819
2836
2853
2870
2887
2904
2921
2938
2955
2972
2989
2752
2769
2786
2803
2820
2837
2854
2871
2888
2905
2922
2939
2956
2973
2990
2753
2770
2787
2804
2821
2838
2855
2872
2889
2906
2923
2940
2957
2974
2991
2754
2771
2788
2805
2822
2839
2856
2873
2890
2907
2924
2941
2958
2975
2992
2755
2772
2789
2806
2823
2840
2857
2874
2891
2908
2925
2942
2959
2976
2993
2756
2773
2790
2807
2824
2841
2858
2875
2892
2909
2926
2943
2960
2977
2994
2757
2774
2791
2808
2825
2842
2859
2876
2893
2910
2927
2944
2961
2978
2995
2758
2775
2792
2809
2826
2843
2860
2877
2894
2911
2928
2945
2962
2979
2996
2759
2776
2793
2810
2827
2844
2861
2878
2895
2912
2929
2946
2963
2980
2997
2760
2777
2794
2811
2828
2845
2862
2879
2896
2913
2930
2947
2964
2981
2998
2761
2778
2795
2812
2829
2846
2863
2880
2897
2914
2931
2948
2965
2982
2999
2745
2762
2779
2796
2813
2830
2847
2864
2881
2898
2915
2932
2949
2966
2983
2746
2763
2780
2797
2814
2831
2848
2865
2882
2899
2916
2933
2950
2967
2984
2747
2764
2781
2798
2815
2832
2849
2866
2883
2900
2917
2934
2951
2968
2985
2748
2765
2782
2799
2816
2833
2850
2867
2884
2901
2918
2935
2952
2969
2986
2749
2766
2783
2800
2817
2834
2851
2868
2885
2902
2919
2936
2953
2970
2987
2750
2767
2784
2801
2818
2835
2852
2869
2886
2903
2920
2937
2954
2971
2988
2751
2768
2785
2802
2819
2836
2853
2870
2887
2904
2921
2938
2955
2972
2989
2752
2769
2786
2803
2820
2837
2854
2871
2888
2905
2922
2939
2956
2973
2990
2753
2770
2787
2804
2821
2838
2855
2872
2889
2906
2923
2940
2957
2974
2991
2754
2771
2788
2805
2822
2839
2856
2873
2890
2907
2924
2941
2958
2975
2992
2755
2772
2789
2806
2823
2840
2857
2874
2891
2908
2925
2942
2959
2976
2993
2756
2773
2790
2807
2824
2841
2858
2875
2892
2909
2926
2943
2960
2977
2994
2757
2774
2791
2808
2825
2842
2859
2876
2893
2910
2927
2944
2961
2978
2995
2758
2775
2792
2809
2826
2843
2860
2877
2894
2911
2928
2945
2962
2979
2996
2759
2776
2793
2810
2827
2844
2861
2878
2895
2912
2929
2946
2963
2980
2997
2760
2777
2794
2811
2828
2845
2862
2879
2896
2913
2930
2947
2964
2981
2998
2761
2778
2795
2812
2829
2846
2863
2880
2897
2914
2931
2948
2965
2982
2999
)


// ************************************************************************* //
