/*--------------------------------*- C++ -*----------------------------------*\
| =========                 |                                                 |
| \\      /  F ield         | OpenFOAM: The Open Source CFD Toolbox           |
|  \\    /   O peration     | Version:  2.3.x                                 |
|   \\  /    A nd           | Web:      www.OpenFOAM.org                      |
|    \\/     M anipulation  |                                                 |
\*---------------------------------------------------------------------------*/
FoamFile
{
    version     2.0;
    format      ascii;
    class       volScalarField;
    location    "0";
    object      ccy;
}
// * * * * * * * * * * * * * * * * * * * * * * * * * * * * * * * * * * * * * //

dimensions      [0 1 0 0 0 0 0];

internalField   nonuniform List<scalar> 
3000
(
1.00057
0.96949
0.886094
0.768114
0.643002
0.520733
0.401528
0.285292
0.177899
0.089793
0.0310997
0.00785599
0.00546855
0.00536671
0.00528951
0.00523795
0.00524384
1.00859
0.97766
0.894838
0.77759
0.653165
0.531505
0.412872
0.297192
0.190298
0.102545
0.04398
0.0206022
0.0179499
0.0176153
0.0173619
0.0171928
0.0172127
1.01886
0.988135
0.90605
0.789741
0.666197
0.545318
0.427417
0.312452
0.206197
0.118897
0.0604959
0.0369462
0.0339541
0.0333212
0.0328418
0.0325219
0.0325598
1.03204
1.00157
0.920426
0.805323
0.682908
0.56303
0.446067
0.332019
0.226584
0.139865
0.0816734
0.0579035
0.0544754
0.0534601
0.052691
0.0521777
0.0522385
1.04894
1.01879
0.938861
0.825302
0.704336
0.585742
0.469983
0.357109
0.252726
0.166751
0.108828
0.0847761
0.080789
0.0792833
0.0781427
0.0773814
0.0774712
1.0706
1.04088
0.9625
0.850922
0.731814
0.614865
0.500649
0.389282
0.286247
0.201225
0.143647
0.119234
0.114529
0.112395
0.110778
0.109699
0.109825
1.09839
1.0692
0.992812
0.883775
0.767048
0.65221
0.539973
0.430537
0.32923
0.24543
0.188294
0.163418
0.157793
0.154853
0.152625
0.151138
0.151311
1.13401
1.10551
1.03168
0.925903
0.81223
0.700097
0.590398
0.483438
0.384346
0.302113
0.245541
0.220073
0.213266
0.209293
0.206283
0.204272
0.204504
1.17969
1.15207
1.08152
0.979925
0.870169
0.761505
0.655058
0.551274
0.45502
0.374794
0.318945
0.29272
0.284396
0.2791
0.275085
0.272403
0.272708
1.23826
1.21178
1.14544
1.0492
0.944466
0.84025
0.737975
0.638261
0.545646
0.46799
0.413064
0.385872
0.375599
0.368608
0.363305
0.359763
0.360159
1.31335
1.28834
1.2274
1.13804
1.03974
0.94123
0.844303
0.749807
0.661855
0.587492
0.533745
0.505318
0.492541
0.483377
0.476424
0.471777
0.472284
1.40964
1.38651
1.33251
1.25197
1.16193
1.07073
0.980655
0.892849
0.810871
0.740723
0.68848
0.658479
0.642482
0.630537
0.621466
0.615403
0.616043
1.53311
1.51239
1.46729
1.39807
1.31862
1.23679
1.15551
1.07628
1.00196
0.937204
0.886876
0.854872
0.834731
0.819225
0.80744
0.799559
0.800354
1.69141
1.67381
1.64015
1.58545
1.51958
1.44976
1.37976
1.31152
1.247
1.18914
1.14125
1.1067
1.08122
1.06116
1.04589
1.03568
1.03664
1.89438
1.8808
1.86183
1.82577
1.77732
1.7229
1.66734
1.61319
1.56123
1.51219
1.46738
1.42961
1.39724
1.37136
1.35163
1.33842
1.33955
0.0052695
0.0052695
0.0052695
0.0052695
0.0052695
0.0052695
0.0052695
0.0052695
0.0052695
0.0052695
0.0052695
0.0052695
0.0052695
0.0052695
0.0052695
0.0052695
0.0172965
0.0172965
0.0172965
0.0172965
0.0172965
0.0172965
0.0172965
0.0172965
0.0172965
0.0172965
0.0172965
0.0172965
0.0172965
0.0172965
0.0172965
0.0172965
0.0327182
0.0327182
0.0327182
0.0327182
0.0327182
0.0327182
0.0327182
0.0327182
0.0327182
0.0327182
0.0327182
0.0327182
0.0327182
0.0327182
0.0327182
0.0327182
0.0524927
0.0524927
0.0524927
0.0524927
0.0524927
0.0524927
0.0524927
0.0524927
0.0524927
0.0524927
0.0524927
0.0524927
0.0524927
0.0524927
0.0524927
0.0524927
0.0778485
0.0778485
0.0778485
0.0778485
0.0778485
0.0778485
0.0778485
0.0778485
0.0778485
0.0778485
0.0778485
0.0778485
0.0778485
0.0778485
0.0778485
0.0778485
0.110361
0.110361
0.110361
0.110361
0.110361
0.110361
0.110361
0.110361
0.110361
0.110361
0.110361
0.110361
0.110361
0.110361
0.110361
0.110361
0.152049
0.152049
0.152049
0.152049
0.152049
0.152049
0.152049
0.152049
0.152049
0.152049
0.152049
0.152049
0.152049
0.152049
0.152049
0.152049
0.205503
0.205503
0.205503
0.205503
0.205503
0.205503
0.205503
0.205503
0.205503
0.205503
0.205503
0.205503
0.205503
0.205503
0.205503
0.205503
0.274044
0.274044
0.274044
0.274044
0.274044
0.274044
0.274044
0.274044
0.274044
0.274044
0.274044
0.274044
0.274044
0.274044
0.274044
0.274044
0.361927
0.361927
0.361927
0.361927
0.361927
0.361927
0.361927
0.361927
0.361927
0.361927
0.361927
0.361927
0.361927
0.361927
0.361927
0.361927
0.474611
0.474611
0.474611
0.474611
0.474611
0.474611
0.474611
0.474611
0.474611
0.474611
0.474611
0.474611
0.474611
0.474611
0.474611
0.474611
0.619092
0.619092
0.619092
0.619092
0.619092
0.619092
0.619092
0.619092
0.619092
0.619092
0.619092
0.619092
0.619092
0.619092
0.619092
0.619092
0.80434
0.80434
0.80434
0.80434
0.80434
0.80434
0.80434
0.80434
0.80434
0.80434
0.80434
0.80434
0.80434
0.80434
0.80434
0.80434
1.04185
1.04185
1.04185
1.04185
1.04185
1.04185
1.04185
1.04185
1.04185
1.04185
1.04185
1.04185
1.04185
1.04185
1.04185
1.04185
1.34636
1.34636
1.34636
1.34636
1.34636
1.34636
1.34636
1.34636
1.34636
1.34636
1.34636
1.34636
1.34636
1.34636
1.34636
1.34636
0.00524384
0.00523795
0.00528951
0.00536671
0.00546855
0.00785599
0.0310997
0.089793
0.177899
0.285292
0.401528
0.520733
0.643002
0.768114
0.886094
0.96949
1.00057
0.0172127
0.0171928
0.0173619
0.0176153
0.0179499
0.0206022
0.04398
0.102545
0.190298
0.297192
0.412872
0.531505
0.653165
0.77759
0.894838
0.97766
1.00859
0.0325598
0.0325219
0.0328418
0.0333212
0.0339541
0.0369462
0.0604959
0.118897
0.206197
0.312452
0.427417
0.545318
0.666197
0.789741
0.90605
0.988135
1.01886
0.0522385
0.0521777
0.052691
0.0534601
0.0544754
0.0579035
0.0816734
0.139865
0.226584
0.332019
0.446067
0.56303
0.682908
0.805323
0.920426
1.00157
1.03204
0.0774712
0.0773814
0.0781427
0.0792833
0.080789
0.0847761
0.108828
0.166751
0.252726
0.357109
0.469983
0.585742
0.704336
0.825302
0.938861
1.01879
1.04894
0.109825
0.109699
0.110778
0.112395
0.114529
0.119234
0.143647
0.201225
0.286247
0.389282
0.500649
0.614865
0.731814
0.850922
0.9625
1.04088
1.0706
0.151311
0.151138
0.152625
0.154853
0.157793
0.163418
0.188294
0.24543
0.32923
0.430537
0.539973
0.65221
0.767048
0.883775
0.992812
1.0692
1.09839
0.204504
0.204272
0.206283
0.209293
0.213266
0.220073
0.245541
0.302113
0.384346
0.483438
0.590398
0.700097
0.81223
0.925903
1.03168
1.10551
1.13401
0.272708
0.272403
0.275085
0.2791
0.284396
0.29272
0.318945
0.374794
0.45502
0.551274
0.655058
0.761505
0.870169
0.979925
1.08152
1.15207
1.17969
0.360159
0.359763
0.363305
0.368608
0.375599
0.385872
0.413064
0.46799
0.545646
0.638261
0.737975
0.84025
0.944466
1.0492
1.14544
1.21178
1.23826
0.472284
0.471777
0.476424
0.483377
0.492541
0.505318
0.533745
0.587492
0.661855
0.749807
0.844303
0.94123
1.03974
1.13804
1.2274
1.28834
1.31335
0.616043
0.615403
0.621466
0.630537
0.642482
0.658479
0.68848
0.740723
0.810871
0.892849
0.980655
1.07073
1.16193
1.25197
1.33251
1.38651
1.40964
0.800354
0.799559
0.80744
0.819225
0.834731
0.854872
0.886876
0.937204
1.00196
1.07628
1.15551
1.23679
1.31862
1.39807
1.46729
1.51239
1.53311
1.03664
1.03568
1.04589
1.06116
1.08122
1.1067
1.14125
1.18914
1.247
1.31152
1.37976
1.44976
1.51958
1.58545
1.64015
1.67381
1.69141
1.33955
1.33842
1.35163
1.37136
1.39724
1.42961
1.46738
1.51219
1.56123
1.61319
1.66734
1.7229
1.77732
1.82577
1.86183
1.8808
1.89438
2.12455
2.11422
2.10426
2.08136
2.04709
2.0066
1.96455
1.92362
1.88401
1.84522
1.80738
1.7717
1.74005
1.714
1.69429
1.68113
1.68327
2.33073
2.32275
2.31504
2.29731
2.27078
2.23945
2.20692
2.17524
2.14459
2.11459
2.0853
2.0577
2.03322
2.01306
1.99781
1.98764
1.98919
2.49154
2.48538
2.47942
2.46573
2.44525
2.42105
2.39594
2.37149
2.34783
2.32467
2.30206
2.28075
2.26186
2.2463
2.23453
2.22667
2.22782
2.61695
2.61221
2.60762
2.59708
2.58131
2.56269
2.54336
2.52455
2.50634
2.48851
2.47111
2.45471
2.44017
2.4282
2.41914
2.41309
2.41394
2.71475
2.71112
2.70761
2.69952
2.68743
2.67316
2.65834
2.64392
2.62996
2.61629
2.60295
2.59038
2.57923
2.57006
2.56311
2.55848
2.55911
2.79103
2.78826
2.78558
2.77941
2.77019
2.75931
2.74801
2.73701
2.72636
2.71594
2.70577
2.69619
2.68769
2.68069
2.6754
2.67186
2.67233
2.85051
2.84842
2.84639
2.84172
2.83474
2.8265
2.81794
2.80961
2.80155
2.79366
2.78596
2.7787
2.77227
2.76697
2.76296
2.76029
2.76064
2.89691
2.89534
2.89381
2.89031
2.88508
2.8789
2.87248
2.86624
2.86019
2.85427
2.8485
2.84306
2.83823
2.83426
2.83125
2.82925
2.82951
2.93309
2.93193
2.9308
2.92821
2.92434
2.91976
2.91501
2.91039
2.90592
2.90154
2.89727
2.89325
2.88968
2.88674
2.88451
2.88303
2.88322
2.9613
2.96046
2.95964
2.95776
2.95495
2.95163
2.94819
2.94483
2.94159
2.93841
2.93531
2.93239
2.9298
2.92766
2.92605
2.92497
2.92511
2.98331
2.98272
2.98214
2.98081
2.97883
2.97649
2.97406
2.97169
2.9694
2.96716
2.96497
2.96291
2.96108
2.95958
2.95844
2.95768
2.95778
3.00047
3.00007
2.99968
2.99879
2.99745
2.99587
2.99423
2.99264
2.99109
2.98958
2.98811
2.98672
2.98548
2.98447
2.9837
2.98319
2.98325
3.01386
3.01361
3.01336
3.01281
3.01197
3.01099
3.00997
3.00897
3.00801
3.00707
3.00615
3.00528
3.00451
3.00388
3.0034
3.00308
3.00312
3.02429
3.02416
3.02403
3.02374
3.0233
3.02278
3.02224
3.02171
3.0212
3.0207
3.02022
3.01976
3.01935
3.01902
3.01877
3.0186
3.01862
3.03243
3.03239
3.03235
3.03226
3.03213
3.03197
3.03181
3.03165
3.03149
3.03134
3.03119
3.03105
3.03093
3.03083
3.03075
3.0307
3.03071
1.68872
1.68872
1.68872
1.68872
1.68872
1.68872
1.68872
1.68872
1.68872
1.68872
1.68872
1.68872
1.68872
1.68872
1.68872
1.68872
1.99359
1.99359
1.99359
1.99359
1.99359
1.99359
1.99359
1.99359
1.99359
1.99359
1.99359
1.99359
1.99359
1.99359
1.99359
1.99359
2.23132
2.23132
2.23132
2.23132
2.23132
2.23132
2.23132
2.23132
2.23132
2.23132
2.23132
2.23132
2.23132
2.23132
2.23132
2.23132
2.4167
2.4167
2.4167
2.4167
2.4167
2.4167
2.4167
2.4167
2.4167
2.4167
2.4167
2.4167
2.4167
2.4167
2.4167
2.4167
2.56126
2.56126
2.56126
2.56126
2.56126
2.56126
2.56126
2.56126
2.56126
2.56126
2.56126
2.56126
2.56126
2.56126
2.56126
2.56126
2.674
2.674
2.674
2.674
2.674
2.674
2.674
2.674
2.674
2.674
2.674
2.674
2.674
2.674
2.674
2.674
2.76191
2.76191
2.76191
2.76191
2.76191
2.76191
2.76191
2.76191
2.76191
2.76191
2.76191
2.76191
2.76191
2.76191
2.76191
2.76191
2.83047
2.83047
2.83047
2.83047
2.83047
2.83047
2.83047
2.83047
2.83047
2.83047
2.83047
2.83047
2.83047
2.83047
2.83047
2.83047
2.88393
2.88393
2.88393
2.88393
2.88393
2.88393
2.88393
2.88393
2.88393
2.88393
2.88393
2.88393
2.88393
2.88393
2.88393
2.88393
2.92563
2.92563
2.92563
2.92563
2.92563
2.92563
2.92563
2.92563
2.92563
2.92563
2.92563
2.92563
2.92563
2.92563
2.92563
2.92563
2.95815
2.95815
2.95815
2.95815
2.95815
2.95815
2.95815
2.95815
2.95815
2.95815
2.95815
2.95815
2.95815
2.95815
2.95815
2.95815
2.9835
2.9835
2.9835
2.9835
2.9835
2.9835
2.9835
2.9835
2.9835
2.9835
2.9835
2.9835
2.9835
2.9835
2.9835
2.9835
3.00328
3.00328
3.00328
3.00328
3.00328
3.00328
3.00328
3.00328
3.00328
3.00328
3.00328
3.00328
3.00328
3.00328
3.00328
3.00328
3.0187
3.0187
3.0187
3.0187
3.0187
3.0187
3.0187
3.0187
3.0187
3.0187
3.0187
3.0187
3.0187
3.0187
3.0187
3.0187
3.03073
3.03073
3.03073
3.03073
3.03073
3.03073
3.03073
3.03073
3.03073
3.03073
3.03073
3.03073
3.03073
3.03073
3.03073
3.03073
1.68327
1.68113
1.69429
1.714
1.74005
1.7717
1.80738
1.84522
1.88401
1.92362
1.96455
2.0066
2.04709
2.08136
2.10426
2.11422
2.12455
1.98919
1.98764
1.99781
2.01306
2.03322
2.0577
2.0853
2.11459
2.14459
2.17524
2.20692
2.23945
2.27078
2.29731
2.31504
2.32275
2.33073
2.22782
2.22667
2.23453
2.2463
2.26186
2.28075
2.30206
2.32467
2.34783
2.37149
2.39594
2.42105
2.44525
2.46573
2.47942
2.48538
2.49154
2.41394
2.41309
2.41914
2.4282
2.44017
2.45471
2.47111
2.48851
2.50634
2.52455
2.54336
2.56269
2.58131
2.59708
2.60762
2.61221
2.61695
2.55911
2.55848
2.56311
2.57006
2.57923
2.59038
2.60295
2.61629
2.62996
2.64392
2.65834
2.67316
2.68743
2.69952
2.70761
2.71112
2.71475
2.67233
2.67186
2.6754
2.68069
2.68769
2.69619
2.70577
2.71594
2.72636
2.73701
2.74801
2.75931
2.77019
2.77941
2.78558
2.78826
2.79103
2.76064
2.76029
2.76296
2.76697
2.77227
2.7787
2.78596
2.79366
2.80155
2.80961
2.81794
2.8265
2.83474
2.84172
2.84639
2.84842
2.85051
2.82951
2.82925
2.83125
2.83426
2.83823
2.84306
2.8485
2.85427
2.86019
2.86624
2.87248
2.8789
2.88508
2.89031
2.89381
2.89534
2.89691
2.88322
2.88303
2.88451
2.88674
2.88968
2.89325
2.89727
2.90154
2.90592
2.91039
2.91501
2.91976
2.92434
2.92821
2.9308
2.93193
2.93309
2.92511
2.92497
2.92605
2.92766
2.9298
2.93239
2.93531
2.93841
2.94159
2.94483
2.94819
2.95163
2.95495
2.95776
2.95964
2.96046
2.9613
2.95778
2.95768
2.95844
2.95958
2.96108
2.96291
2.96497
2.96716
2.9694
2.97169
2.97406
2.97649
2.97883
2.98081
2.98214
2.98272
2.98331
2.98325
2.98319
2.9837
2.98447
2.98548
2.98672
2.98811
2.98958
2.99109
2.99264
2.99423
2.99587
2.99745
2.99879
2.99968
3.00007
3.00047
3.00312
3.00308
3.0034
3.00388
3.00451
3.00528
3.00615
3.00707
3.00801
3.00897
3.00997
3.01099
3.01197
3.01281
3.01336
3.01361
3.01386
3.01862
3.0186
3.01877
3.01902
3.01935
3.01976
3.02022
3.0207
3.0212
3.02171
3.02224
3.02278
3.0233
3.02374
3.02403
3.02416
3.02429
3.03071
3.0307
3.03075
3.03083
3.03093
3.03105
3.03119
3.03134
3.03149
3.03165
3.03181
3.03197
3.03213
3.03226
3.03235
3.03239
3.03243
1.00057
0.96949
0.886094
0.768114
0.643002
0.520733
0.401528
0.285292
0.177899
0.089793
0.0310997
0.00785599
0.00546855
0.00536671
0.00528951
0.00523795
0.00524384
1.00859
0.97766
0.894838
0.77759
0.653165
0.531505
0.412872
0.297192
0.190298
0.102545
0.04398
0.0206022
0.0179499
0.0176153
0.0173619
0.0171928
0.0172127
1.01886
0.988135
0.90605
0.789741
0.666197
0.545318
0.427417
0.312452
0.206197
0.118897
0.0604959
0.0369462
0.0339541
0.0333212
0.0328418
0.0325219
0.0325598
1.03204
1.00157
0.920426
0.805323
0.682908
0.56303
0.446067
0.332019
0.226584
0.139865
0.0816734
0.0579035
0.0544754
0.0534601
0.052691
0.0521777
0.0522385
1.04894
1.01879
0.938861
0.825302
0.704336
0.585742
0.469983
0.357109
0.252726
0.166751
0.108828
0.0847761
0.080789
0.0792833
0.0781427
0.0773814
0.0774712
1.0706
1.04088
0.9625
0.850922
0.731814
0.614865
0.500649
0.389282
0.286247
0.201225
0.143647
0.119234
0.114529
0.112395
0.110778
0.109699
0.109825
1.09839
1.0692
0.992812
0.883775
0.767048
0.65221
0.539973
0.430537
0.32923
0.24543
0.188294
0.163418
0.157793
0.154853
0.152625
0.151138
0.151311
1.13401
1.10551
1.03168
0.925903
0.81223
0.700097
0.590398
0.483438
0.384346
0.302113
0.245541
0.220073
0.213266
0.209293
0.206283
0.204272
0.204504
1.17969
1.15207
1.08152
0.979925
0.870169
0.761505
0.655058
0.551274
0.45502
0.374794
0.318945
0.29272
0.284396
0.2791
0.275085
0.272403
0.272708
1.23826
1.21178
1.14544
1.0492
0.944466
0.84025
0.737975
0.638261
0.545646
0.46799
0.413064
0.385872
0.375599
0.368608
0.363305
0.359763
0.360159
1.31335
1.28834
1.2274
1.13804
1.03974
0.94123
0.844303
0.749807
0.661855
0.587492
0.533745
0.505318
0.492541
0.483377
0.476424
0.471777
0.472284
1.40964
1.38651
1.33251
1.25197
1.16193
1.07073
0.980655
0.892849
0.810871
0.740723
0.68848
0.658479
0.642482
0.630537
0.621466
0.615403
0.616043
1.53311
1.51239
1.46729
1.39807
1.31862
1.23679
1.15551
1.07628
1.00196
0.937204
0.886876
0.854872
0.834731
0.819225
0.80744
0.799559
0.800354
1.69141
1.67381
1.64015
1.58545
1.51958
1.44976
1.37976
1.31152
1.247
1.18914
1.14125
1.1067
1.08122
1.06116
1.04589
1.03568
1.03664
1.89438
1.8808
1.86183
1.82577
1.77732
1.7229
1.66734
1.61319
1.56123
1.51219
1.46738
1.42961
1.39724
1.37136
1.35163
1.33842
1.33955
0.0052695
0.0052695
0.0052695
0.0052695
0.0052695
0.0052695
0.0052695
0.0052695
0.0052695
0.0052695
0.0052695
0.0052695
0.0052695
0.0052695
0.0052695
0.0052695
0.0172965
0.0172965
0.0172965
0.0172965
0.0172965
0.0172965
0.0172965
0.0172965
0.0172965
0.0172965
0.0172965
0.0172965
0.0172965
0.0172965
0.0172965
0.0172965
0.0327182
0.0327182
0.0327182
0.0327182
0.0327182
0.0327182
0.0327182
0.0327182
0.0327182
0.0327182
0.0327182
0.0327182
0.0327182
0.0327182
0.0327182
0.0327182
0.0524927
0.0524927
0.0524927
0.0524927
0.0524927
0.0524927
0.0524927
0.0524927
0.0524927
0.0524927
0.0524927
0.0524927
0.0524927
0.0524927
0.0524927
0.0524927
0.0778485
0.0778485
0.0778485
0.0778485
0.0778485
0.0778485
0.0778485
0.0778485
0.0778485
0.0778485
0.0778485
0.0778485
0.0778485
0.0778485
0.0778485
0.0778485
0.110361
0.110361
0.110361
0.110361
0.110361
0.110361
0.110361
0.110361
0.110361
0.110361
0.110361
0.110361
0.110361
0.110361
0.110361
0.110361
0.152049
0.152049
0.152049
0.152049
0.152049
0.152049
0.152049
0.152049
0.152049
0.152049
0.152049
0.152049
0.152049
0.152049
0.152049
0.152049
0.205503
0.205503
0.205503
0.205503
0.205503
0.205503
0.205503
0.205503
0.205503
0.205503
0.205503
0.205503
0.205503
0.205503
0.205503
0.205503
0.274044
0.274044
0.274044
0.274044
0.274044
0.274044
0.274044
0.274044
0.274044
0.274044
0.274044
0.274044
0.274044
0.274044
0.274044
0.274044
0.361927
0.361927
0.361927
0.361927
0.361927
0.361927
0.361927
0.361927
0.361927
0.361927
0.361927
0.361927
0.361927
0.361927
0.361927
0.361927
0.474611
0.474611
0.474611
0.474611
0.474611
0.474611
0.474611
0.474611
0.474611
0.474611
0.474611
0.474611
0.474611
0.474611
0.474611
0.474611
0.619092
0.619092
0.619092
0.619092
0.619092
0.619092
0.619092
0.619092
0.619092
0.619092
0.619092
0.619092
0.619092
0.619092
0.619092
0.619092
0.80434
0.80434
0.80434
0.80434
0.80434
0.80434
0.80434
0.80434
0.80434
0.80434
0.80434
0.80434
0.80434
0.80434
0.80434
0.80434
1.04185
1.04185
1.04185
1.04185
1.04185
1.04185
1.04185
1.04185
1.04185
1.04185
1.04185
1.04185
1.04185
1.04185
1.04185
1.04185
1.34636
1.34636
1.34636
1.34636
1.34636
1.34636
1.34636
1.34636
1.34636
1.34636
1.34636
1.34636
1.34636
1.34636
1.34636
1.34636
0.00524384
0.00523795
0.00528951
0.00536671
0.00546855
0.00785599
0.0310997
0.089793
0.177899
0.285292
0.401528
0.520733
0.643002
0.768114
0.886094
0.96949
1.00057
0.0172127
0.0171928
0.0173619
0.0176153
0.0179499
0.0206022
0.04398
0.102545
0.190298
0.297192
0.412872
0.531505
0.653165
0.77759
0.894838
0.97766
1.00859
0.0325598
0.0325219
0.0328418
0.0333212
0.0339541
0.0369462
0.0604959
0.118897
0.206197
0.312452
0.427417
0.545318
0.666197
0.789741
0.90605
0.988135
1.01886
0.0522385
0.0521777
0.052691
0.0534601
0.0544754
0.0579035
0.0816734
0.139865
0.226584
0.332019
0.446067
0.56303
0.682908
0.805323
0.920426
1.00157
1.03204
0.0774712
0.0773814
0.0781427
0.0792833
0.080789
0.0847761
0.108828
0.166751
0.252726
0.357109
0.469983
0.585742
0.704336
0.825302
0.938861
1.01879
1.04894
0.109825
0.109699
0.110778
0.112395
0.114529
0.119234
0.143647
0.201225
0.286247
0.389282
0.500649
0.614865
0.731814
0.850922
0.9625
1.04088
1.0706
0.151311
0.151138
0.152625
0.154853
0.157793
0.163418
0.188294
0.24543
0.32923
0.430537
0.539973
0.65221
0.767048
0.883775
0.992812
1.0692
1.09839
0.204504
0.204272
0.206283
0.209293
0.213266
0.220073
0.245541
0.302113
0.384346
0.483438
0.590398
0.700097
0.81223
0.925903
1.03168
1.10551
1.13401
0.272708
0.272403
0.275085
0.2791
0.284396
0.29272
0.318945
0.374794
0.45502
0.551274
0.655058
0.761505
0.870169
0.979925
1.08152
1.15207
1.17969
0.360159
0.359763
0.363305
0.368608
0.375599
0.385872
0.413064
0.46799
0.545646
0.638261
0.737975
0.84025
0.944466
1.0492
1.14544
1.21178
1.23826
0.472284
0.471777
0.476424
0.483377
0.492541
0.505318
0.533745
0.587492
0.661855
0.749807
0.844303
0.94123
1.03974
1.13804
1.2274
1.28834
1.31335
0.616043
0.615403
0.621466
0.630537
0.642482
0.658479
0.68848
0.740723
0.810871
0.892849
0.980655
1.07073
1.16193
1.25197
1.33251
1.38651
1.40964
0.800354
0.799559
0.80744
0.819225
0.834731
0.854872
0.886876
0.937204
1.00196
1.07628
1.15551
1.23679
1.31862
1.39807
1.46729
1.51239
1.53311
1.03664
1.03568
1.04589
1.06116
1.08122
1.1067
1.14125
1.18914
1.247
1.31152
1.37976
1.44976
1.51958
1.58545
1.64015
1.67381
1.69141
1.33955
1.33842
1.35163
1.37136
1.39724
1.42961
1.46738
1.51219
1.56123
1.61319
1.66734
1.7229
1.77732
1.82577
1.86183
1.8808
1.89438
2.12455
2.11422
2.10426
2.08136
2.04709
2.0066
1.96455
1.92362
1.88401
1.84522
1.80738
1.7717
1.74005
1.714
1.69429
1.68113
1.68327
2.33073
2.32275
2.31504
2.29731
2.27078
2.23945
2.20692
2.17524
2.14459
2.11459
2.0853
2.0577
2.03322
2.01306
1.99781
1.98764
1.98919
2.49154
2.48538
2.47942
2.46573
2.44525
2.42105
2.39594
2.37149
2.34783
2.32467
2.30206
2.28075
2.26186
2.2463
2.23453
2.22667
2.22782
2.61695
2.61221
2.60762
2.59708
2.58131
2.56269
2.54336
2.52455
2.50634
2.48851
2.47111
2.45471
2.44017
2.4282
2.41914
2.41309
2.41394
2.71475
2.71112
2.70761
2.69952
2.68743
2.67316
2.65834
2.64392
2.62996
2.61629
2.60295
2.59038
2.57923
2.57006
2.56311
2.55848
2.55911
2.79103
2.78826
2.78558
2.77941
2.77019
2.75931
2.74801
2.73701
2.72636
2.71594
2.70577
2.69619
2.68769
2.68069
2.6754
2.67186
2.67233
2.85051
2.84842
2.84639
2.84172
2.83474
2.8265
2.81794
2.80961
2.80155
2.79366
2.78596
2.7787
2.77227
2.76697
2.76296
2.76029
2.76064
2.89691
2.89534
2.89381
2.89031
2.88508
2.8789
2.87248
2.86624
2.86019
2.85427
2.8485
2.84306
2.83823
2.83426
2.83125
2.82925
2.82951
2.93309
2.93193
2.9308
2.92821
2.92434
2.91976
2.91501
2.91039
2.90592
2.90154
2.89727
2.89325
2.88968
2.88674
2.88451
2.88303
2.88322
2.9613
2.96046
2.95964
2.95776
2.95495
2.95163
2.94819
2.94483
2.94159
2.93841
2.93531
2.93239
2.9298
2.92766
2.92605
2.92497
2.92511
2.98331
2.98272
2.98214
2.98081
2.97883
2.97649
2.97406
2.97169
2.9694
2.96716
2.96497
2.96291
2.96108
2.95958
2.95844
2.95768
2.95778
3.00047
3.00007
2.99968
2.99879
2.99745
2.99587
2.99423
2.99264
2.99109
2.98958
2.98811
2.98672
2.98548
2.98447
2.9837
2.98319
2.98325
3.01386
3.01361
3.01336
3.01281
3.01197
3.01099
3.00997
3.00897
3.00801
3.00707
3.00615
3.00528
3.00451
3.00388
3.0034
3.00308
3.00312
3.02429
3.02416
3.02403
3.02374
3.0233
3.02278
3.02224
3.02171
3.0212
3.0207
3.02022
3.01976
3.01935
3.01902
3.01877
3.0186
3.01862
3.03243
3.03239
3.03235
3.03226
3.03213
3.03197
3.03181
3.03165
3.03149
3.03134
3.03119
3.03105
3.03093
3.03083
3.03075
3.0307
3.03071
1.68872
1.68872
1.68872
1.68872
1.68872
1.68872
1.68872
1.68872
1.68872
1.68872
1.68872
1.68872
1.68872
1.68872
1.68872
1.68872
1.99359
1.99359
1.99359
1.99359
1.99359
1.99359
1.99359
1.99359
1.99359
1.99359
1.99359
1.99359
1.99359
1.99359
1.99359
1.99359
2.23132
2.23132
2.23132
2.23132
2.23132
2.23132
2.23132
2.23132
2.23132
2.23132
2.23132
2.23132
2.23132
2.23132
2.23132
2.23132
2.4167
2.4167
2.4167
2.4167
2.4167
2.4167
2.4167
2.4167
2.4167
2.4167
2.4167
2.4167
2.4167
2.4167
2.4167
2.4167
2.56126
2.56126
2.56126
2.56126
2.56126
2.56126
2.56126
2.56126
2.56126
2.56126
2.56126
2.56126
2.56126
2.56126
2.56126
2.56126
2.674
2.674
2.674
2.674
2.674
2.674
2.674
2.674
2.674
2.674
2.674
2.674
2.674
2.674
2.674
2.674
2.76191
2.76191
2.76191
2.76191
2.76191
2.76191
2.76191
2.76191
2.76191
2.76191
2.76191
2.76191
2.76191
2.76191
2.76191
2.76191
2.83047
2.83047
2.83047
2.83047
2.83047
2.83047
2.83047
2.83047
2.83047
2.83047
2.83047
2.83047
2.83047
2.83047
2.83047
2.83047
2.88393
2.88393
2.88393
2.88393
2.88393
2.88393
2.88393
2.88393
2.88393
2.88393
2.88393
2.88393
2.88393
2.88393
2.88393
2.88393
2.92563
2.92563
2.92563
2.92563
2.92563
2.92563
2.92563
2.92563
2.92563
2.92563
2.92563
2.92563
2.92563
2.92563
2.92563
2.92563
2.95815
2.95815
2.95815
2.95815
2.95815
2.95815
2.95815
2.95815
2.95815
2.95815
2.95815
2.95815
2.95815
2.95815
2.95815
2.95815
2.9835
2.9835
2.9835
2.9835
2.9835
2.9835
2.9835
2.9835
2.9835
2.9835
2.9835
2.9835
2.9835
2.9835
2.9835
2.9835
3.00328
3.00328
3.00328
3.00328
3.00328
3.00328
3.00328
3.00328
3.00328
3.00328
3.00328
3.00328
3.00328
3.00328
3.00328
3.00328
3.0187
3.0187
3.0187
3.0187
3.0187
3.0187
3.0187
3.0187
3.0187
3.0187
3.0187
3.0187
3.0187
3.0187
3.0187
3.0187
3.03073
3.03073
3.03073
3.03073
3.03073
3.03073
3.03073
3.03073
3.03073
3.03073
3.03073
3.03073
3.03073
3.03073
3.03073
3.03073
1.68327
1.68113
1.69429
1.714
1.74005
1.7717
1.80738
1.84522
1.88401
1.92362
1.96455
2.0066
2.04709
2.08136
2.10426
2.11422
2.12455
1.98919
1.98764
1.99781
2.01306
2.03322
2.0577
2.0853
2.11459
2.14459
2.17524
2.20692
2.23945
2.27078
2.29731
2.31504
2.32275
2.33073
2.22782
2.22667
2.23453
2.2463
2.26186
2.28075
2.30206
2.32467
2.34783
2.37149
2.39594
2.42105
2.44525
2.46573
2.47942
2.48538
2.49154
2.41394
2.41309
2.41914
2.4282
2.44017
2.45471
2.47111
2.48851
2.50634
2.52455
2.54336
2.56269
2.58131
2.59708
2.60762
2.61221
2.61695
2.55911
2.55848
2.56311
2.57006
2.57923
2.59038
2.60295
2.61629
2.62996
2.64392
2.65834
2.67316
2.68743
2.69952
2.70761
2.71112
2.71475
2.67233
2.67186
2.6754
2.68069
2.68769
2.69619
2.70577
2.71594
2.72636
2.73701
2.74801
2.75931
2.77019
2.77941
2.78558
2.78826
2.79103
2.76064
2.76029
2.76296
2.76697
2.77227
2.7787
2.78596
2.79366
2.80155
2.80961
2.81794
2.8265
2.83474
2.84172
2.84639
2.84842
2.85051
2.82951
2.82925
2.83125
2.83426
2.83823
2.84306
2.8485
2.85427
2.86019
2.86624
2.87248
2.8789
2.88508
2.89031
2.89381
2.89534
2.89691
2.88322
2.88303
2.88451
2.88674
2.88968
2.89325
2.89727
2.90154
2.90592
2.91039
2.91501
2.91976
2.92434
2.92821
2.9308
2.93193
2.93309
2.92511
2.92497
2.92605
2.92766
2.9298
2.93239
2.93531
2.93841
2.94159
2.94483
2.94819
2.95163
2.95495
2.95776
2.95964
2.96046
2.9613
2.95778
2.95768
2.95844
2.95958
2.96108
2.96291
2.96497
2.96716
2.9694
2.97169
2.97406
2.97649
2.97883
2.98081
2.98214
2.98272
2.98331
2.98325
2.98319
2.9837
2.98447
2.98548
2.98672
2.98811
2.98958
2.99109
2.99264
2.99423
2.99587
2.99745
2.99879
2.99968
3.00007
3.00047
3.00312
3.00308
3.0034
3.00388
3.00451
3.00528
3.00615
3.00707
3.00801
3.00897
3.00997
3.01099
3.01197
3.01281
3.01336
3.01361
3.01386
3.01862
3.0186
3.01877
3.01902
3.01935
3.01976
3.02022
3.0207
3.0212
3.02171
3.02224
3.02278
3.0233
3.02374
3.02403
3.02416
3.02429
3.03071
3.0307
3.03075
3.03083
3.03093
3.03105
3.03119
3.03134
3.03149
3.03165
3.03181
3.03197
3.03213
3.03226
3.03235
3.03239
3.03243
)
;

boundaryField
{
    topWall
    {
        type            calculated;
        value           nonuniform List<scalar> 
100
(
3.036
3.036
3.036
3.036
3.036
3.036
3.036
3.036
3.036
3.036
3.036
3.036
3.036
3.036
3.036
3.036
3.036
3.036
3.036
3.036
3.036
3.036
3.036
3.036
3.036
3.036
3.036
3.036
3.036
3.036
3.036
3.036
3.036
3.036
3.036
3.036
3.036
3.036
3.036
3.036
3.036
3.036
3.036
3.036
3.036
3.036
3.036
3.036
3.036
3.036
3.036
3.036
3.036
3.036
3.036
3.036
3.036
3.036
3.036
3.036
3.036
3.036
3.036
3.036
3.036
3.036
3.036
3.036
3.036
3.036
3.036
3.036
3.036
3.036
3.036
3.036
3.036
3.036
3.036
3.036
3.036
3.036
3.036
3.036
3.036
3.036
3.036
3.036
3.036
3.036
3.036
3.036
3.036
3.036
3.036
3.036
3.036
3.036
3.036
3.036
)
;
    }
    bottomWall
    {
        type            calculated;
        value           nonuniform List<scalar> 
100
(
0.997053
0.966148
0.88316
0.764997
0.63939
0.516676
0.397152
0.280589
0.172799
0.0843318
0.0254505
0.00226311
0
0
0
0
0
0
0
0
0
0
0
0
0
0
0
0
0
0
0
0
0
0
0
0
0
0
0.00226311
0.0254505
0.0843318
0.172799
0.280589
0.397152
0.516676
0.63939
0.764997
0.88316
0.966148
0.997053
0.997053
0.966148
0.88316
0.764997
0.63939
0.516676
0.397152
0.280589
0.172799
0.0843318
0.0254505
0.00226311
0
0
0
0
0
0
0
0
0
0
0
0
0
0
0
0
0
0
0
0
0
0
0
0
0
0
0.00226311
0.0254505
0.0843318
0.172799
0.280589
0.397152
0.516676
0.63939
0.764997
0.88316
0.966148
0.997053
)
;
    }
    inlet
    {
        type            calculated;
        value           nonuniform List<scalar> 
30
(
1.00353
1.0116
1.02194
1.0352
1.05221
1.07401
1.10197
1.13782
1.18379
1.24274
1.31832
1.41524
1.53952
1.69887
1.9032
2.1328
2.33713
2.49648
2.62076
2.71768
2.79326
2.85221
2.89818
2.93403
2.96199
2.98379
3.0008
3.01406
3.0244
3.03247
)
;
    }
    outlet
    {
        type            calculated;
        value           nonuniform List<scalar> 
30
(
1.00353
1.0116
1.02194
1.0352
1.05221
1.07401
1.10197
1.13782
1.18379
1.24274
1.31832
1.41524
1.53952
1.69887
1.9032
2.1328
2.33713
2.49648
2.62076
2.71768
2.79326
2.85221
2.89818
2.93403
2.96199
2.98379
3.0008
3.01406
3.0244
3.03247
)
;
    }
    defaultFaces
    {
        type            empty;
    }
}


// ************************************************************************* //
