/*--------------------------------*- C++ -*----------------------------------*\
| =========                 |                                                 |
| \\      /  F ield         | OpenFOAM: The Open Source CFD Toolbox           |
|  \\    /   O peration     | Version:  2.3.x                                 |
|   \\  /    A nd           | Web:      www.OpenFOAM.org                      |
|    \\/     M anipulation  |                                                 |
\*---------------------------------------------------------------------------*/
FoamFile
{
    version     2.0;
    format      ascii;
    class       volScalarField;
    location    "0";
    object      sigmaK;
}
// * * * * * * * * * * * * * * * * * * * * * * * * * * * * * * * * * * * * * //

dimensions      [0 2 -2 0 0 0 0];

internalField   nonuniform List<scalar> 
3000
(
5.999999999999999778e-01
5.999999999999999778e-01
5.999999999999999778e-01
5.999999999999999778e-01
5.999999999999999778e-01
5.999999999999999778e-01
5.999999999999999778e-01
5.999999999999999778e-01
5.999999999999999778e-01
5.999999999999999778e-01
5.999999999999999778e-01
5.999999999999999778e-01
5.999999999999999778e-01
5.999999999999999778e-01
5.999999999999999778e-01
5.999999999999999778e-01
5.999999999999999778e-01
5.999999999999999778e-01
5.999999999999999778e-01
5.999999999999999778e-01
5.999999999999999778e-01
5.999999999999999778e-01
5.999999999999999778e-01
5.999999999999999778e-01
5.999999999999999778e-01
5.999999999999999778e-01
5.999999999999999778e-01
5.999999999999999778e-01
5.999999999999999778e-01
5.999999999999999778e-01
5.999999999999999778e-01
5.999999999999999778e-01
5.999999999999999778e-01
5.999999999999999778e-01
5.999999999999999778e-01
5.999999999999999778e-01
5.999999999999999778e-01
5.999999999999999778e-01
5.999999999999999778e-01
5.999999999999999778e-01
5.999999999999999778e-01
5.999999999999999778e-01
5.999999999999999778e-01
5.999999999999999778e-01
5.999999999999999778e-01
5.999999999999999778e-01
5.999999999999999778e-01
5.999999999999999778e-01
5.999999999999999778e-01
5.999999999999999778e-01
5.999999999999999778e-01
5.999999999999999778e-01
5.999999999999999778e-01
5.999999999999999778e-01
5.999999999999999778e-01
5.999999999999999778e-01
5.999999999999999778e-01
5.999999999999999778e-01
5.999999999999999778e-01
5.999999999999999778e-01
5.999999999999999778e-01
5.999999999999999778e-01
5.999999999999999778e-01
5.999999999999999778e-01
5.999999999999999778e-01
5.999999999999999778e-01
5.999999999999999778e-01
5.999999999999999778e-01
5.999999999999999778e-01
5.999999999999999778e-01
5.999999999999999778e-01
5.999999999999999778e-01
5.999999999999999778e-01
5.999999999999999778e-01
5.999999999999999778e-01
5.999999999999999778e-01
5.999999999999999778e-01
5.999999999999999778e-01
5.999999999999999778e-01
5.999999999999999778e-01
5.999999999999999778e-01
5.999999999999999778e-01
5.999999999999999778e-01
5.999999999999999778e-01
5.999999999999999778e-01
5.999999999999999778e-01
5.999999999999999778e-01
5.999999999999999778e-01
5.999999999999999778e-01
5.999999999999999778e-01
5.999999999999999778e-01
5.999999999999999778e-01
5.999999999999999778e-01
5.999999999999999778e-01
5.999999999999999778e-01
5.999999999999999778e-01
5.999999999999999778e-01
5.999999999999999778e-01
5.999999999999999778e-01
5.999999999999999778e-01
5.999999999999999778e-01
5.999999999999999778e-01
5.999999999999999778e-01
5.999999999999999778e-01
5.999999999999999778e-01
5.999999999999999778e-01
5.999999999999999778e-01
5.999999999999999778e-01
5.999999999999999778e-01
5.999999999999999778e-01
5.999999999999999778e-01
5.999999999999999778e-01
5.999999999999999778e-01
5.999999999999999778e-01
5.999999999999999778e-01
5.999999999999999778e-01
5.999999999999999778e-01
5.999999999999999778e-01
5.999999999999999778e-01
5.999999999999999778e-01
5.999999999999999778e-01
5.999999999999999778e-01
5.999999999999999778e-01
5.999999999999999778e-01
5.999999999999999778e-01
5.999999999999999778e-01
5.999999999999999778e-01
5.999999999999999778e-01
5.999999999999999778e-01
5.999999999999999778e-01
5.999999999999999778e-01
5.999999999999999778e-01
5.999999999999999778e-01
5.999999999999999778e-01
5.999999999999999778e-01
5.999999999999999778e-01
5.999999999999999778e-01
5.999999999999999778e-01
5.999999999999999778e-01
5.999999999999999778e-01
5.999999999999999778e-01
5.999999999999999778e-01
5.999999999999999778e-01
5.999999999999999778e-01
5.999999999999999778e-01
5.999999999999999778e-01
5.999999999999999778e-01
5.999999999999999778e-01
5.999999999999999778e-01
5.999999999999999778e-01
5.999999999999999778e-01
5.999999999999999778e-01
5.999999999999999778e-01
5.999999999999999778e-01
5.999999999999999778e-01
5.999999999999999778e-01
5.999999999999999778e-01
5.999999999999999778e-01
5.999999999999999778e-01
5.999999999999999778e-01
5.999999999999999778e-01
5.999999999999999778e-01
5.999999999999999778e-01
5.999999999999999778e-01
5.999999999999999778e-01
5.999999999999999778e-01
5.999999999999999778e-01
5.999999999999999778e-01
5.999999999999999778e-01
5.999999999999999778e-01
5.999999999999999778e-01
5.999999999999999778e-01
5.999999999999999778e-01
5.999999999999999778e-01
5.999999999999999778e-01
5.999999999999999778e-01
5.999999999999999778e-01
5.999999999999999778e-01
5.999999999999999778e-01
5.999999999999999778e-01
5.999999999999999778e-01
5.999999999999999778e-01
5.999999999999999778e-01
5.999999999999999778e-01
5.999999999999999778e-01
5.999999999999999778e-01
5.999999999999999778e-01
5.999999999999999778e-01
5.999999999999999778e-01
5.999999999999999778e-01
5.999999999999999778e-01
5.999999999999999778e-01
5.999999999999999778e-01
5.999999999999999778e-01
5.999999999999999778e-01
5.999999999999999778e-01
5.999999999999999778e-01
5.999999999999999778e-01
5.999999999999999778e-01
5.999999999999999778e-01
5.999999999999999778e-01
5.999999999999999778e-01
5.999999999999999778e-01
5.999999999999999778e-01
5.999999999999999778e-01
5.999999999999999778e-01
5.999999999999999778e-01
5.999999999999999778e-01
5.999999999999999778e-01
5.999999999999999778e-01
5.999999999999999778e-01
5.999999999999999778e-01
5.999999999999999778e-01
5.999999999999999778e-01
5.999999999999999778e-01
5.999999999999999778e-01
5.999999999999999778e-01
5.999999999999999778e-01
5.999999999999999778e-01
5.999999999999999778e-01
5.999999999999999778e-01
5.999999999999999778e-01
5.999999999999999778e-01
5.999999999999999778e-01
5.999999999999999778e-01
5.999999999999999778e-01
5.999999999999999778e-01
5.999999999999999778e-01
5.999999999999999778e-01
5.999999999999999778e-01
5.999999999999999778e-01
5.999999999999999778e-01
5.999999999999999778e-01
5.999999999999999778e-01
5.999999999999999778e-01
5.999999999999999778e-01
5.999999999999999778e-01
5.999999999999999778e-01
5.999999999999999778e-01
5.999999999999999778e-01
5.999999999999999778e-01
5.999999999999999778e-01
5.999999999999999778e-01
5.999999999999999778e-01
5.999999999999999778e-01
5.999999999999999778e-01
5.999999999999999778e-01
5.999999999999999778e-01
5.999999999999999778e-01
5.999999999999999778e-01
5.999999999999999778e-01
5.999999999999999778e-01
5.999999999999999778e-01
5.999999999999999778e-01
5.999999999999999778e-01
5.999999999999999778e-01
5.999999999999999778e-01
5.999999999999999778e-01
5.999999999999999778e-01
5.999999999999999778e-01
5.999999999999999778e-01
5.999999999999999778e-01
5.999999999999999778e-01
5.999999999999999778e-01
5.999999999999999778e-01
5.999999999999999778e-01
5.999999999999999778e-01
5.999999999999999778e-01
5.999999999999999778e-01
5.999999999999999778e-01
5.999999999999999778e-01
5.999999999999999778e-01
5.999999999999999778e-01
5.999999999999999778e-01
5.999999999999999778e-01
5.999999999999999778e-01
5.999999999999999778e-01
5.999999999999999778e-01
5.999999999999999778e-01
5.999999999999999778e-01
5.999999999999999778e-01
5.999999999999999778e-01
5.999999999999999778e-01
5.999999999999999778e-01
5.999999999999999778e-01
5.999999999999999778e-01
5.999999999999999778e-01
5.999999999999999778e-01
5.999999999999999778e-01
5.999999999999999778e-01
5.999999999999999778e-01
5.999999999999999778e-01
5.999999999999999778e-01
5.999999999999999778e-01
5.999999999999999778e-01
5.999999999999999778e-01
5.999999999999999778e-01
5.999999999999999778e-01
5.999999999999999778e-01
5.999999999999999778e-01
5.999999999999999778e-01
5.999999999999999778e-01
5.999999999999999778e-01
5.999999999999999778e-01
5.999999999999999778e-01
5.999999999999999778e-01
5.999999999999999778e-01
5.999999999999999778e-01
5.999999999999999778e-01
5.999999999999999778e-01
5.999999999999999778e-01
5.999999999999999778e-01
5.999999999999999778e-01
5.999999999999999778e-01
5.999999999999999778e-01
5.999999999999999778e-01
5.999999999999999778e-01
5.999999999999999778e-01
5.999999999999999778e-01
5.999999999999999778e-01
5.999999999999999778e-01
5.999999999999999778e-01
5.999999999999999778e-01
5.999999999999999778e-01
5.999999999999999778e-01
5.999999999999999778e-01
5.999999999999999778e-01
5.999999999999999778e-01
5.999999999999999778e-01
5.999999999999999778e-01
5.999999999999999778e-01
5.999999999999999778e-01
5.999999999999999778e-01
5.999999999999999778e-01
5.999999999999999778e-01
5.999999999999999778e-01
5.999999999999999778e-01
5.999999999999999778e-01
5.999999999999999778e-01
5.999999999999999778e-01
5.999999999999999778e-01
5.999999999999999778e-01
5.999999999999999778e-01
5.999999999999999778e-01
5.999999999999999778e-01
5.999999999999999778e-01
5.999999999999999778e-01
5.999999999999999778e-01
5.999999999999999778e-01
5.999999999999999778e-01
5.999999999999999778e-01
5.999999999999999778e-01
5.999999999999999778e-01
5.999999999999999778e-01
5.999999999999999778e-01
5.999999999999999778e-01
5.999999999999999778e-01
5.999999999999999778e-01
5.999999999999999778e-01
5.999999999999999778e-01
5.999999999999999778e-01
5.999999999999999778e-01
5.999999999999999778e-01
5.999999999999999778e-01
5.999999999999999778e-01
5.999999999999999778e-01
5.999999999999999778e-01
5.999999999999999778e-01
5.999999999999999778e-01
5.999999999999999778e-01
5.999999999999999778e-01
5.999999999999999778e-01
5.999999999999999778e-01
5.999999999999999778e-01
5.999999999999999778e-01
5.999999999999999778e-01
5.999999999999999778e-01
5.999999999999999778e-01
5.999999999999999778e-01
5.999999999999999778e-01
5.999999999999999778e-01
5.999999999999999778e-01
5.999999999999999778e-01
5.999999999999999778e-01
5.999999999999999778e-01
5.999999999999999778e-01
5.999999999999999778e-01
5.999999999999999778e-01
5.999999999999999778e-01
5.999999999999999778e-01
5.999999999999999778e-01
5.999999999999999778e-01
5.999999999999999778e-01
5.999999999999999778e-01
5.999999999999999778e-01
5.999999999999999778e-01
5.999999999999999778e-01
5.999999999999999778e-01
5.999999999999999778e-01
5.999999999999999778e-01
5.999999999999999778e-01
5.999999999999999778e-01
5.999999999999999778e-01
5.999999999999999778e-01
5.999999999999999778e-01
5.999999999999999778e-01
5.999999999999999778e-01
5.999999999999999778e-01
5.999999999999999778e-01
5.999999999999999778e-01
5.999999999999999778e-01
5.999999999999999778e-01
5.999999999999999778e-01
5.999999999999999778e-01
5.999999999999999778e-01
5.999999999999999778e-01
5.999999999999999778e-01
5.999999999999999778e-01
5.999999999999999778e-01
5.999999999999999778e-01
5.999999999999999778e-01
5.999999999999999778e-01
5.999999999999999778e-01
5.999999999999999778e-01
5.999999999999999778e-01
5.999999999999999778e-01
5.999999999999999778e-01
5.999999999999999778e-01
5.999999999999999778e-01
5.999999999999999778e-01
5.999999999999999778e-01
5.999999999999999778e-01
5.999999999999999778e-01
5.999999999999999778e-01
5.999999999999999778e-01
5.999999999999999778e-01
5.999999999999999778e-01
5.999999999999999778e-01
5.999999999999999778e-01
5.999999999999999778e-01
5.999999999999999778e-01
5.999999999999999778e-01
5.999999999999999778e-01
5.999999999999999778e-01
5.999999999999999778e-01
5.999999999999999778e-01
5.999999999999999778e-01
5.999999999999999778e-01
5.999999999999999778e-01
5.999999999999999778e-01
5.999999999999999778e-01
5.999999999999999778e-01
5.999999999999999778e-01
5.999999999999999778e-01
5.999999999999999778e-01
5.999999999999999778e-01
5.999999999999999778e-01
5.999999999999999778e-01
5.999999999999999778e-01
5.999999999999999778e-01
5.999999999999999778e-01
5.999999999999999778e-01
5.999999999999999778e-01
5.999999999999999778e-01
5.999999999999999778e-01
5.999999999999999778e-01
5.999999999999999778e-01
5.999999999999999778e-01
5.999999999999999778e-01
5.999999999999999778e-01
5.999999999999999778e-01
5.999999999999999778e-01
5.999999999999999778e-01
5.999999999999999778e-01
5.999999999999999778e-01
5.999999999999999778e-01
5.999999999999999778e-01
5.999999999999999778e-01
5.999999999999999778e-01
5.999999999999999778e-01
5.999999999999999778e-01
5.999999999999999778e-01
5.999999999999999778e-01
5.999999999999999778e-01
5.999999999999999778e-01
5.999999999999999778e-01
5.999999999999999778e-01
5.999999999999999778e-01
5.999999999999999778e-01
5.999999999999999778e-01
5.999999999999999778e-01
5.999999999999999778e-01
5.999999999999999778e-01
5.999999999999999778e-01
5.999999999999999778e-01
5.999999999999999778e-01
5.999999999999999778e-01
5.999999999999999778e-01
5.999999999999999778e-01
5.999999999999999778e-01
5.999999999999999778e-01
5.999999999999999778e-01
5.999999999999999778e-01
5.999999999999999778e-01
5.999999999999999778e-01
5.999999999999999778e-01
5.999999999999999778e-01
5.999999999999999778e-01
5.999999999999999778e-01
5.999999999999999778e-01
5.999999999999999778e-01
5.999999999999999778e-01
5.999999999999999778e-01
5.999999999999999778e-01
5.999999999999999778e-01
5.999999999999999778e-01
5.999999999999999778e-01
5.999999999999999778e-01
5.999999999999999778e-01
5.999999999999999778e-01
5.999999999999999778e-01
5.999999999999999778e-01
5.999999999999999778e-01
5.999999999999999778e-01
5.999999999999999778e-01
5.999999999999999778e-01
5.999999999999999778e-01
5.999999999999999778e-01
5.999999999999999778e-01
5.999999999999999778e-01
5.999999999999999778e-01
5.999999999999999778e-01
5.999999999999999778e-01
5.999999999999999778e-01
5.999999999999999778e-01
5.999999999999999778e-01
5.999999999999999778e-01
5.999999999999999778e-01
5.999999999999999778e-01
5.999999999999999778e-01
5.999999999999999778e-01
5.999999999999999778e-01
5.999999999999999778e-01
5.999999999999999778e-01
5.999999999999999778e-01
5.999999999999999778e-01
5.999999999999999778e-01
5.999999999999999778e-01
5.999999999999999778e-01
5.999999999999999778e-01
5.999999999999999778e-01
5.999999999999999778e-01
5.999999999999999778e-01
5.999999999999999778e-01
5.999999999999999778e-01
5.999999999999999778e-01
5.999999999999999778e-01
5.999999999999999778e-01
5.999999999999999778e-01
5.999999999999999778e-01
5.999999999999999778e-01
5.999999999999999778e-01
5.999999999999999778e-01
5.999999999999999778e-01
5.999999999999999778e-01
5.999999999999999778e-01
5.999999999999999778e-01
5.999999999999999778e-01
5.999999999999999778e-01
5.999999999999999778e-01
5.999999999999999778e-01
5.999999999999999778e-01
5.999999999999999778e-01
5.999999999999999778e-01
5.999999999999999778e-01
5.999999999999999778e-01
5.999999999999999778e-01
5.999999999999999778e-01
5.999999999999999778e-01
5.999999999999999778e-01
5.999999999999999778e-01
5.999999999999999778e-01
5.999999999999999778e-01
5.999999999999999778e-01
5.999999999999999778e-01
5.999999999999999778e-01
5.999999999999999778e-01
5.999999999999999778e-01
5.999999999999999778e-01
5.999999999999999778e-01
5.999999999999999778e-01
5.999999999999999778e-01
5.999999999999999778e-01
5.999999999999999778e-01
5.999999999999999778e-01
5.999999999999999778e-01
5.999999999999999778e-01
5.999999999999999778e-01
5.999999999999999778e-01
5.999999999999999778e-01
5.999999999999999778e-01
5.999999999999999778e-01
5.999999999999999778e-01
5.999999999999999778e-01
5.999999999999999778e-01
5.999999999999999778e-01
5.999999999999999778e-01
5.999999999999999778e-01
5.999999999999999778e-01
5.999999999999999778e-01
5.999999999999999778e-01
5.999999999999999778e-01
5.999999999999999778e-01
5.999999999999999778e-01
5.999999999999999778e-01
5.999999999999999778e-01
5.999999999999999778e-01
5.999999999999999778e-01
5.999999999999999778e-01
5.999999999999999778e-01
5.999999999999999778e-01
5.999999999999999778e-01
5.999999999999999778e-01
5.999999999999999778e-01
5.999999999999999778e-01
5.999999999999999778e-01
5.999999999999999778e-01
5.999999999999999778e-01
5.999999999999999778e-01
5.999999999999999778e-01
5.999999999999999778e-01
5.999999999999999778e-01
5.999999999999999778e-01
5.999999999999999778e-01
5.999999999999999778e-01
5.999999999999999778e-01
5.999999999999999778e-01
5.999999999999999778e-01
5.999999999999999778e-01
5.999999999999999778e-01
5.999999999999999778e-01
5.999999999999999778e-01
5.999999999999999778e-01
5.999999999999999778e-01
5.999999999999999778e-01
5.999999999999999778e-01
5.999999999999999778e-01
5.999999999999999778e-01
5.999999999999999778e-01
5.999999999999999778e-01
5.999999999999999778e-01
5.999999999999999778e-01
5.999999999999999778e-01
5.999999999999999778e-01
5.999999999999999778e-01
5.999999999999999778e-01
5.999999999999999778e-01
5.999999999999999778e-01
5.999999999999999778e-01
5.999999999999999778e-01
5.999999999999999778e-01
5.999999999999999778e-01
5.999999999999999778e-01
5.999999999999999778e-01
5.999999999999999778e-01
5.999999999999999778e-01
5.999999999999999778e-01
5.999999999999999778e-01
5.999999999999999778e-01
5.999999999999999778e-01
5.999999999999999778e-01
5.999999999999999778e-01
5.999999999999999778e-01
5.999999999999999778e-01
5.999999999999999778e-01
5.999999999999999778e-01
5.999999999999999778e-01
5.999999999999999778e-01
5.999999999999999778e-01
5.999999999999999778e-01
5.999999999999999778e-01
5.999999999999999778e-01
5.999999999999999778e-01
5.999999999999999778e-01
5.999999999999999778e-01
5.999999999999999778e-01
5.999999999999999778e-01
5.999999999999999778e-01
5.999999999999999778e-01
5.999999999999999778e-01
5.999999999999999778e-01
5.999999999999999778e-01
5.999999999999999778e-01
5.999999999999999778e-01
5.999999999999999778e-01
5.999999999999999778e-01
5.999999999999999778e-01
5.999999999999999778e-01
5.999999999999999778e-01
5.999999999999999778e-01
5.999999999999999778e-01
5.999999999999999778e-01
5.999999999999999778e-01
5.999999999999999778e-01
5.999999999999999778e-01
5.999999999999999778e-01
5.999999999999999778e-01
5.999999999999999778e-01
5.999999999999999778e-01
5.999999999999999778e-01
5.999999999999999778e-01
5.999999999999999778e-01
5.999999999999999778e-01
5.999999999999999778e-01
5.999999999999999778e-01
5.999999999999999778e-01
5.999999999999999778e-01
5.999999999999999778e-01
5.999999999999999778e-01
5.999999999999999778e-01
5.999999999999999778e-01
5.999999999999999778e-01
5.999999999999999778e-01
5.999999999999999778e-01
5.999999999999999778e-01
5.999999999999999778e-01
5.999999999999999778e-01
5.999999999999999778e-01
5.999999999999999778e-01
5.999999999999999778e-01
5.999999999999999778e-01
5.999999999999999778e-01
5.999999999999999778e-01
5.999999999999999778e-01
5.999999999999999778e-01
5.999999999999999778e-01
5.999999999999999778e-01
5.999999999999999778e-01
5.999999999999999778e-01
5.999999999999999778e-01
5.999999999999999778e-01
5.999999999999999778e-01
5.999999999999999778e-01
5.999999999999999778e-01
5.999999999999999778e-01
5.999999999999999778e-01
5.999999999999999778e-01
5.999999999999999778e-01
5.999999999999999778e-01
5.999999999999999778e-01
5.999999999999999778e-01
5.999999999999999778e-01
5.999999999999999778e-01
5.999999999999999778e-01
5.999999999999999778e-01
5.999999999999999778e-01
5.999999999999999778e-01
5.999999999999999778e-01
5.999999999999999778e-01
5.999999999999999778e-01
5.999999999999999778e-01
5.999999999999999778e-01
5.999999999999999778e-01
5.999999999999999778e-01
5.999999999999999778e-01
5.999999999999999778e-01
5.999999999999999778e-01
5.999999999999999778e-01
5.999999999999999778e-01
5.999999999999999778e-01
5.999999999999999778e-01
5.999999999999999778e-01
5.999999999999999778e-01
5.999999999999999778e-01
5.999999999999999778e-01
5.999999999999999778e-01
5.999999999999999778e-01
5.999999999999999778e-01
5.999999999999999778e-01
5.999999999999999778e-01
5.999999999999999778e-01
5.999999999999999778e-01
5.999999999999999778e-01
5.999999999999999778e-01
5.999999999999999778e-01
5.999999999999999778e-01
5.999999999999999778e-01
5.999999999999999778e-01
5.999999999999999778e-01
5.999999999999999778e-01
5.999999999999999778e-01
5.999999999999999778e-01
5.999999999999999778e-01
5.999999999999999778e-01
5.999999999999999778e-01
5.999999999999999778e-01
5.999999999999999778e-01
5.999999999999999778e-01
5.999999999999999778e-01
5.999999999999999778e-01
5.999999999999999778e-01
5.999999999999999778e-01
5.999999999999999778e-01
5.999999999999999778e-01
5.999999999999999778e-01
5.999999999999999778e-01
5.999999999999999778e-01
5.999999999999999778e-01
5.999999999999999778e-01
5.999999999999999778e-01
5.999999999999999778e-01
5.999999999999999778e-01
5.999999999999999778e-01
5.999999999999999778e-01
5.999999999999999778e-01
5.999999999999999778e-01
5.999999999999999778e-01
5.999999999999999778e-01
5.999999999999999778e-01
5.999999999999999778e-01
5.999999999999999778e-01
5.999999999999999778e-01
5.999999999999999778e-01
5.999999999999999778e-01
5.999999999999999778e-01
5.999999999999999778e-01
5.999999999999999778e-01
5.999999999999999778e-01
5.999999999999999778e-01
5.999999999999999778e-01
5.999999999999999778e-01
5.999999999999999778e-01
5.999999999999999778e-01
5.999999999999999778e-01
5.999999999999999778e-01
5.999999999999999778e-01
5.999999999999999778e-01
5.999999999999999778e-01
5.999999999999999778e-01
5.999999999999999778e-01
5.999999999999999778e-01
5.999999999999999778e-01
5.999999999999999778e-01
5.999999999999999778e-01
5.999999999999999778e-01
5.999999999999999778e-01
5.999999999999999778e-01
5.999999999999999778e-01
5.999999999999999778e-01
5.999999999999999778e-01
5.999999999999999778e-01
5.999999999999999778e-01
5.999999999999999778e-01
5.999999999999999778e-01
5.999999999999999778e-01
5.999999999999999778e-01
5.999999999999999778e-01
5.999999999999999778e-01
5.999999999999999778e-01
5.999999999999999778e-01
5.999999999999999778e-01
5.999999999999999778e-01
5.999999999999999778e-01
5.999999999999999778e-01
5.999999999999999778e-01
5.999999999999999778e-01
5.999999999999999778e-01
5.999999999999999778e-01
5.999999999999999778e-01
5.999999999999999778e-01
5.999999999999999778e-01
5.999999999999999778e-01
5.999999999999999778e-01
5.999999999999999778e-01
5.999999999999999778e-01
5.999999999999999778e-01
5.999999999999999778e-01
5.999999999999999778e-01
5.999999999999999778e-01
5.999999999999999778e-01
5.999999999999999778e-01
5.999999999999999778e-01
5.999999999999999778e-01
5.999999999999999778e-01
5.999999999999999778e-01
5.999999999999999778e-01
5.999999999999999778e-01
5.999999999999999778e-01
5.999999999999999778e-01
5.999999999999999778e-01
5.999999999999999778e-01
5.999999999999999778e-01
5.999999999999999778e-01
5.999999999999999778e-01
5.999999999999999778e-01
5.999999999999999778e-01
5.999999999999999778e-01
5.999999999999999778e-01
5.999999999999999778e-01
5.999999999999999778e-01
5.999999999999999778e-01
5.999999999999999778e-01
5.999999999999999778e-01
5.999999999999999778e-01
5.999999999999999778e-01
5.999999999999999778e-01
5.999999999999999778e-01
5.999999999999999778e-01
5.999999999999999778e-01
5.999999999999999778e-01
5.999999999999999778e-01
5.999999999999999778e-01
5.999999999999999778e-01
5.999999999999999778e-01
5.999999999999999778e-01
5.999999999999999778e-01
5.999999999999999778e-01
5.999999999999999778e-01
5.999999999999999778e-01
5.999999999999999778e-01
5.999999999999999778e-01
5.999999999999999778e-01
5.999999999999999778e-01
5.999999999999999778e-01
5.999999999999999778e-01
5.999999999999999778e-01
5.999999999999999778e-01
5.999999999999999778e-01
5.999999999999999778e-01
5.999999999999999778e-01
5.999999999999999778e-01
5.999999999999999778e-01
5.999999999999999778e-01
5.999999999999999778e-01
5.999999999999999778e-01
5.999999999999999778e-01
5.999999999999999778e-01
5.999999999999999778e-01
5.999999999999999778e-01
5.999999999999999778e-01
5.999999999999999778e-01
5.999999999999999778e-01
5.999999999999999778e-01
5.999999999999999778e-01
5.999999999999999778e-01
5.999999999999999778e-01
5.999999999999999778e-01
5.999999999999999778e-01
5.999999999999999778e-01
5.999999999999999778e-01
5.999999999999999778e-01
5.999999999999999778e-01
5.999999999999999778e-01
5.999999999999999778e-01
5.999999999999999778e-01
5.999999999999999778e-01
5.999999999999999778e-01
5.999999999999999778e-01
5.999999999999999778e-01
5.999999999999999778e-01
5.999999999999999778e-01
5.999999999999999778e-01
5.999999999999999778e-01
5.999999999999999778e-01
5.999999999999999778e-01
5.999999999999999778e-01
5.999999999999999778e-01
5.999999999999999778e-01
5.999999999999999778e-01
5.999999999999999778e-01
5.999999999999999778e-01
5.999999999999999778e-01
5.999999999999999778e-01
5.999999999999999778e-01
5.999999999999999778e-01
5.999999999999999778e-01
5.999999999999999778e-01
5.999999999999999778e-01
5.999999999999999778e-01
5.999999999999999778e-01
5.999999999999999778e-01
5.999999999999999778e-01
5.999999999999999778e-01
5.999999999999999778e-01
5.999999999999999778e-01
5.999999999999999778e-01
5.999999999999999778e-01
5.999999999999999778e-01
5.999999999999999778e-01
5.999999999999999778e-01
5.999999999999999778e-01
5.999999999999999778e-01
5.999999999999999778e-01
5.999999999999999778e-01
5.999999999999999778e-01
5.999999999999999778e-01
5.999999999999999778e-01
5.999999999999999778e-01
5.999999999999999778e-01
5.999999999999999778e-01
5.999999999999999778e-01
5.999999999999999778e-01
5.999999999999999778e-01
5.999999999999999778e-01
5.999999999999999778e-01
5.999999999999999778e-01
5.999999999999999778e-01
5.999999999999999778e-01
5.999999999999999778e-01
5.999999999999999778e-01
5.999999999999999778e-01
5.999999999999999778e-01
5.999999999999999778e-01
5.999999999999999778e-01
5.999999999999999778e-01
5.999999999999999778e-01
5.999999999999999778e-01
5.999999999999999778e-01
5.999999999999999778e-01
5.999999999999999778e-01
5.999999999999999778e-01
5.999999999999999778e-01
5.999999999999999778e-01
5.999999999999999778e-01
5.999999999999999778e-01
5.999999999999999778e-01
5.999999999999999778e-01
5.999999999999999778e-01
5.999999999999999778e-01
5.999999999999999778e-01
5.999999999999999778e-01
5.999999999999999778e-01
5.999999999999999778e-01
5.999999999999999778e-01
5.999999999999999778e-01
5.999999999999999778e-01
5.999999999999999778e-01
5.999999999999999778e-01
5.999999999999999778e-01
5.999999999999999778e-01
5.999999999999999778e-01
5.999999999999999778e-01
5.999999999999999778e-01
5.999999999999999778e-01
5.999999999999999778e-01
5.999999999999999778e-01
5.999999999999999778e-01
5.999999999999999778e-01
5.999999999999999778e-01
5.999999999999999778e-01
5.999999999999999778e-01
5.999999999999999778e-01
5.999999999999999778e-01
5.999999999999999778e-01
5.999999999999999778e-01
5.999999999999999778e-01
5.999999999999999778e-01
5.999999999999999778e-01
5.999999999999999778e-01
5.999999999999999778e-01
5.999999999999999778e-01
5.999999999999999778e-01
5.999999999999999778e-01
5.999999999999999778e-01
5.999999999999999778e-01
5.999999999999999778e-01
5.999999999999999778e-01
5.999999999999999778e-01
5.999999999999999778e-01
5.999999999999999778e-01
5.999999999999999778e-01
5.999999999999999778e-01
5.999999999999999778e-01
5.999999999999999778e-01
5.999999999999999778e-01
5.999999999999999778e-01
5.999999999999999778e-01
5.999999999999999778e-01
5.999999999999999778e-01
5.999999999999999778e-01
5.999999999999999778e-01
5.999999999999999778e-01
5.999999999999999778e-01
5.999999999999999778e-01
5.999999999999999778e-01
5.999999999999999778e-01
5.999999999999999778e-01
5.999999999999999778e-01
5.999999999999999778e-01
5.999999999999999778e-01
5.999999999999999778e-01
5.999999999999999778e-01
5.999999999999999778e-01
5.999999999999999778e-01
5.999999999999999778e-01
5.999999999999999778e-01
5.999999999999999778e-01
5.999999999999999778e-01
5.999999999999999778e-01
5.999999999999999778e-01
5.999999999999999778e-01
5.999999999999999778e-01
5.999999999999999778e-01
5.999999999999999778e-01
5.999999999999999778e-01
5.999999999999999778e-01
5.999999999999999778e-01
5.999999999999999778e-01
5.999999999999999778e-01
5.999999999999999778e-01
5.999999999999999778e-01
5.999999999999999778e-01
5.999999999999999778e-01
5.999999999999999778e-01
5.999999999999999778e-01
5.999999999999999778e-01
5.999999999999999778e-01
5.999999999999999778e-01
5.999999999999999778e-01
5.999999999999999778e-01
5.999999999999999778e-01
5.999999999999999778e-01
5.999999999999999778e-01
5.999999999999999778e-01
5.999999999999999778e-01
5.999999999999999778e-01
5.999999999999999778e-01
5.999999999999999778e-01
5.999999999999999778e-01
5.999999999999999778e-01
5.999999999999999778e-01
5.999999999999999778e-01
5.999999999999999778e-01
5.999999999999999778e-01
5.999999999999999778e-01
5.999999999999999778e-01
5.999999999999999778e-01
5.999999999999999778e-01
5.999999999999999778e-01
5.999999999999999778e-01
5.999999999999999778e-01
5.999999999999999778e-01
5.999999999999999778e-01
5.999999999999999778e-01
5.999999999999999778e-01
5.999999999999999778e-01
5.999999999999999778e-01
5.999999999999999778e-01
5.999999999999999778e-01
5.999999999999999778e-01
5.999999999999999778e-01
5.999999999999999778e-01
5.999999999999999778e-01
5.999999999999999778e-01
5.999999999999999778e-01
5.999999999999999778e-01
5.999999999999999778e-01
5.999999999999999778e-01
5.999999999999999778e-01
5.999999999999999778e-01
5.999999999999999778e-01
5.999999999999999778e-01
5.999999999999999778e-01
5.999999999999999778e-01
5.999999999999999778e-01
5.999999999999999778e-01
5.999999999999999778e-01
5.999999999999999778e-01
5.999999999999999778e-01
5.999999999999999778e-01
5.999999999999999778e-01
5.999999999999999778e-01
5.999999999999999778e-01
5.999999999999999778e-01
5.999999999999999778e-01
5.999999999999999778e-01
5.999999999999999778e-01
5.999999999999999778e-01
5.999999999999999778e-01
5.999999999999999778e-01
5.999999999999999778e-01
5.999999999999999778e-01
5.999999999999999778e-01
5.999999999999999778e-01
5.999999999999999778e-01
5.999999999999999778e-01
5.999999999999999778e-01
5.999999999999999778e-01
5.999999999999999778e-01
5.999999999999999778e-01
5.999999999999999778e-01
5.999999999999999778e-01
5.999999999999999778e-01
5.999999999999999778e-01
5.999999999999999778e-01
5.999999999999999778e-01
5.999999999999999778e-01
5.999999999999999778e-01
5.999999999999999778e-01
5.999999999999999778e-01
5.999999999999999778e-01
5.999999999999999778e-01
5.999999999999999778e-01
5.999999999999999778e-01
5.999999999999999778e-01
5.999999999999999778e-01
5.999999999999999778e-01
5.999999999999999778e-01
5.999999999999999778e-01
5.999999999999999778e-01
5.999999999999999778e-01
5.999999999999999778e-01
5.999999999999999778e-01
5.999999999999999778e-01
5.999999999999999778e-01
5.999999999999999778e-01
5.999999999999999778e-01
5.999999999999999778e-01
5.999999999999999778e-01
5.999999999999999778e-01
5.999999999999999778e-01
5.999999999999999778e-01
5.999999999999999778e-01
5.999999999999999778e-01
5.999999999999999778e-01
5.999999999999999778e-01
5.999999999999999778e-01
5.999999999999999778e-01
5.999999999999999778e-01
5.999999999999999778e-01
5.999999999999999778e-01
5.999999999999999778e-01
5.999999999999999778e-01
5.999999999999999778e-01
5.999999999999999778e-01
5.999999999999999778e-01
5.999999999999999778e-01
5.999999999999999778e-01
5.999999999999999778e-01
5.999999999999999778e-01
5.999999999999999778e-01
5.999999999999999778e-01
5.999999999999999778e-01
5.999999999999999778e-01
5.999999999999999778e-01
5.999999999999999778e-01
5.999999999999999778e-01
5.999999999999999778e-01
5.999999999999999778e-01
5.999999999999999778e-01
5.999999999999999778e-01
5.999999999999999778e-01
5.999999999999999778e-01
5.999999999999999778e-01
5.999999999999999778e-01
5.999999999999999778e-01
5.999999999999999778e-01
5.999999999999999778e-01
5.999999999999999778e-01
5.999999999999999778e-01
5.999999999999999778e-01
5.999999999999999778e-01
5.999999999999999778e-01
5.999999999999999778e-01
5.999999999999999778e-01
5.999999999999999778e-01
5.999999999999999778e-01
5.999999999999999778e-01
5.999999999999999778e-01
5.999999999999999778e-01
5.999999999999999778e-01
5.999999999999999778e-01
5.999999999999999778e-01
5.999999999999999778e-01
5.999999999999999778e-01
5.999999999999999778e-01
5.999999999999999778e-01
5.999999999999999778e-01
5.999999999999999778e-01
5.999999999999999778e-01
5.999999999999999778e-01
5.999999999999999778e-01
5.999999999999999778e-01
5.999999999999999778e-01
5.999999999999999778e-01
5.999999999999999778e-01
5.999999999999999778e-01
5.999999999999999778e-01
5.999999999999999778e-01
5.999999999999999778e-01
5.999999999999999778e-01
5.999999999999999778e-01
5.999999999999999778e-01
5.999999999999999778e-01
5.999999999999999778e-01
5.999999999999999778e-01
5.999999999999999778e-01
5.999999999999999778e-01
5.999999999999999778e-01
5.999999999999999778e-01
5.999999999999999778e-01
5.999999999999999778e-01
5.999999999999999778e-01
5.999999999999999778e-01
5.999999999999999778e-01
5.999999999999999778e-01
5.999999999999999778e-01
5.999999999999999778e-01
5.999999999999999778e-01
5.999999999999999778e-01
5.999999999999999778e-01
5.999999999999999778e-01
5.999999999999999778e-01
5.999999999999999778e-01
5.999999999999999778e-01
5.999999999999999778e-01
5.999999999999999778e-01
5.999999999999999778e-01
5.999999999999999778e-01
5.999999999999999778e-01
5.999999999999999778e-01
5.999999999999999778e-01
5.999999999999999778e-01
5.999999999999999778e-01
5.999999999999999778e-01
5.999999999999999778e-01
5.999999999999999778e-01
5.999999999999999778e-01
5.999999999999999778e-01
5.999999999999999778e-01
5.999999999999999778e-01
5.999999999999999778e-01
5.999999999999999778e-01
5.999999999999999778e-01
5.999999999999999778e-01
5.999999999999999778e-01
5.999999999999999778e-01
5.999999999999999778e-01
5.999999999999999778e-01
5.999999999999999778e-01
5.999999999999999778e-01
5.999999999999999778e-01
5.999999999999999778e-01
5.999999999999999778e-01
5.999999999999999778e-01
5.999999999999999778e-01
5.999999999999999778e-01
5.999999999999999778e-01
5.999999999999999778e-01
5.999999999999999778e-01
5.999999999999999778e-01
5.999999999999999778e-01
5.999999999999999778e-01
5.999999999999999778e-01
5.999999999999999778e-01
5.999999999999999778e-01
5.999999999999999778e-01
5.999999999999999778e-01
5.999999999999999778e-01
5.999999999999999778e-01
5.999999999999999778e-01
5.999999999999999778e-01
5.999999999999999778e-01
5.999999999999999778e-01
5.999999999999999778e-01
5.999999999999999778e-01
5.999999999999999778e-01
5.999999999999999778e-01
5.999999999999999778e-01
5.999999999999999778e-01
5.999999999999999778e-01
5.999999999999999778e-01
5.999999999999999778e-01
5.999999999999999778e-01
5.999999999999999778e-01
5.999999999999999778e-01
5.999999999999999778e-01
5.999999999999999778e-01
5.999999999999999778e-01
5.999999999999999778e-01
5.999999999999999778e-01
5.999999999999999778e-01
5.999999999999999778e-01
5.999999999999999778e-01
5.999999999999999778e-01
5.999999999999999778e-01
5.999999999999999778e-01
5.999999999999999778e-01
5.999999999999999778e-01
5.999999999999999778e-01
5.999999999999999778e-01
5.999999999999999778e-01
5.999999999999999778e-01
5.999999999999999778e-01
5.999999999999999778e-01
5.999999999999999778e-01
5.999999999999999778e-01
5.999999999999999778e-01
5.999999999999999778e-01
5.999999999999999778e-01
5.999999999999999778e-01
5.999999999999999778e-01
5.999999999999999778e-01
5.999999999999999778e-01
5.999999999999999778e-01
5.999999999999999778e-01
5.999999999999999778e-01
5.999999999999999778e-01
5.999999999999999778e-01
5.999999999999999778e-01
5.999999999999999778e-01
5.999999999999999778e-01
5.999999999999999778e-01
5.999999999999999778e-01
5.999999999999999778e-01
5.999999999999999778e-01
5.999999999999999778e-01
5.999999999999999778e-01
5.999999999999999778e-01
5.999999999999999778e-01
5.999999999999999778e-01
5.999999999999999778e-01
5.999999999999999778e-01
5.999999999999999778e-01
5.999999999999999778e-01
5.999999999999999778e-01
5.999999999999999778e-01
5.999999999999999778e-01
5.999999999999999778e-01
5.999999999999999778e-01
5.999999999999999778e-01
5.999999999999999778e-01
5.999999999999999778e-01
5.999999999999999778e-01
5.999999999999999778e-01
5.999999999999999778e-01
5.999999999999999778e-01
5.999999999999999778e-01
5.999999999999999778e-01
5.999999999999999778e-01
5.999999999999999778e-01
5.999999999999999778e-01
5.999999999999999778e-01
5.999999999999999778e-01
5.999999999999999778e-01
5.999999999999999778e-01
5.999999999999999778e-01
5.999999999999999778e-01
5.999999999999999778e-01
5.999999999999999778e-01
5.999999999999999778e-01
5.999999999999999778e-01
5.999999999999999778e-01
5.999999999999999778e-01
5.999999999999999778e-01
5.999999999999999778e-01
5.999999999999999778e-01
5.999999999999999778e-01
5.999999999999999778e-01
5.999999999999999778e-01
5.999999999999999778e-01
5.999999999999999778e-01
5.999999999999999778e-01
5.999999999999999778e-01
5.999999999999999778e-01
5.999999999999999778e-01
5.999999999999999778e-01
5.999999999999999778e-01
5.999999999999999778e-01
5.999999999999999778e-01
5.999999999999999778e-01
5.999999999999999778e-01
5.999999999999999778e-01
5.999999999999999778e-01
5.999999999999999778e-01
5.999999999999999778e-01
5.999999999999999778e-01
5.999999999999999778e-01
5.999999999999999778e-01
5.999999999999999778e-01
5.999999999999999778e-01
5.999999999999999778e-01
5.999999999999999778e-01
5.999999999999999778e-01
5.999999999999999778e-01
5.999999999999999778e-01
5.999999999999999778e-01
5.999999999999999778e-01
5.999999999999999778e-01
5.999999999999999778e-01
5.999999999999999778e-01
5.999999999999999778e-01
5.999999999999999778e-01
5.999999999999999778e-01
5.999999999999999778e-01
5.999999999999999778e-01
5.999999999999999778e-01
5.999999999999999778e-01
5.999999999999999778e-01
5.999999999999999778e-01
5.999999999999999778e-01
5.999999999999999778e-01
5.999999999999999778e-01
5.999999999999999778e-01
5.999999999999999778e-01
5.999999999999999778e-01
5.999999999999999778e-01
5.999999999999999778e-01
5.999999999999999778e-01
5.999999999999999778e-01
5.999999999999999778e-01
5.999999999999999778e-01
5.999999999999999778e-01
5.999999999999999778e-01
5.999999999999999778e-01
5.999999999999999778e-01
5.999999999999999778e-01
5.999999999999999778e-01
5.999999999999999778e-01
5.999999999999999778e-01
5.999999999999999778e-01
5.999999999999999778e-01
5.999999999999999778e-01
5.999999999999999778e-01
5.999999999999999778e-01
5.999999999999999778e-01
5.999999999999999778e-01
5.999999999999999778e-01
5.999999999999999778e-01
5.999999999999999778e-01
5.999999999999999778e-01
5.999999999999999778e-01
5.999999999999999778e-01
5.999999999999999778e-01
5.999999999999999778e-01
5.999999999999999778e-01
5.999999999999999778e-01
5.999999999999999778e-01
5.999999999999999778e-01
5.999999999999999778e-01
5.999999999999999778e-01
5.999999999999999778e-01
5.999999999999999778e-01
5.999999999999999778e-01
5.999999999999999778e-01
5.999999999999999778e-01
5.999999999999999778e-01
5.999999999999999778e-01
5.999999999999999778e-01
5.999999999999999778e-01
5.999999999999999778e-01
5.999999999999999778e-01
5.999999999999999778e-01
5.999999999999999778e-01
5.999999999999999778e-01
5.999999999999999778e-01
5.999999999999999778e-01
5.999999999999999778e-01
5.999999999999999778e-01
5.999999999999999778e-01
5.999999999999999778e-01
5.999999999999999778e-01
5.999999999999999778e-01
5.999999999999999778e-01
5.999999999999999778e-01
5.999999999999999778e-01
5.999999999999999778e-01
5.999999999999999778e-01
5.999999999999999778e-01
5.999999999999999778e-01
5.999999999999999778e-01
5.999999999999999778e-01
5.999999999999999778e-01
5.999999999999999778e-01
5.999999999999999778e-01
5.999999999999999778e-01
5.999999999999999778e-01
5.999999999999999778e-01
5.999999999999999778e-01
5.999999999999999778e-01
5.999999999999999778e-01
5.999999999999999778e-01
5.999999999999999778e-01
5.999999999999999778e-01
5.999999999999999778e-01
5.999999999999999778e-01
5.999999999999999778e-01
5.999999999999999778e-01
5.999999999999999778e-01
5.999999999999999778e-01
5.999999999999999778e-01
5.999999999999999778e-01
5.999999999999999778e-01
5.999999999999999778e-01
5.999999999999999778e-01
5.999999999999999778e-01
5.999999999999999778e-01
5.999999999999999778e-01
5.999999999999999778e-01
5.999999999999999778e-01
5.999999999999999778e-01
5.999999999999999778e-01
5.999999999999999778e-01
5.999999999999999778e-01
5.999999999999999778e-01
5.999999999999999778e-01
5.999999999999999778e-01
5.999999999999999778e-01
5.999999999999999778e-01
5.999999999999999778e-01
5.999999999999999778e-01
5.999999999999999778e-01
5.999999999999999778e-01
5.999999999999999778e-01
5.999999999999999778e-01
5.999999999999999778e-01
5.999999999999999778e-01
5.999999999999999778e-01
5.999999999999999778e-01
5.999999999999999778e-01
5.999999999999999778e-01
5.999999999999999778e-01
5.999999999999999778e-01
5.999999999999999778e-01
5.999999999999999778e-01
5.999999999999999778e-01
5.999999999999999778e-01
5.999999999999999778e-01
5.999999999999999778e-01
5.999999999999999778e-01
5.999999999999999778e-01
5.999999999999999778e-01
5.999999999999999778e-01
5.999999999999999778e-01
5.999999999999999778e-01
5.999999999999999778e-01
5.999999999999999778e-01
5.999999999999999778e-01
5.999999999999999778e-01
5.999999999999999778e-01
5.999999999999999778e-01
5.999999999999999778e-01
5.999999999999999778e-01
5.999999999999999778e-01
5.999999999999999778e-01
5.999999999999999778e-01
5.999999999999999778e-01
5.999999999999999778e-01
5.999999999999999778e-01
5.999999999999999778e-01
5.999999999999999778e-01
5.999999999999999778e-01
5.999999999999999778e-01
5.999999999999999778e-01
5.999999999999999778e-01
5.999999999999999778e-01
5.999999999999999778e-01
5.999999999999999778e-01
5.999999999999999778e-01
5.999999999999999778e-01
5.999999999999999778e-01
5.999999999999999778e-01
5.999999999999999778e-01
5.999999999999999778e-01
5.999999999999999778e-01
5.999999999999999778e-01
5.999999999999999778e-01
5.999999999999999778e-01
5.999999999999999778e-01
5.999999999999999778e-01
5.999999999999999778e-01
5.999999999999999778e-01
5.999999999999999778e-01
5.999999999999999778e-01
5.999999999999999778e-01
5.999999999999999778e-01
5.999999999999999778e-01
5.999999999999999778e-01
5.999999999999999778e-01
5.999999999999999778e-01
5.999999999999999778e-01
5.999999999999999778e-01
5.999999999999999778e-01
5.999999999999999778e-01
5.999999999999999778e-01
5.999999999999999778e-01
5.999999999999999778e-01
5.999999999999999778e-01
5.999999999999999778e-01
5.999999999999999778e-01
5.999999999999999778e-01
5.999999999999999778e-01
5.999999999999999778e-01
5.999999999999999778e-01
5.999999999999999778e-01
5.999999999999999778e-01
5.999999999999999778e-01
5.999999999999999778e-01
5.999999999999999778e-01
5.999999999999999778e-01
5.999999999999999778e-01
5.999999999999999778e-01
5.999999999999999778e-01
5.999999999999999778e-01
5.999999999999999778e-01
5.999999999999999778e-01
5.999999999999999778e-01
5.999999999999999778e-01
5.999999999999999778e-01
5.999999999999999778e-01
5.999999999999999778e-01
5.999999999999999778e-01
5.999999999999999778e-01
5.999999999999999778e-01
5.999999999999999778e-01
5.999999999999999778e-01
5.999999999999999778e-01
5.999999999999999778e-01
5.999999999999999778e-01
5.999999999999999778e-01
5.999999999999999778e-01
5.999999999999999778e-01
5.999999999999999778e-01
5.999999999999999778e-01
5.999999999999999778e-01
5.999999999999999778e-01
5.999999999999999778e-01
5.999999999999999778e-01
5.999999999999999778e-01
5.999999999999999778e-01
5.999999999999999778e-01
5.999999999999999778e-01
5.999999999999999778e-01
5.999999999999999778e-01
5.999999999999999778e-01
5.999999999999999778e-01
5.999999999999999778e-01
5.999999999999999778e-01
5.999999999999999778e-01
5.999999999999999778e-01
5.999999999999999778e-01
5.999999999999999778e-01
5.999999999999999778e-01
5.999999999999999778e-01
5.999999999999999778e-01
5.999999999999999778e-01
5.999999999999999778e-01
5.999999999999999778e-01
5.999999999999999778e-01
5.999999999999999778e-01
5.999999999999999778e-01
5.999999999999999778e-01
5.999999999999999778e-01
5.999999999999999778e-01
5.999999999999999778e-01
5.999999999999999778e-01
5.999999999999999778e-01
5.999999999999999778e-01
5.999999999999999778e-01
5.999999999999999778e-01
5.999999999999999778e-01
5.999999999999999778e-01
5.999999999999999778e-01
5.999999999999999778e-01
5.999999999999999778e-01
5.999999999999999778e-01
5.999999999999999778e-01
5.999999999999999778e-01
5.999999999999999778e-01
5.999999999999999778e-01
5.999999999999999778e-01
5.999999999999999778e-01
5.999999999999999778e-01
5.999999999999999778e-01
5.999999999999999778e-01
5.999999999999999778e-01
5.999999999999999778e-01
5.999999999999999778e-01
5.999999999999999778e-01
5.999999999999999778e-01
5.999999999999999778e-01
5.999999999999999778e-01
5.999999999999999778e-01
5.999999999999999778e-01
5.999999999999999778e-01
5.999999999999999778e-01
5.999999999999999778e-01
5.999999999999999778e-01
5.999999999999999778e-01
5.999999999999999778e-01
5.999999999999999778e-01
5.999999999999999778e-01
5.999999999999999778e-01
5.999999999999999778e-01
5.999999999999999778e-01
5.999999999999999778e-01
5.999999999999999778e-01
5.999999999999999778e-01
5.999999999999999778e-01
5.999999999999999778e-01
5.999999999999999778e-01
5.999999999999999778e-01
5.999999999999999778e-01
5.999999999999999778e-01
5.999999999999999778e-01
5.999999999999999778e-01
5.999999999999999778e-01
5.999999999999999778e-01
5.999999999999999778e-01
5.999999999999999778e-01
5.999999999999999778e-01
5.999999999999999778e-01
5.999999999999999778e-01
5.999999999999999778e-01
5.999999999999999778e-01
5.999999999999999778e-01
5.999999999999999778e-01
5.999999999999999778e-01
5.999999999999999778e-01
5.999999999999999778e-01
5.999999999999999778e-01
5.999999999999999778e-01
5.999999999999999778e-01
5.999999999999999778e-01
5.999999999999999778e-01
5.999999999999999778e-01
5.999999999999999778e-01
5.999999999999999778e-01
5.999999999999999778e-01
5.999999999999999778e-01
5.999999999999999778e-01
5.999999999999999778e-01
5.999999999999999778e-01
5.999999999999999778e-01
5.999999999999999778e-01
5.999999999999999778e-01
5.999999999999999778e-01
5.999999999999999778e-01
5.999999999999999778e-01
5.999999999999999778e-01
5.999999999999999778e-01
5.999999999999999778e-01
5.999999999999999778e-01
5.999999999999999778e-01
5.999999999999999778e-01
5.999999999999999778e-01
5.999999999999999778e-01
5.999999999999999778e-01
5.999999999999999778e-01
5.999999999999999778e-01
5.999999999999999778e-01
5.999999999999999778e-01
5.999999999999999778e-01
5.999999999999999778e-01
5.999999999999999778e-01
5.999999999999999778e-01
5.999999999999999778e-01
5.999999999999999778e-01
5.999999999999999778e-01
5.999999999999999778e-01
5.999999999999999778e-01
5.999999999999999778e-01
5.999999999999999778e-01
5.999999999999999778e-01
5.999999999999999778e-01
5.999999999999999778e-01
5.999999999999999778e-01
5.999999999999999778e-01
5.999999999999999778e-01
5.999999999999999778e-01
5.999999999999999778e-01
5.999999999999999778e-01
5.999999999999999778e-01
5.999999999999999778e-01
5.999999999999999778e-01
5.999999999999999778e-01
5.999999999999999778e-01
5.999999999999999778e-01
5.999999999999999778e-01
5.999999999999999778e-01
5.999999999999999778e-01
5.999999999999999778e-01
5.999999999999999778e-01
5.999999999999999778e-01
5.999999999999999778e-01
5.999999999999999778e-01
5.999999999999999778e-01
5.999999999999999778e-01
5.999999999999999778e-01
5.999999999999999778e-01
5.999999999999999778e-01
5.999999999999999778e-01
5.999999999999999778e-01
5.999999999999999778e-01
5.999999999999999778e-01
5.999999999999999778e-01
5.999999999999999778e-01
5.999999999999999778e-01
5.999999999999999778e-01
5.999999999999999778e-01
5.999999999999999778e-01
5.999999999999999778e-01
5.999999999999999778e-01
5.999999999999999778e-01
5.999999999999999778e-01
5.999999999999999778e-01
5.999999999999999778e-01
5.999999999999999778e-01
5.999999999999999778e-01
5.999999999999999778e-01
5.999999999999999778e-01
5.999999999999999778e-01
5.999999999999999778e-01
5.999999999999999778e-01
5.999999999999999778e-01
5.999999999999999778e-01
5.999999999999999778e-01
5.999999999999999778e-01
5.999999999999999778e-01
5.999999999999999778e-01
5.999999999999999778e-01
5.999999999999999778e-01
5.999999999999999778e-01
5.999999999999999778e-01
5.999999999999999778e-01
5.999999999999999778e-01
5.999999999999999778e-01
5.999999999999999778e-01
5.999999999999999778e-01
5.999999999999999778e-01
5.999999999999999778e-01
5.999999999999999778e-01
5.999999999999999778e-01
5.999999999999999778e-01
5.999999999999999778e-01
5.999999999999999778e-01
5.999999999999999778e-01
5.999999999999999778e-01
5.999999999999999778e-01
5.999999999999999778e-01
5.999999999999999778e-01
5.999999999999999778e-01
5.999999999999999778e-01
5.999999999999999778e-01
5.999999999999999778e-01
5.999999999999999778e-01
5.999999999999999778e-01
5.999999999999999778e-01
5.999999999999999778e-01
5.999999999999999778e-01
5.999999999999999778e-01
5.999999999999999778e-01
5.999999999999999778e-01
5.999999999999999778e-01
5.999999999999999778e-01
5.999999999999999778e-01
5.999999999999999778e-01
5.999999999999999778e-01
5.999999999999999778e-01
5.999999999999999778e-01
5.999999999999999778e-01
5.999999999999999778e-01
5.999999999999999778e-01
5.999999999999999778e-01
5.999999999999999778e-01
5.999999999999999778e-01
5.999999999999999778e-01
5.999999999999999778e-01
5.999999999999999778e-01
5.999999999999999778e-01
5.999999999999999778e-01
5.999999999999999778e-01
5.999999999999999778e-01
5.999999999999999778e-01
5.999999999999999778e-01
5.999999999999999778e-01
5.999999999999999778e-01
5.999999999999999778e-01
5.999999999999999778e-01
5.999999999999999778e-01
5.999999999999999778e-01
5.999999999999999778e-01
5.999999999999999778e-01
5.999999999999999778e-01
5.999999999999999778e-01
5.999999999999999778e-01
5.999999999999999778e-01
5.999999999999999778e-01
5.999999999999999778e-01
5.999999999999999778e-01
5.999999999999999778e-01
5.999999999999999778e-01
5.999999999999999778e-01
5.999999999999999778e-01
5.999999999999999778e-01
5.999999999999999778e-01
5.999999999999999778e-01
5.999999999999999778e-01
5.999999999999999778e-01
5.999999999999999778e-01
5.999999999999999778e-01
5.999999999999999778e-01
5.999999999999999778e-01
5.999999999999999778e-01
5.999999999999999778e-01
5.999999999999999778e-01
5.999999999999999778e-01
5.999999999999999778e-01
5.999999999999999778e-01
5.999999999999999778e-01
5.999999999999999778e-01
5.999999999999999778e-01
5.999999999999999778e-01
5.999999999999999778e-01
5.999999999999999778e-01
5.999999999999999778e-01
5.999999999999999778e-01
5.999999999999999778e-01
5.999999999999999778e-01
5.999999999999999778e-01
5.999999999999999778e-01
5.999999999999999778e-01
5.999999999999999778e-01
5.999999999999999778e-01
5.999999999999999778e-01
5.999999999999999778e-01
5.999999999999999778e-01
5.999999999999999778e-01
5.999999999999999778e-01
5.999999999999999778e-01
5.999999999999999778e-01
5.999999999999999778e-01
5.999999999999999778e-01
5.999999999999999778e-01
5.999999999999999778e-01
5.999999999999999778e-01
5.999999999999999778e-01
5.999999999999999778e-01
5.999999999999999778e-01
5.999999999999999778e-01
5.999999999999999778e-01
5.999999999999999778e-01
5.999999999999999778e-01
5.999999999999999778e-01
5.999999999999999778e-01
5.999999999999999778e-01
5.999999999999999778e-01
5.999999999999999778e-01
5.999999999999999778e-01
5.999999999999999778e-01
5.999999999999999778e-01
5.999999999999999778e-01
5.999999999999999778e-01
5.999999999999999778e-01
5.999999999999999778e-01
5.999999999999999778e-01
5.999999999999999778e-01
5.999999999999999778e-01
5.999999999999999778e-01
5.999999999999999778e-01
5.999999999999999778e-01
5.999999999999999778e-01
5.999999999999999778e-01
5.999999999999999778e-01
5.999999999999999778e-01
5.999999999999999778e-01
5.999999999999999778e-01
5.999999999999999778e-01
5.999999999999999778e-01
5.999999999999999778e-01
5.999999999999999778e-01
5.999999999999999778e-01
5.999999999999999778e-01
5.999999999999999778e-01
5.999999999999999778e-01
5.999999999999999778e-01
5.999999999999999778e-01
5.999999999999999778e-01
5.999999999999999778e-01
5.999999999999999778e-01
5.999999999999999778e-01
5.999999999999999778e-01
5.999999999999999778e-01
5.999999999999999778e-01
5.999999999999999778e-01
5.999999999999999778e-01
5.999999999999999778e-01
5.999999999999999778e-01
5.999999999999999778e-01
5.999999999999999778e-01
5.999999999999999778e-01
5.999999999999999778e-01
5.999999999999999778e-01
5.999999999999999778e-01
5.999999999999999778e-01
5.999999999999999778e-01
5.999999999999999778e-01
5.999999999999999778e-01
5.999999999999999778e-01
5.999999999999999778e-01
5.999999999999999778e-01
5.999999999999999778e-01
5.999999999999999778e-01
5.999999999999999778e-01
5.999999999999999778e-01
5.999999999999999778e-01
5.999999999999999778e-01
5.999999999999999778e-01
5.999999999999999778e-01
5.999999999999999778e-01
5.999999999999999778e-01
5.999999999999999778e-01
5.999999999999999778e-01
5.999999999999999778e-01
5.999999999999999778e-01
5.999999999999999778e-01
5.999999999999999778e-01
5.999999999999999778e-01
5.999999999999999778e-01
5.999999999999999778e-01
5.999999999999999778e-01
5.999999999999999778e-01
5.999999999999999778e-01
5.999999999999999778e-01
5.999999999999999778e-01
5.999999999999999778e-01
5.999999999999999778e-01
5.999999999999999778e-01
5.999999999999999778e-01
5.999999999999999778e-01
5.999999999999999778e-01
5.999999999999999778e-01
5.999999999999999778e-01
5.999999999999999778e-01
5.999999999999999778e-01
5.999999999999999778e-01
5.999999999999999778e-01
5.999999999999999778e-01
5.999999999999999778e-01
5.999999999999999778e-01
5.999999999999999778e-01
5.999999999999999778e-01
5.999999999999999778e-01
5.999999999999999778e-01
5.999999999999999778e-01
5.999999999999999778e-01
5.999999999999999778e-01
5.999999999999999778e-01
5.999999999999999778e-01
5.999999999999999778e-01
5.999999999999999778e-01
5.999999999999999778e-01
5.999999999999999778e-01
5.999999999999999778e-01
5.999999999999999778e-01
5.999999999999999778e-01
5.999999999999999778e-01
5.999999999999999778e-01
5.999999999999999778e-01
5.999999999999999778e-01
5.999999999999999778e-01
5.999999999999999778e-01
5.999999999999999778e-01
5.999999999999999778e-01
5.999999999999999778e-01
5.999999999999999778e-01
5.999999999999999778e-01
5.999999999999999778e-01
5.999999999999999778e-01
5.999999999999999778e-01
5.999999999999999778e-01
5.999999999999999778e-01
5.999999999999999778e-01
5.999999999999999778e-01
5.999999999999999778e-01
5.999999999999999778e-01
5.999999999999999778e-01
5.999999999999999778e-01
5.999999999999999778e-01
5.999999999999999778e-01
5.999999999999999778e-01
5.999999999999999778e-01
5.999999999999999778e-01
5.999999999999999778e-01
5.999999999999999778e-01
5.999999999999999778e-01
5.999999999999999778e-01
5.999999999999999778e-01
5.999999999999999778e-01
5.999999999999999778e-01
5.999999999999999778e-01
5.999999999999999778e-01
5.999999999999999778e-01
5.999999999999999778e-01
5.999999999999999778e-01
5.999999999999999778e-01
5.999999999999999778e-01
5.999999999999999778e-01
5.999999999999999778e-01
5.999999999999999778e-01
5.999999999999999778e-01
5.999999999999999778e-01
5.999999999999999778e-01
5.999999999999999778e-01
5.999999999999999778e-01
5.999999999999999778e-01
5.999999999999999778e-01
5.999999999999999778e-01
5.999999999999999778e-01
5.999999999999999778e-01
5.999999999999999778e-01
5.999999999999999778e-01
5.999999999999999778e-01
5.999999999999999778e-01
5.999999999999999778e-01
5.999999999999999778e-01
5.999999999999999778e-01
5.999999999999999778e-01
5.999999999999999778e-01
5.999999999999999778e-01
5.999999999999999778e-01
5.999999999999999778e-01
5.999999999999999778e-01
5.999999999999999778e-01
5.999999999999999778e-01
5.999999999999999778e-01
5.999999999999999778e-01
5.999999999999999778e-01
5.999999999999999778e-01
5.999999999999999778e-01
5.999999999999999778e-01
5.999999999999999778e-01
5.999999999999999778e-01
5.999999999999999778e-01
5.999999999999999778e-01
5.999999999999999778e-01
5.999999999999999778e-01
5.999999999999999778e-01
5.999999999999999778e-01
5.999999999999999778e-01
5.999999999999999778e-01
5.999999999999999778e-01
5.999999999999999778e-01
5.999999999999999778e-01
5.999999999999999778e-01
5.999999999999999778e-01
5.999999999999999778e-01
5.999999999999999778e-01
5.999999999999999778e-01
5.999999999999999778e-01
5.999999999999999778e-01
5.999999999999999778e-01
5.999999999999999778e-01
5.999999999999999778e-01
5.999999999999999778e-01
5.999999999999999778e-01
5.999999999999999778e-01
5.999999999999999778e-01
5.999999999999999778e-01
5.999999999999999778e-01
5.999999999999999778e-01
5.999999999999999778e-01
5.999999999999999778e-01
5.999999999999999778e-01
5.999999999999999778e-01
5.999999999999999778e-01
5.999999999999999778e-01
5.999999999999999778e-01
5.999999999999999778e-01
5.999999999999999778e-01
5.999999999999999778e-01
5.999999999999999778e-01
5.999999999999999778e-01
5.999999999999999778e-01
5.999999999999999778e-01
5.999999999999999778e-01
5.999999999999999778e-01
5.999999999999999778e-01
5.999999999999999778e-01
5.999999999999999778e-01
5.999999999999999778e-01
5.999999999999999778e-01
5.999999999999999778e-01
5.999999999999999778e-01
5.999999999999999778e-01
5.999999999999999778e-01
5.999999999999999778e-01
5.999999999999999778e-01
5.999999999999999778e-01
5.999999999999999778e-01
5.999999999999999778e-01
5.999999999999999778e-01
5.999999999999999778e-01
5.999999999999999778e-01
5.999999999999999778e-01
5.999999999999999778e-01
5.999999999999999778e-01
5.999999999999999778e-01
5.999999999999999778e-01
5.999999999999999778e-01
5.999999999999999778e-01
5.999999999999999778e-01
5.999999999999999778e-01
5.999999999999999778e-01
5.999999999999999778e-01
5.999999999999999778e-01
5.999999999999999778e-01
5.999999999999999778e-01
5.999999999999999778e-01
5.999999999999999778e-01
5.999999999999999778e-01
5.999999999999999778e-01
5.999999999999999778e-01
5.999999999999999778e-01
5.999999999999999778e-01
5.999999999999999778e-01
5.999999999999999778e-01
5.999999999999999778e-01
5.999999999999999778e-01
5.999999999999999778e-01
5.999999999999999778e-01
5.999999999999999778e-01
5.999999999999999778e-01
5.999999999999999778e-01
5.999999999999999778e-01
5.999999999999999778e-01
5.999999999999999778e-01
5.999999999999999778e-01
5.999999999999999778e-01
5.999999999999999778e-01
5.999999999999999778e-01
5.999999999999999778e-01
5.999999999999999778e-01
5.999999999999999778e-01
5.999999999999999778e-01
5.999999999999999778e-01
5.999999999999999778e-01
5.999999999999999778e-01
5.999999999999999778e-01
5.999999999999999778e-01
5.999999999999999778e-01
5.999999999999999778e-01
5.999999999999999778e-01
5.999999999999999778e-01
5.999999999999999778e-01
5.999999999999999778e-01
5.999999999999999778e-01
5.999999999999999778e-01
5.999999999999999778e-01
5.999999999999999778e-01
5.999999999999999778e-01
5.999999999999999778e-01
5.999999999999999778e-01
5.999999999999999778e-01
5.999999999999999778e-01
5.999999999999999778e-01
5.999999999999999778e-01
5.999999999999999778e-01
5.999999999999999778e-01
5.999999999999999778e-01
5.999999999999999778e-01
5.999999999999999778e-01
5.999999999999999778e-01
5.999999999999999778e-01
5.999999999999999778e-01
5.999999999999999778e-01
5.999999999999999778e-01
5.999999999999999778e-01
5.999999999999999778e-01
5.999999999999999778e-01
5.999999999999999778e-01
5.999999999999999778e-01
5.999999999999999778e-01
5.999999999999999778e-01
5.999999999999999778e-01
5.999999999999999778e-01
5.999999999999999778e-01
5.999999999999999778e-01
5.999999999999999778e-01
5.999999999999999778e-01
5.999999999999999778e-01
5.999999999999999778e-01
5.999999999999999778e-01
5.999999999999999778e-01
5.999999999999999778e-01
5.999999999999999778e-01
5.999999999999999778e-01
5.999999999999999778e-01
5.999999999999999778e-01
5.999999999999999778e-01
5.999999999999999778e-01
5.999999999999999778e-01
5.999999999999999778e-01
5.999999999999999778e-01
5.999999999999999778e-01
5.999999999999999778e-01
5.999999999999999778e-01
5.999999999999999778e-01
5.999999999999999778e-01
5.999999999999999778e-01
5.999999999999999778e-01
5.999999999999999778e-01
5.999999999999999778e-01
5.999999999999999778e-01
5.999999999999999778e-01
5.999999999999999778e-01
5.999999999999999778e-01
5.999999999999999778e-01
5.999999999999999778e-01
5.999999999999999778e-01
5.999999999999999778e-01
5.999999999999999778e-01
5.999999999999999778e-01
5.999999999999999778e-01
5.999999999999999778e-01
5.999999999999999778e-01
5.999999999999999778e-01
5.999999999999999778e-01
5.999999999999999778e-01
5.999999999999999778e-01
5.999999999999999778e-01
5.999999999999999778e-01
5.999999999999999778e-01
5.999999999999999778e-01
5.999999999999999778e-01
5.999999999999999778e-01
5.999999999999999778e-01
5.999999999999999778e-01
5.999999999999999778e-01
5.999999999999999778e-01
5.999999999999999778e-01
5.999999999999999778e-01
5.999999999999999778e-01
5.999999999999999778e-01
5.999999999999999778e-01
5.999999999999999778e-01
5.999999999999999778e-01
5.999999999999999778e-01
5.999999999999999778e-01
5.999999999999999778e-01
5.999999999999999778e-01
5.999999999999999778e-01
5.999999999999999778e-01
5.999999999999999778e-01
5.999999999999999778e-01
5.999999999999999778e-01
5.999999999999999778e-01
5.999999999999999778e-01
5.999999999999999778e-01
5.999999999999999778e-01
5.999999999999999778e-01
5.999999999999999778e-01
5.999999999999999778e-01
5.999999999999999778e-01
5.999999999999999778e-01
5.999999999999999778e-01
5.999999999999999778e-01
5.999999999999999778e-01
5.999999999999999778e-01
5.999999999999999778e-01
5.999999999999999778e-01
5.999999999999999778e-01
5.999999999999999778e-01
5.999999999999999778e-01
5.999999999999999778e-01
5.999999999999999778e-01
5.999999999999999778e-01
5.999999999999999778e-01
5.999999999999999778e-01
5.999999999999999778e-01
5.999999999999999778e-01
5.999999999999999778e-01
5.999999999999999778e-01
5.999999999999999778e-01
5.999999999999999778e-01
5.999999999999999778e-01
5.999999999999999778e-01
5.999999999999999778e-01
5.999999999999999778e-01
5.999999999999999778e-01
5.999999999999999778e-01
5.999999999999999778e-01
5.999999999999999778e-01
5.999999999999999778e-01
5.999999999999999778e-01
5.999999999999999778e-01
5.999999999999999778e-01
5.999999999999999778e-01
5.999999999999999778e-01
5.999999999999999778e-01
5.999999999999999778e-01
5.999999999999999778e-01
5.999999999999999778e-01
5.999999999999999778e-01
5.999999999999999778e-01
5.999999999999999778e-01
5.999999999999999778e-01
5.999999999999999778e-01
5.999999999999999778e-01
5.999999999999999778e-01
5.999999999999999778e-01
5.999999999999999778e-01
5.999999999999999778e-01
5.999999999999999778e-01
5.999999999999999778e-01
5.999999999999999778e-01
5.999999999999999778e-01
5.999999999999999778e-01
5.999999999999999778e-01
5.999999999999999778e-01
5.999999999999999778e-01
5.999999999999999778e-01
5.999999999999999778e-01
5.999999999999999778e-01
5.999999999999999778e-01
5.999999999999999778e-01
5.999999999999999778e-01
5.999999999999999778e-01
5.999999999999999778e-01
5.999999999999999778e-01
5.999999999999999778e-01
5.999999999999999778e-01
5.999999999999999778e-01
5.999999999999999778e-01
5.999999999999999778e-01
5.999999999999999778e-01
5.999999999999999778e-01
5.999999999999999778e-01
5.999999999999999778e-01
5.999999999999999778e-01
5.999999999999999778e-01
5.999999999999999778e-01
5.999999999999999778e-01
5.999999999999999778e-01
5.999999999999999778e-01
5.999999999999999778e-01
5.999999999999999778e-01
5.999999999999999778e-01
5.999999999999999778e-01
5.999999999999999778e-01
5.999999999999999778e-01
5.999999999999999778e-01
5.999999999999999778e-01
5.999999999999999778e-01
5.999999999999999778e-01
5.999999999999999778e-01
5.999999999999999778e-01
5.999999999999999778e-01
5.999999999999999778e-01
5.999999999999999778e-01
5.999999999999999778e-01
5.999999999999999778e-01
5.999999999999999778e-01
5.999999999999999778e-01
5.999999999999999778e-01
5.999999999999999778e-01
5.999999999999999778e-01
5.999999999999999778e-01
5.999999999999999778e-01
5.999999999999999778e-01
5.999999999999999778e-01
5.999999999999999778e-01
5.999999999999999778e-01
5.999999999999999778e-01
5.999999999999999778e-01
5.999999999999999778e-01
5.999999999999999778e-01
5.999999999999999778e-01
5.999999999999999778e-01
5.999999999999999778e-01
5.999999999999999778e-01
5.999999999999999778e-01
5.999999999999999778e-01
5.999999999999999778e-01
5.999999999999999778e-01
5.999999999999999778e-01
5.999999999999999778e-01
5.999999999999999778e-01
5.999999999999999778e-01
5.999999999999999778e-01
5.999999999999999778e-01
5.999999999999999778e-01
5.999999999999999778e-01
5.999999999999999778e-01
5.999999999999999778e-01
5.999999999999999778e-01
5.999999999999999778e-01
5.999999999999999778e-01
5.999999999999999778e-01
5.999999999999999778e-01
5.999999999999999778e-01
5.999999999999999778e-01
5.999999999999999778e-01
5.999999999999999778e-01
5.999999999999999778e-01
5.999999999999999778e-01
5.999999999999999778e-01
5.999999999999999778e-01
5.999999999999999778e-01
5.999999999999999778e-01
5.999999999999999778e-01
5.999999999999999778e-01
5.999999999999999778e-01
5.999999999999999778e-01
5.999999999999999778e-01
5.999999999999999778e-01
5.999999999999999778e-01
5.999999999999999778e-01
5.999999999999999778e-01
5.999999999999999778e-01
5.999999999999999778e-01
5.999999999999999778e-01
5.999999999999999778e-01
5.999999999999999778e-01
5.999999999999999778e-01
5.999999999999999778e-01
5.999999999999999778e-01
5.999999999999999778e-01
5.999999999999999778e-01
5.999999999999999778e-01
5.999999999999999778e-01
5.999999999999999778e-01
5.999999999999999778e-01
5.999999999999999778e-01
5.999999999999999778e-01
5.999999999999999778e-01
5.999999999999999778e-01
5.999999999999999778e-01
5.999999999999999778e-01
5.999999999999999778e-01
5.999999999999999778e-01
5.999999999999999778e-01
5.999999999999999778e-01
5.999999999999999778e-01
5.999999999999999778e-01
5.999999999999999778e-01
5.999999999999999778e-01
5.999999999999999778e-01
5.999999999999999778e-01
5.999999999999999778e-01
5.999999999999999778e-01
5.999999999999999778e-01
5.999999999999999778e-01
5.999999999999999778e-01
5.999999999999999778e-01
5.999999999999999778e-01
5.999999999999999778e-01
5.999999999999999778e-01
5.999999999999999778e-01
5.999999999999999778e-01
5.999999999999999778e-01
5.999999999999999778e-01
5.999999999999999778e-01
5.999999999999999778e-01
5.999999999999999778e-01
5.999999999999999778e-01
5.999999999999999778e-01
5.999999999999999778e-01
5.999999999999999778e-01
5.999999999999999778e-01
5.999999999999999778e-01
5.999999999999999778e-01
5.999999999999999778e-01
5.999999999999999778e-01
5.999999999999999778e-01
5.999999999999999778e-01
5.999999999999999778e-01
5.999999999999999778e-01
5.999999999999999778e-01
5.999999999999999778e-01
5.999999999999999778e-01
5.999999999999999778e-01
5.999999999999999778e-01
5.999999999999999778e-01
5.999999999999999778e-01
5.999999999999999778e-01
5.999999999999999778e-01
5.999999999999999778e-01
5.999999999999999778e-01
5.999999999999999778e-01
5.999999999999999778e-01
5.999999999999999778e-01
5.999999999999999778e-01
5.999999999999999778e-01
5.999999999999999778e-01
5.999999999999999778e-01
5.999999999999999778e-01
5.999999999999999778e-01
5.999999999999999778e-01
5.999999999999999778e-01
5.999999999999999778e-01
5.999999999999999778e-01
5.999999999999999778e-01
5.999999999999999778e-01
5.999999999999999778e-01
5.999999999999999778e-01
5.999999999999999778e-01
5.999999999999999778e-01
5.999999999999999778e-01
5.999999999999999778e-01
5.999999999999999778e-01
5.999999999999999778e-01
5.999999999999999778e-01
5.999999999999999778e-01
5.999999999999999778e-01
5.999999999999999778e-01
5.999999999999999778e-01
5.999999999999999778e-01
5.999999999999999778e-01
5.999999999999999778e-01
5.999999999999999778e-01
5.999999999999999778e-01
5.999999999999999778e-01
5.999999999999999778e-01
5.999999999999999778e-01
5.999999999999999778e-01
5.999999999999999778e-01
5.999999999999999778e-01
5.999999999999999778e-01
5.999999999999999778e-01
5.999999999999999778e-01
5.999999999999999778e-01
5.999999999999999778e-01
5.999999999999999778e-01
5.999999999999999778e-01
5.999999999999999778e-01
5.999999999999999778e-01
5.999999999999999778e-01
5.999999999999999778e-01
5.999999999999999778e-01
5.999999999999999778e-01
5.999999999999999778e-01
5.999999999999999778e-01
5.999999999999999778e-01
5.999999999999999778e-01
5.999999999999999778e-01
5.999999999999999778e-01
5.999999999999999778e-01
5.999999999999999778e-01
5.999999999999999778e-01
5.999999999999999778e-01
5.999999999999999778e-01
5.999999999999999778e-01
5.999999999999999778e-01
5.999999999999999778e-01
5.999999999999999778e-01
5.999999999999999778e-01
5.999999999999999778e-01
5.999999999999999778e-01
5.999999999999999778e-01
5.999999999999999778e-01
5.999999999999999778e-01
5.999999999999999778e-01
5.999999999999999778e-01
5.999999999999999778e-01
5.999999999999999778e-01
5.999999999999999778e-01
5.999999999999999778e-01
5.999999999999999778e-01
5.999999999999999778e-01
5.999999999999999778e-01
5.999999999999999778e-01
5.999999999999999778e-01
5.999999999999999778e-01
5.999999999999999778e-01
5.999999999999999778e-01
5.999999999999999778e-01
5.999999999999999778e-01
5.999999999999999778e-01
5.999999999999999778e-01
5.999999999999999778e-01
5.999999999999999778e-01
5.999999999999999778e-01
5.999999999999999778e-01
5.999999999999999778e-01
5.999999999999999778e-01
5.999999999999999778e-01
5.999999999999999778e-01
5.999999999999999778e-01
5.999999999999999778e-01
5.999999999999999778e-01
5.999999999999999778e-01
5.999999999999999778e-01
5.999999999999999778e-01
5.999999999999999778e-01
5.999999999999999778e-01
5.999999999999999778e-01
5.999999999999999778e-01
5.999999999999999778e-01
5.999999999999999778e-01
5.999999999999999778e-01
5.999999999999999778e-01
5.999999999999999778e-01
5.999999999999999778e-01
5.999999999999999778e-01
5.999999999999999778e-01
5.999999999999999778e-01
5.999999999999999778e-01
5.999999999999999778e-01
5.999999999999999778e-01
5.999999999999999778e-01
5.999999999999999778e-01
5.999999999999999778e-01
5.999999999999999778e-01
5.999999999999999778e-01
5.999999999999999778e-01
5.999999999999999778e-01
5.999999999999999778e-01
5.999999999999999778e-01
5.999999999999999778e-01
5.999999999999999778e-01
5.999999999999999778e-01
5.999999999999999778e-01
5.999999999999999778e-01
5.999999999999999778e-01
5.999999999999999778e-01
5.999999999999999778e-01
5.999999999999999778e-01
5.999999999999999778e-01
5.999999999999999778e-01
5.999999999999999778e-01
5.999999999999999778e-01
5.999999999999999778e-01
5.999999999999999778e-01
5.999999999999999778e-01
5.999999999999999778e-01
5.999999999999999778e-01
5.999999999999999778e-01
5.999999999999999778e-01
5.999999999999999778e-01
5.999999999999999778e-01
5.999999999999999778e-01
5.999999999999999778e-01
5.999999999999999778e-01
5.999999999999999778e-01
5.999999999999999778e-01
5.999999999999999778e-01
5.999999999999999778e-01
5.999999999999999778e-01
5.999999999999999778e-01
5.999999999999999778e-01
5.999999999999999778e-01
5.999999999999999778e-01
5.999999999999999778e-01
5.999999999999999778e-01
5.999999999999999778e-01
5.999999999999999778e-01
5.999999999999999778e-01
5.999999999999999778e-01
5.999999999999999778e-01
5.999999999999999778e-01
5.999999999999999778e-01
5.999999999999999778e-01
5.999999999999999778e-01
5.999999999999999778e-01
5.999999999999999778e-01
5.999999999999999778e-01
5.999999999999999778e-01
5.999999999999999778e-01
5.999999999999999778e-01
5.999999999999999778e-01
5.999999999999999778e-01
5.999999999999999778e-01
5.999999999999999778e-01
5.999999999999999778e-01
5.999999999999999778e-01
5.999999999999999778e-01
5.999999999999999778e-01
5.999999999999999778e-01
5.999999999999999778e-01
5.999999999999999778e-01
5.999999999999999778e-01
5.999999999999999778e-01
5.999999999999999778e-01
5.999999999999999778e-01
5.999999999999999778e-01
5.999999999999999778e-01
5.999999999999999778e-01
5.999999999999999778e-01
5.999999999999999778e-01
5.999999999999999778e-01
5.999999999999999778e-01
5.999999999999999778e-01
5.999999999999999778e-01
5.999999999999999778e-01
5.999999999999999778e-01
5.999999999999999778e-01
5.999999999999999778e-01
5.999999999999999778e-01
5.999999999999999778e-01
5.999999999999999778e-01
5.999999999999999778e-01
5.999999999999999778e-01
5.999999999999999778e-01
5.999999999999999778e-01
5.999999999999999778e-01
5.999999999999999778e-01
5.999999999999999778e-01
5.999999999999999778e-01
5.999999999999999778e-01
5.999999999999999778e-01
5.999999999999999778e-01
5.999999999999999778e-01
5.999999999999999778e-01
5.999999999999999778e-01
5.999999999999999778e-01
5.999999999999999778e-01
5.999999999999999778e-01
5.999999999999999778e-01
5.999999999999999778e-01
5.999999999999999778e-01
5.999999999999999778e-01
5.999999999999999778e-01
5.999999999999999778e-01
5.999999999999999778e-01
5.999999999999999778e-01
5.999999999999999778e-01
5.999999999999999778e-01
5.999999999999999778e-01
5.999999999999999778e-01
5.999999999999999778e-01
5.999999999999999778e-01
5.999999999999999778e-01
5.999999999999999778e-01
5.999999999999999778e-01
5.999999999999999778e-01
5.999999999999999778e-01
5.999999999999999778e-01
5.999999999999999778e-01
5.999999999999999778e-01
5.999999999999999778e-01
5.999999999999999778e-01
5.999999999999999778e-01
5.999999999999999778e-01
5.999999999999999778e-01
5.999999999999999778e-01
5.999999999999999778e-01
5.999999999999999778e-01
5.999999999999999778e-01
5.999999999999999778e-01
5.999999999999999778e-01
5.999999999999999778e-01
5.999999999999999778e-01
5.999999999999999778e-01
5.999999999999999778e-01
5.999999999999999778e-01
5.999999999999999778e-01
5.999999999999999778e-01
5.999999999999999778e-01
5.999999999999999778e-01
5.999999999999999778e-01
5.999999999999999778e-01
5.999999999999999778e-01
5.999999999999999778e-01
5.999999999999999778e-01
5.999999999999999778e-01
5.999999999999999778e-01
5.999999999999999778e-01
5.999999999999999778e-01
5.999999999999999778e-01
5.999999999999999778e-01
5.999999999999999778e-01
5.999999999999999778e-01
5.999999999999999778e-01
5.999999999999999778e-01
5.999999999999999778e-01
5.999999999999999778e-01
5.999999999999999778e-01
5.999999999999999778e-01
5.999999999999999778e-01
5.999999999999999778e-01
5.999999999999999778e-01
5.999999999999999778e-01
5.999999999999999778e-01
5.999999999999999778e-01
5.999999999999999778e-01
5.999999999999999778e-01
5.999999999999999778e-01
5.999999999999999778e-01
5.999999999999999778e-01
5.999999999999999778e-01
5.999999999999999778e-01
5.999999999999999778e-01
5.999999999999999778e-01
5.999999999999999778e-01
5.999999999999999778e-01
5.999999999999999778e-01
5.999999999999999778e-01
5.999999999999999778e-01
5.999999999999999778e-01
5.999999999999999778e-01
5.999999999999999778e-01
5.999999999999999778e-01
5.999999999999999778e-01
5.999999999999999778e-01
5.999999999999999778e-01
5.999999999999999778e-01
5.999999999999999778e-01
5.999999999999999778e-01
5.999999999999999778e-01
)
;

boundaryField
{
    topWall
    {
        type            fixedValue;
        value           uniform 1e-12;
    }
    bottomWall
    {
        type            fixedValue;
        value           uniform 1e-12;
    }
    inlet
    {
        type            mapped;
        fieldName       k;
        setAverage      0;
        average         1e-12;
        interpolationScheme cell;
        value           nonuniform List<scalar> 
30
(
3.39939e-07
6.04843e-06
1.9295e-05
2.88194e-05
3.53207e-05
4.02074e-05
4.40838e-05
4.7235e-05
4.96055e-05
5.0971e-05
5.09796e-05
4.92832e-05
4.56794e-05
4.01842e-05
3.33341e-05
2.65386e-05
2.10856e-05
1.72154e-05
1.44485e-05
1.24977e-05
1.12602e-05
1.07579e-05
1.08703e-05
1.12571e-05
1.16606e-05
1.14598e-05
8.52376e-06
3.35828e-06
7.31323e-07
4.09004e-08
)
;
    }
    outlet
    {
        type            zeroGradient;
    }
    defaultFaces
    {
        type            empty;
    }
}