3.473913129999999876e-06
7.622341214999999961e-06
1.276600755000000075e-05
1.840306100000000002e-05
2.396271574999999819e-05
2.890385564999999851e-05
3.294460719999999865e-05
3.589377550000000147e-05
3.790974700000000253e-05
3.907912100000000073e-05
3.970090999999999865e-05
3.993487549999999908e-05
3.998368099999999602e-05
3.995337049999999864e-05
3.991424799999999603e-05
3.990937800000000094e-05
3.995389750000000027e-05
4.003109949999999892e-05
4.013591750000000094e-05
4.025950499999999665e-05
4.038896100000000241e-05
4.051489500000000031e-05
4.062621449999999704e-05
4.071890000000000074e-05
4.079301500000000164e-05
4.085293999999999921e-05
4.089079500000000463e-05
4.090335999999999592e-05
4.089105000000000214e-05
4.086878500000000312e-05
4.083170999999999806e-05
4.077349499999999814e-05
4.070878000000000430e-05
4.063744500000000137e-05
4.055355000000000071e-05
4.046971000000000390e-05
4.037817000000000375e-05
4.028486000000000176e-05
4.018997000000000444e-05
4.009047999999999703e-05
3.999411999999999851e-05
3.989697499999999929e-05
3.980156499999999947e-05
3.970582500000000367e-05
3.961264499999999722e-05
3.952020000000000153e-05
3.943106500000000022e-05
3.934381999999999561e-05
3.925909499999999787e-05
3.917581499999999957e-05
3.909391000000000260e-05
3.901354499999999816e-05
3.893382499999999819e-05
3.885643999999999893e-05
3.877917500000000129e-05
3.870377999999999894e-05
3.863059000000000176e-05
3.855710999999999785e-05
3.848828999999999467e-05
3.841814500000000044e-05
3.835216499999999942e-05
3.828689000000000029e-05
3.822226999999999954e-05
3.816123999999999921e-05
3.809947999999999525e-05
3.803959000000000013e-05
3.798025500000000318e-05
3.792060499999999775e-05
3.786195000000000093e-05
3.780119499999999951e-05
3.774138499999999644e-05
3.768013500000000105e-05
3.761687000000000022e-05
3.755476499999999923e-05
3.748865000000000232e-05
3.742213999999999811e-05
3.735590999999999993e-05
3.728584999999999810e-05
3.721716499999999758e-05
3.714711999999999680e-05
3.707533000000000269e-05
3.700474000000000444e-05
3.693239999999999896e-05
3.685934499999999768e-05
3.678714500000000200e-05
3.671410500000000176e-05
3.664066500000000065e-05
3.656914499999999832e-05
3.649633500000000062e-05
3.642474500000000696e-05
3.635352499999999851e-05
3.628152500000000327e-05
3.621117999999999505e-05
3.613989999999999596e-05
3.606911499999999762e-05
3.599991500000000174e-05
3.593031999999999856e-05
3.586016500000000363e-05
3.578878499999999755e-05
3.571771999999999995e-05
3.564450000000000067e-05
3.557121500000000363e-05
3.549566499999999721e-05
3.541957000000000010e-05
3.534322999999999941e-05
3.526678500000000492e-05
3.518544500000000003e-05
3.510299499999999882e-05
3.502408000000000095e-05
3.494707500000000116e-05
3.486708000000000228e-05
3.478634499999999906e-05
3.470315500000000029e-05
3.461803000000000167e-05
3.453173500000000253e-05
3.444278500000000061e-05
3.435430999999999804e-05
3.426088000000000121e-05
3.416747499999999934e-05
3.407243999999999865e-05
3.397427000000000227e-05
3.387668499999999937e-05
3.377529499999999457e-05
3.367234499999999584e-05
3.356941499999999850e-05
3.346334999999999870e-05
3.335663000000000050e-05
3.324943500000000296e-05
3.313893999999999819e-05
3.302735499999999848e-05
3.291584999999999758e-05
3.280104499999999623e-05
3.268548999999999663e-05
3.257030000000000222e-05
3.245080499999999804e-05
3.232992499999999862e-05
3.220898000000000142e-05
3.208651999999999989e-05
3.195902500000000527e-05
3.183246999999999509e-05
3.170560499999999711e-05
3.157391500000000041e-05
3.144149500000000008e-05
3.130943999999999817e-05
3.117535499999999656e-05
3.103881499999999939e-05
3.090232499999999894e-05
3.076604499999999962e-05
3.062684999999999968e-05
3.048783999999999913e-05
3.034864999999999953e-05
3.020878999999999711e-05
3.006731000000000334e-05
2.992637999999999722e-05
2.978521000000000142e-05
2.964292999999999572e-05
2.949842999999999736e-05
2.935492500000000084e-05
2.921084500000000137e-05
2.906560000000000171e-05
2.892039000000000111e-05
2.877528000000000074e-05
2.862986499999999935e-05
2.848250499999999743e-05
2.833554499999999977e-05
2.818858499999999534e-05
2.804077000000000224e-05
2.789095999999999833e-05
2.774235500000000080e-05
2.759313000000000054e-05
2.744293999999999716e-05
2.729207500000000076e-05
2.714170999999999869e-05
2.699074000000000172e-05
2.683947499999999768e-05
2.668785999999999625e-05
2.653659500000000237e-05
2.638479499999999816e-05
2.623312499999999966e-05
2.608162499999999950e-05
2.593015500000000144e-05
2.577638499999999834e-05
2.562221500000000114e-05
2.546833000000000015e-05
2.531298500000000206e-05
2.515417999999999571e-05
2.499700499999999836e-05
2.483826499999999994e-05
2.467754499999999854e-05
2.451722000000000105e-05
2.435632999999999792e-05
2.419514999999999822e-05
2.403446999999999962e-05
2.387406499999999992e-05
2.371325000000000204e-05
2.355539500000000116e-05
2.339698499999999873e-05
2.324029999999999838e-05
2.308626000000000010e-05
2.293246999999999899e-05
2.277699499999999858e-05
2.261877999999999963e-05
2.246022000000000025e-05
2.230173499999999934e-05
2.214304499999999765e-05
2.198493499999999926e-05
2.182633500000000047e-05
2.166913000000000102e-05
2.151339499999999937e-05
2.135776000000000132e-05
2.120241499999999985e-05
2.104934999999999863e-05
2.089641499999999973e-05
2.074330499999999875e-05
2.059279500000000008e-05
2.044434000000000287e-05
2.029644500000000079e-05
2.014814000000000053e-05
2.000056500000000050e-05
1.985335499999999891e-05
1.970607999999999954e-05
1.955934500000000069e-05
1.941404000000000022e-05
1.926840999999999735e-05
1.912329500000000001e-05
1.897865000000000167e-05
1.883470999999999843e-05
1.869030499999999994e-05
1.854683000000000213e-05
1.840389500000000144e-05
1.826147499999999951e-05
1.811844999999999930e-05
1.797618000000000108e-05
1.783415499999999967e-05
1.769207000000000085e-05
1.755163200000000069e-05
1.741318449999999882e-05
1.727421649999999985e-05
1.713637250000000226e-05
1.700048150000000035e-05
1.686462700000000166e-05
1.672944699999999799e-05
1.659683600000000191e-05
1.646606700000000120e-05
1.633478850000000008e-05
1.620544300000000001e-05
1.607868700000000017e-05
1.595156399999999973e-05
1.582535200000000135e-05
1.570234750000000035e-05
1.557999249999999938e-05
1.545800549999999841e-05
1.533759050000000102e-05
1.521999999999999997e-05
1.510165600000000109e-05
1.498461750000000002e-05
1.487013199999999934e-05
1.475651199999999957e-05
1.464282099999999890e-05
1.453099050000000099e-05
1.442094999999999955e-05
1.431073099999999985e-05
1.420131750000000026e-05
1.409485400000000036e-05
1.398840799999999999e-05
1.388251250000000221e-05
1.377869150000000082e-05
1.367699299999999884e-05
1.357510750000000206e-05
1.347447249999999926e-05
1.337758400000000002e-05
1.328054449999999937e-05
1.318419199999999969e-05
1.309044500000000236e-05
1.299864100000000001e-05
1.290640599999999869e-05
1.281579400000000044e-05
1.272780200000000083e-05
1.263981100000000061e-05
1.255212150000000013e-05
1.246636850000000028e-05
1.238126599999999985e-05
1.229620199999999974e-05
1.221239400000000043e-05
1.213092950000000005e-05
1.204897999999999962e-05
1.196827100000000093e-05
1.189141200000000052e-05
1.181564000000000026e-05
1.173981599999999941e-05
1.166869149999999900e-05
1.160223750000000142e-05
1.153532000000000088e-05
1.146874799999999877e-05
1.140378549999999948e-05
1.133923199999999898e-05
1.127436050000000029e-05
1.121077400000000001e-05
1.115097000000000007e-05
1.109180799999999963e-05
1.103243899999999962e-05
1.097558199999999950e-05
1.092252550000000063e-05
1.086927149999999980e-05
1.081647250000000031e-05
1.076748299999999999e-05
1.071991550000000123e-05
1.067236500000000061e-05
1.062667399999999996e-05
1.058493550000000138e-05
1.054253700000000067e-05
1.050172650000000060e-05
1.046466250000000071e-05
1.042826449999999930e-05
1.039219650000000065e-05
1.036119400000000026e-05
1.033117900000000119e-05
1.030124450000000064e-05
1.027579599999999983e-05
1.025160999999999924e-05
1.022759949999999874e-05
1.020743800000000051e-05
1.018812150000000040e-05
1.016968749999999935e-05
1.015485949999999916e-05
1.014070899999999893e-05
1.012794499999999981e-05
1.011961600000000093e-05
1.011081999999999953e-05
1.010551600000000050e-05
1.010264500000000024e-05
1.009999400000000012e-05
1.010152550000000121e-05
1.010309999999999988e-05
1.010711499999999954e-05
1.011279500000000047e-05
1.011965600000000034e-05
1.012852100000000046e-05
1.013769600000000025e-05
1.014973100000000022e-05
1.016181200000000102e-05
1.017587849999999978e-05
1.019043000000000028e-05
1.020723099999999924e-05
1.022436850000000040e-05
1.024312549999999999e-05
1.026255900000000015e-05
1.028311000000000055e-05
1.030443950000000053e-05
1.032670600000000033e-05
1.034949400000000002e-05
1.037312149999999948e-05
1.039708649999999883e-05
1.042150999999999909e-05
1.044617949999999894e-05
1.047103400000000157e-05
1.049597900000000002e-05
1.052098849999999994e-05
1.054627800000000081e-05
1.057253049999999925e-05
1.059840800000000026e-05
1.062438450000000040e-05
1.065072250000000109e-05
1.067779500000000099e-05
1.070555199999999999e-05
1.073427150000000025e-05
1.076455999999999914e-05
1.079584899999999991e-05
1.082891499999999998e-05
1.086356799999999959e-05
1.089970149999999910e-05
1.093742049999999907e-05
1.097710449999999928e-05
1.101863450000000090e-05
1.106176550000000033e-05
1.110691499999999969e-05
1.115387750000000017e-05
1.120258849999999863e-05
1.125252149999999990e-05
1.130308850000000046e-05
1.135288750000000015e-05
1.140018649999999944e-05
1.144190950000000067e-05
1.147432649999999870e-05
1.149106064999999848e-05
1.148138840000000015e-05
1.142787919999999855e-05
1.131468314999999950e-05
1.111831060000000025e-05
1.079266279999999976e-05
1.031281390000000063e-05
9.619817750000000855e-06
8.683402749999999759e-06
7.479751349999999860e-06
6.032552374999999354e-06
4.432707864999999977e-06
2.838850654999999874e-06
1.452616743500000092e-06
4.656491483000000352e-07
1.399450676344999946e-08
