1.697238400000000201e-07
6.998027500000000821e-07
1.452388099999999882e-06
2.312310999999999959e-06
3.208754999999999909e-06
4.087872500000000052e-06
4.916869999999999902e-06
5.677294000000000094e-06
6.362933999999999344e-06
6.966903000000000879e-06
7.497263000000000660e-06
7.957532999999999897e-06
8.355220000000000618e-06
8.699160999999999634e-06
8.993520000000000927e-06
9.249639500000000059e-06
9.471641499999999429e-06
9.665110500000000405e-06
9.835702000000000176e-06
9.987714499999998918e-06
1.012507000000000028e-05
1.025031899999999939e-05
1.036624550000000026e-05
1.047550700000000074e-05
1.058027999999999961e-05
1.068261550000000075e-05
1.078374600000000062e-05
1.088649000000000086e-05
1.099306999999999943e-05
1.110364749999999981e-05
1.122050200000000088e-05
1.134509349999999973e-05
1.147726250000000013e-05
1.161813450000000083e-05
1.177502549999999967e-05
1.194344749999999980e-05
1.212647700000000028e-05
1.232894700000000005e-05
1.254621749999999979e-05
1.278367499999999920e-05
1.304261550000000018e-05
1.332289349999999967e-05
1.363114249999999855e-05
1.396001200000000135e-05
1.432346900000000122e-05
1.471662750000000092e-05
1.514701949999999915e-05
1.559882399999999944e-05
1.609811999999999894e-05
1.661933500000000103e-05
1.718897999999999954e-05
1.778362999999999900e-05
1.843586499999999836e-05
1.910396999999999998e-05
1.984320500000000037e-05
2.061461999999999881e-05
2.144779499999999783e-05
2.235680000000000252e-05
2.329165000000000255e-05
2.429914000000000195e-05
2.534708499999999891e-05
2.645357499999999854e-05
2.761546999999999803e-05
2.880805000000000280e-05
3.007406500000000155e-05
3.136024000000000114e-05
3.271629500000000352e-05
3.408437500000000009e-05
3.552063000000000215e-05
3.697928000000000554e-05
3.847366500000000156e-05
3.997416999999999881e-05
4.149779500000000068e-05
4.301814500000000383e-05
4.454785999999999805e-05
4.607901000000000455e-05
4.760204499999999903e-05
4.909731499999999598e-05
5.058768000000000216e-05
5.204560000000000192e-05
5.349826499999999998e-05
5.486810500000000447e-05
5.619544000000000351e-05
5.745738499999999537e-05
5.856577999999999952e-05
5.966668000000000113e-05
6.069512500000000276e-05
6.168672499999999510e-05
6.260766500000000461e-05
6.337805000000000554e-05
6.413489500000000795e-05
6.475122499999999939e-05
6.525355000000000478e-05
6.557448999999999971e-05
6.584800500000000415e-05
6.602632999999999029e-05
6.604124000000000333e-05
6.600746500000000550e-05
6.592579499999999787e-05
6.565492000000000192e-05
6.532227000000000096e-05
6.495583500000000148e-05
6.444126500000000007e-05
6.387708499999999762e-05
6.321321999999999445e-05
6.252500000000000191e-05
6.180227500000000113e-05
6.100376499999999105e-05
6.016148000000000188e-05
5.929639500000000337e-05
5.842224000000000055e-05
5.750622499999999675e-05
5.658777000000000522e-05
5.566228499999999624e-05
5.472583499999999948e-05
5.379107499999999896e-05
5.288045500000000665e-05
5.199081499999999801e-05
5.109942500000000246e-05
5.022831500000000260e-05
4.937015500000000064e-05
4.854816500000000141e-05
4.772813999999999735e-05
4.691700500000000533e-05
4.616971999999999407e-05
4.543692000000000000e-05
4.472731499999999547e-05
4.407560000000000199e-05
4.341346499999999787e-05
4.277192999999999826e-05
4.217135500000000444e-05
4.160195500000000274e-05
4.107832999999999808e-05
4.054079000000000254e-05
4.003301499999999537e-05
3.956951500000000226e-05
3.912290499999999808e-05
3.869784499999999710e-05
3.832237999999999612e-05
3.793648000000000376e-05
3.757142499999999917e-05
3.721901000000000468e-05
3.688749500000000181e-05
3.657267000000000097e-05
3.626282500000000292e-05
3.595585500000000271e-05
3.569616499999999639e-05
3.544784999999999977e-05
3.520900000000000120e-05
3.498498499999999688e-05
3.476738000000000051e-05
3.454413500000000261e-05
3.433297499999999632e-05
3.413745499999999993e-05
3.396509999999999775e-05
3.380379999999999643e-05
3.364387999999999678e-05
3.347868000000000046e-05
3.332339499999999980e-05
3.317427000000000315e-05
3.302549999999999746e-05
3.288785000000000395e-05
3.276947499999999680e-05
3.264851500000000534e-05
3.253051499999999732e-05
3.241248000000000040e-05
3.228382499999999918e-05
3.216063999999999436e-05
3.203965499999999436e-05
3.191671999999999348e-05
3.181969999999999623e-05
3.172791499999999928e-05
3.163606499999999777e-05
3.154591500000000000e-05
3.144522000000000316e-05
3.134083999999999926e-05
3.123695999999999645e-05
3.113195000000000269e-05
3.103772000000000410e-05
3.095341500000000186e-05
3.086758000000000102e-05
3.078233000000000043e-05
3.069090000000000121e-05
3.058429499999999751e-05
3.047668500000000482e-05
3.036913000000000242e-05
3.026168500000000095e-05
3.014836000000000149e-05
3.002965000000000479e-05
2.991112500000000070e-05
2.979397999999999828e-05
2.967752500000000009e-05
2.956725500000000089e-05
2.946061000000000117e-05
2.935432500000000291e-05
2.924807500000000033e-05
2.914165000000000245e-05
2.903785999999999916e-05
2.893385000000000081e-05
2.883009499999999997e-05
2.872661000000000108e-05
2.861898000000000360e-05
2.850785000000000184e-05
2.839775499999999794e-05
2.828698500000000103e-05
2.817328999999999602e-05
2.805556000000000011e-05
2.793728499999999996e-05
2.781888499999999784e-05
2.769945000000000125e-05
2.757787500000000402e-05
2.745241999999999965e-05
2.732566999999999955e-05
2.719833499999999918e-05
2.707236499999999944e-05
2.694076000000000191e-05
2.680683000000000097e-05
2.667272500000000135e-05
2.653892999999999969e-05
2.640079999999999971e-05
2.625798000000000368e-05
2.611481999999999741e-05
2.597154500000000004e-05
2.582403500000000457e-05
2.567371500000000225e-05
2.552408500000000077e-05
2.537374000000000010e-05
2.522079500000000050e-05
2.506474500000000052e-05
2.490867000000000219e-05
2.475197000000000080e-05
2.459468499999999913e-05
2.443596499999999873e-05
2.427646000000000101e-05
2.411653500000000101e-05
2.395695500000000143e-05
2.379622999999999968e-05
2.363386999999999874e-05
2.347097999999999801e-05
2.330836499999999956e-05
2.314483999999999845e-05
2.297933000000000077e-05
2.281395500000000238e-05
2.264862000000000000e-05
2.248193500000000145e-05
2.231478500000000085e-05
2.214765000000000131e-05
2.198026500000000122e-05
2.181081999999999932e-05
2.164233500000000020e-05
2.147369500000000041e-05
2.130418500000000074e-05
2.113312000000000071e-05
2.096225000000000077e-05
2.079142500000000059e-05
2.061955499999999845e-05
2.044690000000000239e-05
2.027414499999999933e-05
2.010124499999999968e-05
1.992825500000000051e-05
1.975452000000000005e-05
1.958027500000000118e-05
1.940608499999999938e-05
1.923225499999999905e-05
1.905855500000000103e-05
1.888434000000000087e-05
1.871038499999999857e-05
1.853778499999999958e-05
1.836623000000000254e-05
1.819467499999999872e-05
1.802333500000000317e-05
1.785538000000000048e-05
1.768882000000000050e-05
1.752184999999999894e-05
1.735595950000000040e-05
1.719562849999999978e-05
1.703486199999999784e-05
1.687424200000000004e-05
1.671748050000000044e-05
1.656283599999999851e-05
1.640789899999999982e-05
1.625381100000000022e-05
1.610365400000000050e-05
1.595396149999999804e-05
1.580433550000000091e-05
1.565628750000000032e-05
1.551032999999999825e-05
1.536419150000000114e-05
1.521845949999999927e-05
1.507560099999999952e-05
1.493415649999999942e-05
1.479236750000000199e-05
1.465155099999999975e-05
1.451260999999999961e-05
1.437409649999999889e-05
1.423552400000000015e-05
1.410109349999999842e-05
1.396885500000000129e-05
1.383633400000000135e-05
1.370546750000000059e-05
1.357835600000000163e-05
1.345166800000000112e-05
1.332457349999999861e-05
1.320321799999999845e-05
1.308231400000000005e-05
1.296076750000000076e-05
1.284418949999999938e-05
1.272973150000000062e-05
1.261473899999999970e-05
1.250245900000000050e-05
1.239565000000000049e-05
1.228848350000000088e-05
1.218166899999999912e-05
1.208316899999999998e-05
1.198404399999999947e-05
1.188501200000000004e-05
1.179256599999999988e-05
1.170116050000000101e-05
1.160987750000000055e-05
1.152239700000000013e-05
1.143816449999999957e-05
1.135331350000000048e-05
1.127135699999999922e-05
1.119366299999999969e-05
1.111509799999999920e-05
1.103986700000000053e-05
1.096898149999999889e-05
1.089794000000000056e-05
1.082975999999999980e-05
1.076807650000000017e-05
1.070605550000000065e-05
1.064682900000000045e-05
1.059368950000000119e-05
1.054004700000000097e-05
1.048989100000000138e-05
1.044446199999999907e-05
1.039868049999999921e-05
1.035678249999999929e-05
1.031754300000000002e-05
1.027899050000000002e-05
1.024473800000000098e-05
1.021201600000000025e-05
1.018114650000000035e-05
1.015432400000000100e-05
1.012799499999999992e-05
1.010558750000000110e-05
1.008411250000000145e-05
1.006587050000000061e-05
1.004943199999999991e-05
1.003571349999999974e-05
1.002548700000000026e-05
1.001681950000000040e-05
1.001212099999999934e-05
1.000915649999999999e-05
1.000951199999999911e-05
1.001240349999999878e-05
1.001707399999999990e-05
1.002434349999999887e-05
1.003337400000000007e-05
1.004430349999999927e-05
1.005762749999999860e-05
1.007219999999999989e-05
1.008907499999999962e-05
1.010681900000000153e-05
1.012716799999999933e-05
1.014985500000000110e-05
1.017399000000000049e-05
1.020066749999999986e-05
1.022976450000000111e-05
1.026142199999999989e-05
1.029636999999999981e-05
1.033535999999999992e-05
1.037837500000000039e-05
1.042630449999999941e-05
1.048002950000000032e-05
1.054084999999999921e-05
1.061007899999999949e-05
1.068921250000000011e-05
1.077955100000000023e-05
1.088211549999999944e-05
1.099798749999999954e-05
1.112751399999999973e-05
1.127029749999999931e-05
1.142458400000000026e-05
1.158887500000000007e-05
1.175613650000000067e-05
1.191157915000000125e-05
1.203895919999999880e-05
1.211583290000000045e-05
1.210500409999999935e-05
1.194594599999999942e-05
1.158259805000000020e-05
1.090338989999999902e-05
9.847836249999999966e-06
8.345398300000000786e-06
6.454724184999999330e-06
4.344314149999999935e-06
2.345032804500000143e-06
8.216355675000000056e-07
5.134993437500000007e-08
