2.221657879999999936e-06
6.702456950000000528e-06
1.083800790000000053e-05
1.407449790000000179e-05
1.653600650000000002e-05
1.846343950000000153e-05
2.001963349999999885e-05
2.132168800000000341e-05
2.244884699999999950e-05
2.345078249999999793e-05
2.435719999999999780e-05
2.519185749999999888e-05
2.596771050000000082e-05
2.669507999999999988e-05
2.738119699999999981e-05
2.803116500000000117e-05
2.865294500000000117e-05
2.924951499999999942e-05
2.982623999999999855e-05
3.038953500000000007e-05
3.094345500000000306e-05
3.149126999999999910e-05
3.203513999999999700e-05
3.257599500000000082e-05
3.311332499999999522e-05
3.364187000000000525e-05
3.416108999999999991e-05
3.467465499999999878e-05
3.518677999999999856e-05
3.569628999999999836e-05
3.620470499999999610e-05
3.671347000000000477e-05
3.722224000000000024e-05
3.773250999999999900e-05
3.825314999999999814e-05
3.878544499999999945e-05
3.932409499999999809e-05
3.987144000000000191e-05
4.042288000000000082e-05
4.098047500000000340e-05
4.154520500000000367e-05
4.211949000000000151e-05
4.270509499999999842e-05
4.329997500000000042e-05
4.390390499999999855e-05
4.451822999999999881e-05
4.513782500000000181e-05
4.576207499999999841e-05
4.638806999999999512e-05
4.701560999999999826e-05
4.764517000000000719e-05
4.827801000000000163e-05
4.891629999999999785e-05
4.955835500000000673e-05
5.020268499999999858e-05
5.084299500000000736e-05
5.148162500000000026e-05
5.211741000000000420e-05
5.274518000000000311e-05
5.337401999999999555e-05
5.399827499999999928e-05
5.461635000000000437e-05
5.523156999999999947e-05
5.583353999999999601e-05
5.643051999999999584e-05
5.701308999999999728e-05
5.758217499999999727e-05
5.813774500000000049e-05
5.868478499999999653e-05
5.922471000000000305e-05
5.974684999999999870e-05
6.028340000000000629e-05
6.082291999999999804e-05
6.129360499999999233e-05
6.177875500000000919e-05
6.230560500000000229e-05
6.278385000000000367e-05
6.325125500000000568e-05
6.372151000000000377e-05
6.417679000000000460e-05
6.462369499999999554e-05
6.505772500000000060e-05
6.548681999999999247e-05
6.589937500000000634e-05
6.630640500000000641e-05
6.668585500000000156e-05
6.705996000000000905e-05
6.742535999999999712e-05
6.779337999999999228e-05
6.815177999999999211e-05
6.850974499999999538e-05
6.885140999999999679e-05
6.919454500000000617e-05
6.950352999999999826e-05
6.981390999999999986e-05
7.011069999999999943e-05
7.039540500000000063e-05
7.068849499999999887e-05
7.096155999999999894e-05
7.123683500000000453e-05
7.149306499999999920e-05
7.174549500000001264e-05
7.197207500000000666e-05
7.215641500000000022e-05
7.234033499999999151e-05
7.245847500000000255e-05
7.253916000000000227e-05
7.263855000000000268e-05
7.265833499999999761e-05
7.268979500000000290e-05
7.270139500000001478e-05
7.268448000000000378e-05
7.267203499999999377e-05
7.264018500000000186e-05
7.258471000000000389e-05
7.253441500000000236e-05
7.246895000000001027e-05
7.237562500000000723e-05
7.228716499999999893e-05
7.217292500000000322e-05
7.204026499999999287e-05
7.191169999999999117e-05
7.176311499999999842e-05
7.157746000000000095e-05
7.138991500000000680e-05
7.119852000000000082e-05
7.092725999999999827e-05
7.065395500000000851e-05
7.038520999999999894e-05
7.009507499999999736e-05
6.979749000000000315e-05
6.950367500000000163e-05
6.919119999999999578e-05
6.883316500000000117e-05
6.847094999999999874e-05
6.811413000000000103e-05
6.773086500000000327e-05
6.732170000000000970e-05
6.691557000000000483e-05
6.650725999999999654e-05
6.607087499999999614e-05
6.561602000000000471e-05
6.516173499999999895e-05
6.470266999999999761e-05
6.421719000000001188e-05
6.372714499999999817e-05
6.323681000000000484e-05
6.274863000000000641e-05
6.221882999999999667e-05
6.165820499999999219e-05
6.110082500000000466e-05
6.054178999999999621e-05
5.997825999999999857e-05
5.937049000000000287e-05
5.875755499999999821e-05
5.814424000000000084e-05
5.753045000000000413e-05
5.690235500000000282e-05
5.623879000000000031e-05
5.558196500000000173e-05
5.492081500000000553e-05
5.425791000000000175e-05
5.359035000000000437e-05
5.291533500000000724e-05
5.223899000000000516e-05
5.156261500000000099e-05
5.088622499999999576e-05
5.021360500000000355e-05
4.954019000000000315e-05
4.886765000000000298e-05
4.819275000000000034e-05
4.752794000000000560e-05
4.687585499999999980e-05
4.621958999999999974e-05
4.556345499999999522e-05
4.491602000000000300e-05
4.430369000000000001e-05
4.370080000000000009e-05
4.309734500000000131e-05
4.249229999999999972e-05
4.190619500000000171e-05
4.134174000000000036e-05
4.077573500000000576e-05
4.020862000000000128e-05
3.964358500000000001e-05
3.909857999999999726e-05
3.855833500000000223e-05
3.801816499999999889e-05
3.747531999999999816e-05
3.695673000000000014e-05
3.646738500000000152e-05
3.597466499999999720e-05
3.548214500000000009e-05
3.499822500000000151e-05
3.455384000000000390e-05
3.412086999999999846e-05
3.368660999999999764e-05
3.324964999999999767e-05
3.284314500000000045e-05
3.246513499999999761e-05
3.208461000000000180e-05
3.170267500000000221e-05
3.133324999999999685e-05
3.100168500000000403e-05
3.067699000000000391e-05
3.035230999999999807e-05
3.002739000000000254e-05
2.972775500000000046e-05
2.944390499999999808e-05
2.915813500000000031e-05
2.887150000000000301e-05
2.859321500000000030e-05
2.833116500000000169e-05
2.806984000000000296e-05
2.780797500000000035e-05
2.754941000000000158e-05
2.730983500000000311e-05
2.707691000000000229e-05
2.684319500000000041e-05
2.660905999999999965e-05
2.638802000000000015e-05
2.617793000000000095e-05
2.596656000000000029e-05
2.575535500000000102e-05
2.554978999999999988e-05
2.535819500000000362e-05
2.516760499999999635e-05
2.497682500000000290e-05
2.478790000000000030e-05
2.460949000000000144e-05
2.443426999999999874e-05
2.425839500000000104e-05
2.408270999999999969e-05
2.391329499999999989e-05
2.374786000000000068e-05
2.358198500000000119e-05
2.341661500000000314e-05
2.325527999999999938e-05
2.310239000000000024e-05
2.294860999999999982e-05
2.279519500000000122e-05
2.264361999999999921e-05
2.250163500000000060e-05
2.235967000000000000e-05
2.221737500000000004e-05
2.207610500000000062e-05
2.194269999999999915e-05
2.181019499999999964e-05
2.167782999999999977e-05
2.154529999999999851e-05
2.141352000000000229e-05
2.128198999999999645e-05
2.115042000000000137e-05
2.101897500000000148e-05
2.088882000000000035e-05
2.075998500000000009e-05
2.063113500000000216e-05
2.050218000000000027e-05
2.037214000000000041e-05
2.024060999999999797e-05
2.010936000000000155e-05
1.997800000000000083e-05
1.984724999999999874e-05
1.971783500000000194e-05
1.958835000000000025e-05
1.945841500000000096e-05
1.933458999999999880e-05
1.921544999999999913e-05
1.909604500000000124e-05
1.897741499999999997e-05
1.885181500000000240e-05
1.872365000000000157e-05
1.859543000000000028e-05
1.846712499999999982e-05
1.833086999999999887e-05
1.819167450000000092e-05
1.805274050000000162e-05
1.791350550000000226e-05
1.777342849999999957e-05
1.763286699999999822e-05
1.749219250000000117e-05
1.735155650000000274e-05
1.721190550000000207e-05
1.707355350000000146e-05
1.693483200000000009e-05
1.679596449999999934e-05
1.665766550000000041e-05
1.651934300000000051e-05
1.638090350000000057e-05
1.624249499999999872e-05
1.610397750000000213e-05
1.596662600000000172e-05
1.582944199999999948e-05
1.569240200000000121e-05
1.555506449999999907e-05
1.541868449999999954e-05
1.528337450000000032e-05
1.514780799999999942e-05
1.501224899999999905e-05
1.487761499999999901e-05
1.474471850000000193e-05
1.461159049999999984e-05
1.447831150000000142e-05
1.434562249999999853e-05
1.421444849999999998e-05
1.408296700000000024e-05
1.395170199999999939e-05
1.382021249999999944e-05
1.368974549999999986e-05
1.355959150000000151e-05
1.342927850000000153e-05
1.329897449999999947e-05
1.317067949999999971e-05
1.304358149999999932e-05
1.291653150000000025e-05
1.278901450000000037e-05
1.266776849999999974e-05
1.254863599999999889e-05
1.242971350000000088e-05
1.231013799999999987e-05
1.220070150000000071e-05
1.209253550000000029e-05
1.198416500000000048e-05
1.187787299999999970e-05
1.177908950000000004e-05
1.168077049999999933e-05
1.158206050000000075e-05
1.148843699999999952e-05
1.139864149999999978e-05
1.130861199999999994e-05
1.122028600000000000e-05
1.113946350000000082e-05
1.105943399999999919e-05
1.097901649999999954e-05
1.090695749999999949e-05
1.083584600000000135e-05
1.076479550000000002e-05
1.070042149999999887e-05
1.063671149999999910e-05
1.057462050000000146e-05
1.051778599999999952e-05
1.046161399999999989e-05
1.040844750000000010e-05
1.035910699999999961e-05
1.031056400000000071e-05
1.026678349999999955e-05
1.022408450000000018e-05
1.018570200000000021e-05
1.014923299999999960e-05
1.011683250000000001e-05
1.008697649999999919e-05
1.006122749999999972e-05
1.003836700000000004e-05
1.001962949999999876e-05
1.000682999999999919e-05
1.000086899999999961e-05
9.998718500000000278e-06
1.000050250000000040e-05
1.000700350000000049e-05
1.002060949999999956e-05
1.003771700000000031e-05
1.006376799999999922e-05
1.009408799999999930e-05
1.013246200000000104e-05
1.017613150000000020e-05
1.023032499999999933e-05
1.029103399999999990e-05
1.036356000000000077e-05
1.044472500000000019e-05
1.053928799999999971e-05
1.064718799999999914e-05
1.076727000000000067e-05
1.090625149999999991e-05
1.106241049999999972e-05
1.123595949999999970e-05
1.143195500000000022e-05
1.165128450000000068e-05
1.189205000000000077e-05
1.215713850000000121e-05
1.244792649999999900e-05
1.276564200000000011e-05
1.311019199999999836e-05
1.347707100000000079e-05
1.386158549999999990e-05
1.425263099999999781e-05
1.463426649999999983e-05
1.498384629999999940e-05
1.526887744999999807e-05
1.544921555000000266e-05
1.544977885000000086e-05
1.519670334999999851e-05
1.462270230000000007e-05
1.359053460000000073e-05
1.207136644999999853e-05
1.003521640000000027e-05
7.602075145000000391e-06
5.015387635000000440e-06
2.665348134999999933e-06
9.076314164999999851e-07
4.431921335049999662e-08
