1.772639349999999994e-06
6.862443499999999546e-06
1.307084200000000017e-05
1.891664750000000107e-05
2.383551949999999906e-05
2.772983849999999866e-05
3.075212599999999763e-05
3.311174200000000509e-05
3.496189449999999635e-05
3.641635749999999958e-05
3.757093849999999834e-05
3.848348099999999978e-05
3.921225599999999688e-05
3.980338649999999882e-05
4.027086250000000173e-05
4.064642899999999694e-05
4.093042499999999869e-05
4.116050000000000004e-05
4.134133499999999913e-05
4.148211000000000118e-05
4.159342500000000234e-05
4.167973000000000218e-05
4.174538000000000044e-05
4.179419500000000008e-05
4.183387500000000441e-05
4.186710499999999799e-05
4.189029499999999395e-05
4.190626499999999983e-05
4.191644500000000047e-05
4.192184499999999876e-05
4.192389499999999987e-05
4.192466999999999987e-05
4.192427499999999935e-05
4.192055000000000304e-05
4.191225999999999909e-05
4.190364999999999986e-05
4.189510500000000518e-05
4.188819499999999613e-05
4.188325500000000291e-05
4.188047000000000460e-05
4.187911000000000433e-05
4.187959999999999795e-05
4.188448500000000087e-05
4.189141999999999812e-05
4.190651500000000377e-05
4.192823999999999889e-05
4.195688000000000341e-05
4.199195500000000409e-05
4.203293000000000415e-05
4.208000999999999761e-05
4.212942499999999856e-05
4.218325000000000308e-05
4.223734499999999938e-05
4.229397999999999719e-05
4.234990499999999954e-05
4.240680000000000198e-05
4.246027500000000235e-05
4.251207000000000716e-05
4.256538500000000311e-05
4.261766999999999476e-05
4.267211999999999557e-05
4.272669000000000477e-05
4.278322000000000201e-05
4.284027000000000175e-05
4.289839500000000214e-05
4.295673999999999760e-05
4.301575999999999962e-05
4.307331000000000045e-05
4.312947000000000568e-05
4.318267000000000036e-05
4.323444499999999700e-05
4.328430999999999555e-05
4.332708499999999956e-05
4.336654000000000171e-05
4.340251500000000436e-05
4.343535000000000419e-05
4.346477499999999586e-05
4.348592499999999819e-05
4.350610000000000008e-05
4.352926500000000107e-05
4.355278000000000621e-05
4.356768000000000500e-05
4.357829499999999541e-05
4.358638499999999892e-05
4.359393999999999888e-05
4.360084000000000046e-05
4.361101500000000075e-05
4.362167500000000108e-05
4.363148500000000294e-05
4.363992999999999741e-05
4.364936500000000014e-05
4.366167000000000035e-05
4.367461000000000433e-05
4.368736500000000214e-05
4.369931500000000463e-05
4.371158499999999562e-05
4.372444500000000078e-05
4.373746500000000358e-05
4.374757999999999967e-05
4.375275000000000220e-05
4.375839999999999765e-05
4.375891499999999979e-05
4.375462499999999784e-05
4.374674500000000224e-05
4.373422000000000019e-05
4.372241000000000072e-05
4.370691500000000097e-05
4.368890000000000111e-05
4.366927499999999704e-05
4.364943499999999826e-05
4.362639499999999924e-05
4.360150499999999955e-05
4.357645000000000187e-05
4.354973000000000291e-05
4.352294999999999976e-05
4.349355999999999698e-05
4.345797500000000128e-05
4.342091999999999762e-05
4.338336499999999963e-05
4.333954999999999741e-05
4.328942000000000066e-05
4.323808499999999414e-05
4.318459999999999985e-05
4.312135500000000043e-05
4.305187499999999851e-05
4.298123499999999676e-05
4.289513499999999770e-05
4.280890499999999633e-05
4.272015500000000163e-05
4.262757999999999684e-05
4.252921000000000002e-05
4.242884999999999951e-05
4.232858000000000529e-05
4.222477500000000096e-05
4.211623499999999742e-05
4.200872999999999852e-05
4.189887499999999786e-05
4.178348999999999659e-05
4.166826499999999974e-05
4.155221999999999974e-05
4.143113999999999987e-05
4.130539499999999893e-05
4.117726500000000055e-05
4.104962500000000256e-05
4.091960000000000036e-05
4.078632500000000120e-05
4.065110500000000150e-05
4.051506999999999900e-05
4.036935000000000339e-05
4.022153000000000317e-05
4.007353999999999783e-05
3.992239499999999540e-05
3.976673500000000238e-05
3.960877499999999754e-05
3.944840500000000030e-05
3.928848000000000030e-05
3.912279500000000393e-05
3.895164499999999796e-05
3.878185999999999938e-05
3.861113500000000281e-05
3.843801000000000097e-05
3.826521000000000154e-05
3.809220000000000097e-05
3.791825000000000241e-05
3.773689000000000047e-05
3.754958999999999635e-05
3.736217999999999809e-05
3.717455000000000477e-05
3.698809499999999878e-05
3.680035999999999811e-05
3.661128500000000534e-05
3.642252500000000073e-05
3.622563499999999659e-05
3.601959000000000253e-05
3.581366999999999689e-05
3.560654500000000181e-05
3.540106499999999984e-05
3.520257499999999897e-05
3.500190500000000145e-05
3.480157000000000026e-05
3.460184000000000073e-05
3.440472999999999475e-05
3.420822000000000364e-05
3.401150999999999854e-05
3.381537499999999978e-05
3.361624500000000157e-05
3.341405499999999936e-05
3.321200000000000660e-05
3.301023500000000024e-05
3.280912499999999904e-05
3.260429500000000189e-05
3.239804500000000026e-05
3.219193000000000130e-05
3.198567000000000576e-05
3.177906999999999997e-05
3.156636000000000045e-05
3.135224499999999750e-05
3.113817999999999805e-05
3.092348000000000162e-05
3.070418500000000222e-05
3.048064000000000367e-05
3.025769500000000304e-05
3.003443000000000036e-05
2.980932500000000110e-05
2.958114999999999714e-05
2.935235499999999724e-05
2.912366000000000095e-05
2.889503499999999939e-05
2.866593000000000152e-05
2.843664999999999819e-05
2.820855500000000321e-05
2.798042500000000240e-05
2.775253499999999805e-05
2.752848999999999840e-05
2.730653499999999927e-05
2.708453500000000038e-05
2.686253500000000148e-05
2.664340999999999704e-05
2.642483500000000058e-05
2.620624000000000271e-05
2.598773499999999759e-05
2.577052999999999871e-05
2.555449000000000002e-05
2.533866499999999942e-05
2.512300999999999716e-05
2.490668000000000190e-05
2.468817000000000320e-05
2.446990500000000132e-05
2.425142999999999830e-05
2.403335999999999651e-05
2.381575500000000014e-05
2.359897000000000015e-05
2.338225000000000131e-05
2.316562000000000200e-05
2.295096000000000159e-05
2.273731500000000102e-05
2.252368000000000116e-05
2.231006499999999931e-05
2.210077000000000151e-05
2.189189499999999922e-05
2.168324499999999910e-05
2.147487000000000129e-05
2.127100000000000014e-05
2.106724499999999687e-05
2.086350999999999839e-05
2.066042999999999829e-05
2.045919500000000190e-05
2.025823000000000069e-05
2.005674500000000036e-05
1.985692999999999828e-05
1.965999999999999812e-05
1.946461500000000100e-05
1.926900499999999831e-05
1.907600000000000167e-05
1.888994550000000134e-05
1.870682500000000025e-05
1.852243849999999937e-05
1.834228649999999859e-05
1.816918299999999893e-05
1.799746800000000087e-05
1.782520300000000159e-05
1.765620299999999694e-05
1.748993350000000170e-05
1.732367499999999978e-05
1.715735199999999808e-05
1.699594449999999941e-05
1.683587549999999883e-05
1.667570500000000063e-05
1.651698650000000100e-05
1.636433600000000032e-05
1.621148750000000137e-05
1.605862500000000077e-05
1.590893949999999744e-05
1.576451649999999972e-05
1.561891499999999816e-05
1.547422949999999902e-05
1.533229249999999835e-05
1.519266550000000003e-05
1.505251550000000105e-05
1.491362749999999920e-05
1.477770649999999858e-05
1.464338749999999855e-05
1.450802950000000139e-05
1.437635000000000001e-05
1.424769450000000078e-05
1.411950200000000141e-05
1.399069200000000120e-05
1.386818700000000160e-05
1.374621999999999864e-05
1.362429850000000022e-05
1.350439750000000050e-05
1.338843049999999883e-05
1.327214150000000141e-05
1.315770049999999910e-05
1.304948450000000027e-05
1.294219399999999977e-05
1.283500350000000119e-05
1.273247200000000056e-05
1.263426449999999986e-05
1.253487350000000005e-05
1.243797799999999830e-05
1.234471799999999980e-05
1.225214650000000136e-05
1.215904499999999973e-05
1.207133100000000059e-05
1.198530800000000048e-05
1.189899049999999976e-05
1.181490800000000123e-05
1.173551250000000058e-05
1.165655150000000017e-05
1.157775549999999944e-05
1.150504100000000130e-05
1.143447049999999967e-05
1.136403300000000023e-05
1.129613000000000055e-05
1.123619700000000107e-05
1.117590100000000025e-05
1.111666500000000074e-05
1.106413550000000011e-05
1.101490300000000007e-05
1.096469400000000050e-05
1.091939200000000064e-05
1.087985250000000071e-05
1.083899599999999979e-05
1.080144999999999973e-05
1.076845099999999960e-05
1.073599349999999908e-05
1.070509099999999891e-05
1.068006500000000055e-05
1.065605199999999987e-05
1.063210350000000065e-05
1.061570499999999936e-05
1.059986900000000014e-05
1.058419000000000039e-05
1.057666749999999931e-05
1.056892399999999869e-05
1.056261300000000003e-05
1.056418549999999992e-05
1.056491599999999987e-05
1.056898300000000011e-05
1.058029399999999957e-05
1.059080850000000023e-05
1.060688349999999990e-05
1.062668949999999901e-05
1.064850200000000025e-05
1.067566549999999907e-05
1.070367599999999987e-05
1.073743850000000021e-05
1.077336899999999941e-05
1.081328850000000051e-05
1.085619649999999993e-05
1.090190150000000054e-05
1.095070599999999978e-05
1.100165299999999981e-05
1.105505300000000002e-05
1.111033800000000164e-05
1.116716249999999949e-05
1.122546500000000044e-05
1.128417650000000019e-05
1.134439649999999976e-05
1.140531899999999935e-05
1.146665549999999977e-05
1.152927249999999965e-05
1.159314300000000014e-05
1.165734350000000000e-05
1.172115099999999982e-05
1.178453950000000013e-05
1.184744149999999962e-05
1.190964150000000048e-05
1.197099349999999996e-05
1.203099450000000047e-05
1.208945049999999963e-05
1.214612250000000036e-05
1.220073550000000037e-05
1.225290900000000049e-05
1.230244550000000046e-05
1.234935500000000096e-05
1.239370849999999952e-05
1.243540849999999947e-05
1.247370849999999875e-05
1.250660900000000113e-05
1.253288049999999989e-05
1.255057650000000047e-05
1.255575100000000026e-05
1.254880399999999845e-05
1.252475850000000058e-05
1.247132250000000023e-05
1.238091350000000060e-05
1.223625799999999847e-05
1.201602975000000122e-05
1.168270069999999870e-05
1.119332465000000116e-05
1.049678660000000055e-05
9.506379699999999787e-06
8.163372850000000884e-06
6.452980349999999963e-06
4.476825330000000258e-06
2.492377065000000187e-06
9.047081409999999859e-07
6.589444137499999401e-08
