2.544481034999999868e-06
7.660804999999999915e-06
1.237142285000000035e-05
1.604831350000000042e-05
1.884314149999999940e-05
2.102347349999999701e-05
2.276963949999999767e-05
2.421087399999999774e-05
2.543484550000000029e-05
2.650281150000000123e-05
2.745309949999999839e-05
2.831587000000000237e-05
2.911171550000000020e-05
2.985428500000000211e-05
3.055215499999999886e-05
3.121379000000000189e-05
3.184769499999999629e-05
3.245724500000000132e-05
3.304754000000000106e-05
3.362320000000000022e-05
3.418795999999999581e-05
3.474444999999999563e-05
3.529348500000000248e-05
3.583527999999999752e-05
3.637070000000000060e-05
3.690053499999999923e-05
3.742437499999999860e-05
3.794337499999999821e-05
3.845516500000000166e-05
3.896194500000000021e-05
3.946444000000000395e-05
3.996272999999999812e-05
4.045957499999999963e-05
4.096072999999999771e-05
4.147268499999999915e-05
4.199219000000000020e-05
4.252213499999999975e-05
4.305661999999999841e-05
4.359820999999999944e-05
4.413924500000000230e-05
4.467920999999999807e-05
4.521499499999999958e-05
4.574689500000000036e-05
4.627116999999999629e-05
4.678844499999999719e-05
4.729335500000000046e-05
4.779111500000000499e-05
4.827920999999999748e-05
4.876045999999999901e-05
4.923954499999999817e-05
4.971539500000000142e-05
5.019307000000000358e-05
5.067238499999999850e-05
5.115189500000000028e-05
5.163483999999999842e-05
5.211257499999999800e-05
5.258713499999999910e-05
5.305145500000000213e-05
5.351050000000000207e-05
5.395914500000000631e-05
5.440204499999999491e-05
5.483611999999999634e-05
5.526574499999999817e-05
5.568577999999999321e-05
5.610185499999999583e-05
5.651019499999999267e-05
5.690983500000000432e-05
5.730526999999999962e-05
5.769269999999999737e-05
5.807594000000000016e-05
5.844943500000000563e-05
5.882094500000000100e-05
5.918957499999999818e-05
5.955556000000000684e-05
5.992915999999999933e-05
6.031560499999999593e-05
6.067273000000000143e-05
6.102280000000000128e-05
6.137263500000000502e-05
6.170922000000000343e-05
6.203548000000000460e-05
6.235133500000000295e-05
6.266357000000000556e-05
6.296722500000000427e-05
6.327027000000000096e-05
6.356075000000000635e-05
6.385254500000000209e-05
6.413027999999999004e-05
6.440892500000000099e-05
6.465890500000000566e-05
6.490630500000000604e-05
6.512545500000000885e-05
6.534022499999998985e-05
6.551679000000000194e-05
6.567685499999999818e-05
6.582697000000000309e-05
6.594762500000000711e-05
6.607200500000000743e-05
6.617194500000000566e-05
6.626982499999999532e-05
6.636064999999999965e-05
6.644321499999999536e-05
6.652525999999999535e-05
6.659406999999999783e-05
6.666584499999999767e-05
6.672439000000000712e-05
6.677618999999999872e-05
6.682683000000000405e-05
6.684637999999998932e-05
6.686055000000000481e-05
6.686537500000001031e-05
6.683144499999999486e-05
6.679413999999999404e-05
6.674609999999999441e-05
6.667020999999999809e-05
6.659199000000000140e-05
6.650808499999999327e-05
6.640183500000000085e-05
6.629848499999999446e-05
6.618249000000000473e-05
6.603723000000000741e-05
6.589167000000000266e-05
6.573649499999999614e-05
6.555332000000000953e-05
6.536477999999999321e-05
6.517277499999999876e-05
6.495285999999998987e-05
6.471875500000000476e-05
6.448709500000000773e-05
6.424029500000000867e-05
6.396572999999999853e-05
6.369243499999999592e-05
6.342310499999999286e-05
6.309107499999999462e-05
6.274602500000000713e-05
6.240139000000000124e-05
6.204931000000000986e-05
6.168671499999999440e-05
6.132317000000000735e-05
6.096191999999999789e-05
6.056531500000000205e-05
6.012423500000000525e-05
5.969009999999999963e-05
5.925045000000000122e-05
5.881006499999999883e-05
5.836794999999999738e-05
5.792389500000000253e-05
5.748113999999999698e-05
5.703882500000000187e-05
5.659981000000000045e-05
5.615881499999999605e-05
5.571669000000000068e-05
5.527347499999999683e-05
5.477961500000000085e-05
5.425377999999999744e-05
5.373049000000000266e-05
5.320609999999999869e-05
5.268540000000000213e-05
5.216817499999999795e-05
5.165002000000000324e-05
5.113208999999999718e-05
5.061242499999999848e-05
5.008250000000000034e-05
4.954396999999999653e-05
4.900711500000000148e-05
4.847044499999999905e-05
4.793264499999999888e-05
4.738933500000000628e-05
4.684602500000000012e-05
4.630334499999999738e-05
4.575914500000000351e-05
4.521251000000000192e-05
4.466808999999999943e-05
4.412524499999999870e-05
4.357907000000000219e-05
4.303771999999999763e-05
4.251299499999999733e-05
4.199023999999999931e-05
4.146666999999999850e-05
4.094300499999999781e-05
4.043976500000000295e-05
3.994744499999999950e-05
3.945321499999999797e-05
3.895899499999999713e-05
3.847338000000000195e-05
3.800945999999999980e-05
3.754056500000000198e-05
3.707205000000000363e-05
3.660889500000000078e-05
3.616645999999999728e-05
3.573152999999999703e-05
3.529426999999999641e-05
3.485692999999999696e-05
3.443619000000000004e-05
3.403818000000000078e-05
3.363740000000000425e-05
3.323619000000000475e-05
3.284065499999999567e-05
3.246878499999999545e-05
3.210152999999999959e-05
3.173442000000000033e-05
3.136698500000000543e-05
3.102103500000000241e-05
3.069493499999999888e-05
3.036594500000000323e-05
3.003702499999999894e-05
2.971668000000000158e-05
2.942258499999999741e-05
2.912906000000000262e-05
2.883519500000000099e-05
2.854279500000000020e-05
2.826292999999999877e-05
2.798909999999999940e-05
2.771444000000000294e-05
2.743974000000000031e-05
2.717062499999999873e-05
2.690927000000000130e-05
2.664705499999999792e-05
2.638513999999999858e-05
2.612524999999999860e-05
2.587574999999999701e-05
2.562670000000000318e-05
2.537804499999999971e-05
2.513027500000000056e-05
2.489485000000000103e-05
2.466662500000000035e-05
2.443794500000000171e-05
2.420873499999999989e-05
2.398843500000000134e-05
2.378317999999999817e-05
2.357681499999999866e-05
2.337073999999999911e-05
2.316660499999999976e-05
2.297825500000000011e-05
2.278977499999999815e-05
2.260177000000000231e-05
2.241432999999999856e-05
2.223601499999999957e-05
2.206116999999999939e-05
2.188588499999999891e-05
2.171093000000000119e-05
2.154335499999999798e-05
2.138203499999999865e-05
2.122011499999999800e-05
2.105831499999999897e-05
2.090082499999999991e-05
2.075392000000000271e-05
2.060552999999999989e-05
2.045780999999999988e-05
2.031016499999999835e-05
2.016519500000000099e-05
2.002012500000000002e-05
1.987505000000000210e-05
1.973004999999999925e-05
1.959049500000000123e-05
1.945260499999999771e-05
1.931476000000000072e-05
1.917658199999999942e-05
1.904170899999999892e-05
1.890898849999999993e-05
1.877650949999999818e-05
1.864397950000000031e-05
1.851055799999999700e-05
1.837630650000000000e-05
1.824225599999999945e-05
1.810787149999999856e-05
1.797736300000000049e-05
1.785139050000000057e-05
1.772561899999999709e-05
1.759959800000000124e-05
1.747468599999999893e-05
1.735027749999999729e-05
1.722575099999999960e-05
1.710107400000000018e-05
1.697968750000000191e-05
1.686022150000000044e-05
1.674061549999999933e-05
1.662069799999999948e-05
1.650282550000000038e-05
1.638642400000000186e-05
1.626972450000000147e-05
1.615318450000000072e-05
1.603595500000000053e-05
1.591845349999999960e-05
1.580105150000000089e-05
1.568346649999999818e-05
1.556582699999999980e-05
1.544802500000000021e-05
1.533048899999999822e-05
1.521296800000000068e-05
1.509492450000000046e-05
1.497519499999999986e-05
1.485461299999999892e-05
1.473435499999999930e-05
1.461390100000000189e-05
1.449324450000000048e-05
1.437272800000000040e-05
1.425217500000000047e-05
1.413160949999999967e-05
1.401179549999999960e-05
1.389453400000000021e-05
1.377762550000000147e-05
1.366047349999999992e-05
1.354366899999999896e-05
1.342866649999999904e-05
1.331422049999999976e-05
1.319978649999999997e-05
1.308528200000000066e-05
1.297180400000000100e-05
1.285911000000000096e-05
1.274598849999999981e-05
1.263320100000000068e-05
1.252228799999999919e-05
1.241471300000000048e-05
1.230650549999999987e-05
1.219840349999999953e-05
1.209328349999999976e-05
1.199291900000000030e-05
1.189209300000000175e-05
1.179126600000000041e-05
1.169533599999999979e-05
1.160448300000000061e-05
1.151340000000000059e-05
1.142171550000000017e-05
1.133913699999999911e-05
1.125859899999999815e-05
1.117796449999999993e-05
1.109983399999999968e-05
1.102786299999999867e-05
1.095666399999999949e-05
1.088568100000000119e-05
1.082020700000000101e-05
1.075801899999999963e-05
1.069537449999999953e-05
1.063676649999999956e-05
1.058360100000000086e-05
1.052949550000000077e-05
1.048038499999999944e-05
1.043615800000000024e-05
1.039166999999999871e-05
1.035260049999999948e-05
1.031810800000000059e-05
1.028310149999999894e-05
1.025567000000000035e-05
1.022846050000000070e-05
1.020609899999999933e-05
1.018836550000000121e-05
1.017151299999999966e-05
1.016298150000000017e-05
1.015545799999999969e-05
1.015489699999999840e-05
1.015606750000000032e-05
1.016538100000000065e-05
1.017892750000000030e-05
1.019790599999999912e-05
1.022916950000000015e-05
1.026484650000000093e-05
1.031135999999999982e-05
1.036552600000000041e-05
1.042905549999999975e-05
1.050371099999999915e-05
1.058832549999999966e-05
1.068510349999999998e-05
1.079326050000000078e-05
1.091432450000000020e-05
1.104800250000000011e-05
1.119418949999999993e-05
1.135829399999999957e-05
1.153407949999999915e-05
1.173268350000000020e-05
1.194938700000000059e-05
1.218522350000000078e-05
1.244795449999999893e-05
1.273479700000000058e-05
1.304387400000000115e-05
1.337797050000000063e-05
1.373853250000000126e-05
1.411922500000000033e-05
1.451901149999999918e-05
1.493426649999999865e-05
1.536139449999999996e-05
1.579418449999999959e-05
1.622374549999999966e-05
1.663704599999999927e-05
1.701231150000000121e-05
1.732809299999999849e-05
1.755494549999999802e-05
1.765509844999999984e-05
1.756915830000000105e-05
1.725133940000000179e-05
1.665284329999999999e-05
1.567486115000000206e-05
1.428132374999999823e-05
1.243734579999999961e-05
1.017318184999999945e-05
7.616445564999999627e-06
5.000896960000000672e-06
2.666659289999999731e-06
9.212221224999999037e-07
4.669690081499999330e-08
