2.170728282500000291e-06
6.736176099999999258e-06
1.117764435000000051e-05
1.479933040000000092e-05
1.763790700000000182e-05
1.989055200000000099e-05
2.170879400000000153e-05
2.320768849999999656e-05
2.446916650000000116e-05
2.555126700000000020e-05
2.649118449999999898e-05
2.732203799999999755e-05
2.806413650000000106e-05
2.873629250000000080e-05
2.934970500000000159e-05
2.991868000000000066e-05
3.045391999999999793e-05
3.096143500000000047e-05
3.145043000000000171e-05
3.192633000000000168e-05
3.239133499999999842e-05
3.284611999999999851e-05
3.329093999999999944e-05
3.372599500000000167e-05
3.415257000000000020e-05
3.457257499999999992e-05
3.498960000000000123e-05
3.541111999999999851e-05
3.583052999999999726e-05
3.625149499999999638e-05
3.667452499999999764e-05
3.709889000000000421e-05
3.752374500000000440e-05
3.795141999999999857e-05
3.838337000000000042e-05
3.881658000000000233e-05
3.924836499999999941e-05
3.967870999999999741e-05
4.010677499999999854e-05
4.053418000000000093e-05
4.096183500000000048e-05
4.139062999999999846e-05
4.182268000000000053e-05
4.225797499999999922e-05
4.269574000000000128e-05
4.313519499999999960e-05
4.357403500000000233e-05
4.401075000000000549e-05
4.444397500000000167e-05
4.487360499999999708e-05
4.530053500000000012e-05
4.572377999999999610e-05
4.614351000000000368e-05
4.655937499999999839e-05
4.697074999999999748e-05
4.737836999999999816e-05
4.778117000000000047e-05
4.818151000000000009e-05
4.858070000000000059e-05
4.896940000000000586e-05
4.935134499999999937e-05
4.972382000000000126e-05
5.008991000000000371e-05
5.043687999999999676e-05
5.077930499999999713e-05
5.111114500000000241e-05
5.142635999999999665e-05
5.172952500000000173e-05
5.203243999999999610e-05
5.232517500000000339e-05
5.259424000000000146e-05
5.286638499999999816e-05
5.314514999999999718e-05
5.341291499999999918e-05
5.367912000000000725e-05
5.394770499999999885e-05
5.420355500000000081e-05
5.445567999999999969e-05
5.470203500000000150e-05
5.494054999999999696e-05
5.516984499999999796e-05
5.539322499999999852e-05
5.561009499999999768e-05
5.581345500000000042e-05
5.601039500000000806e-05
5.619614499999999862e-05
5.638058499999999240e-05
5.655489999999999617e-05
5.672846000000000133e-05
5.689393500000000333e-05
5.705971000000000599e-05
5.721467499999999783e-05
5.736560499999999877e-05
5.750763000000000017e-05
5.764021999999999885e-05
5.777281000000000430e-05
5.789415999999999595e-05
5.801690499999999709e-05
5.812789000000000226e-05
5.824260999999999767e-05
5.833846500000000151e-05
5.842509999999999734e-05
5.851008499999999293e-05
5.855598000000000514e-05
5.860309500000000104e-05
5.863086999999999927e-05
5.863353500000000274e-05
5.863596500000000332e-05
5.862456499999999865e-05
5.860390000000000315e-05
5.858399499999999982e-05
5.855559499999999853e-05
5.852769499999999834e-05
5.849523499999999764e-05
5.844564000000000443e-05
5.839144500000000113e-05
5.833576999999999594e-05
5.823747999999999794e-05
5.813546499999999685e-05
5.803973499999999497e-05
5.793348999999999613e-05
5.782270999999999852e-05
5.771526499999999704e-05
5.759159999999999930e-05
5.746045500000000007e-05
5.733045999999999997e-05
5.719185500000000064e-05
5.704095500000000180e-05
5.689248499999999677e-05
5.674188999999999893e-05
5.654310000000000418e-05
5.634702999999999641e-05
5.614973999999999817e-05
5.595422500000000213e-05
5.576377000000000092e-05
5.557287000000000245e-05
5.538225999999999718e-05
5.514870499999999633e-05
5.490180500000000382e-05
5.465651000000000163e-05
5.441037500000000165e-05
5.415108500000000299e-05
5.388959999999999985e-05
5.363020000000000027e-05
5.336009999999999755e-05
5.305345499999999297e-05
5.274248999999999789e-05
5.243266500000000124e-05
5.211969999999999499e-05
5.179433500000000222e-05
5.146651500000000033e-05
5.113925999999999731e-05
5.081287500000000094e-05
5.046181000000000603e-05
5.008172500000000033e-05
4.970640999999999628e-05
4.933004000000000653e-05
4.895320499999999779e-05
4.857250000000000293e-05
4.819224000000000533e-05
4.781195999999999954e-05
4.743085499999999703e-05
4.703087999999999583e-05
4.661258500000000054e-05
4.619691499999999915e-05
4.578069499999999994e-05
4.536793000000000526e-05
4.496727999999999750e-05
4.456491999999999886e-05
4.416314000000000014e-05
4.376239499999999929e-05
4.335405500000000245e-05
4.294286000000000240e-05
4.253093999999999907e-05
4.212041999999999880e-05
4.171347999999999826e-05
4.131254500000000444e-05
4.091080500000000175e-05
4.050998500000000242e-05
4.011045000000000490e-05
3.972067500000000574e-05
3.933240999999999701e-05
3.894532000000000272e-05
3.855748500000000375e-05
3.817246999999999877e-05
3.779082499999999914e-05
3.740833000000000103e-05
3.702616499999999890e-05
3.664802000000000017e-05
3.628339499999999856e-05
3.591873000000000093e-05
3.555386000000000250e-05
3.519027500000000588e-05
3.483844500000000488e-05
3.449173499999999613e-05
3.414502500000000094e-05
3.379787499999999529e-05
3.345107000000000023e-05
3.310507500000000084e-05
3.275852000000000294e-05
3.241243000000000368e-05
3.206699000000000246e-05
3.172629000000000079e-05
3.138538999999999869e-05
3.104419000000000270e-05
3.070440000000000371e-05
3.037837499999999864e-05
3.006111499999999687e-05
2.974320500000000045e-05
2.942449499999999889e-05
2.911109000000000252e-05
2.880981999999999787e-05
2.850800999999999948e-05
2.820612499999999924e-05
2.790526999999999990e-05
2.762124000000000187e-05
2.733864999999999955e-05
2.705632499999999883e-05
2.677415000000000182e-05
2.650287000000000126e-05
2.624036000000000096e-05
2.597655000000000119e-05
2.571332000000000134e-05
2.545522000000000122e-05
2.521394000000000207e-05
2.497084999999999827e-05
2.472836499999999613e-05
2.448647999999999870e-05
2.425866499999999621e-05
2.403174999999999908e-05
2.380513999999999956e-05
2.357863000000000027e-05
2.336125500000000305e-05
2.315151000000000088e-05
2.294080999999999966e-05
2.273058000000000083e-05
2.252306499999999880e-05
2.232532499999999957e-05
2.212687999999999846e-05
2.192855999999999931e-05
2.173056000000000222e-05
2.153982500000000175e-05
2.134995000000000046e-05
2.116047500000000004e-05
2.097007999999999964e-05
2.078559499999999932e-05
2.060560000000000139e-05
2.042529500000000211e-05
2.024493000000000202e-05
2.006679500000000207e-05
1.989659750000000174e-05
1.972580699999999923e-05
1.955518350000000027e-05
1.938450600000000024e-05
1.922270600000000121e-05
1.906115200000000178e-05
1.889992699999999893e-05
1.873799149999999923e-05
1.858463500000000066e-05
1.843523549999999972e-05
1.828563800000000052e-05
1.813618800000000146e-05
1.798782699999999796e-05
1.784188649999999911e-05
1.769541749999999785e-05
1.754890400000000162e-05
1.740781250000000046e-05
1.727541150000000213e-05
1.714292249999999968e-05
1.701005450000000053e-05
1.688178250000000035e-05
1.675634700000000276e-05
1.663077899999999929e-05
1.650512349999999986e-05
1.638161750000000037e-05
1.625989700000000178e-05
1.613813449999999822e-05
1.601616600000000125e-05
1.589486750000000033e-05
1.577406599999999894e-05
1.565308050000000095e-05
1.553229199999999843e-05
1.541115200000000115e-05
1.528983100000000204e-05
1.516852599999999999e-05
1.504700700000000093e-05
1.492605050000000056e-05
1.480778150000000015e-05
1.469076900000000022e-05
1.457370849999999897e-05
1.445621050000000100e-05
1.434165000000000015e-05
1.422933599999999959e-05
1.411690099999999971e-05
1.400449799999999901e-05
1.389177900000000061e-05
1.377886449999999903e-05
1.366570899999999991e-05
1.355273800000000048e-05
1.344015500000000075e-05
1.332951800000000095e-05
1.321974649999999867e-05
1.310974899999999990e-05
1.299992050000000008e-05
1.289365049999999948e-05
1.279077100000000026e-05
1.268758650000000003e-05
1.258419050000000126e-05
1.248270549999999998e-05
1.238561049999999918e-05
1.228801149999999971e-05
1.219055999999999870e-05
1.209407499999999991e-05
1.200310199999999911e-05
1.191228400000000069e-05
1.182147250000000000e-05
1.173135000000000077e-05
1.164810000000000118e-05
1.156521549999999803e-05
1.148258249999999960e-05
1.140031850000000055e-05
1.132627549999999994e-05
1.125178049999999956e-05
1.117735300000000052e-05
1.110652900000000047e-05
1.104196049999999892e-05
1.097747600000000054e-05
1.091208850000000031e-05
1.085549799999999918e-05
1.080093100000000001e-05
1.074584199999999956e-05
1.069472050000000053e-05
1.064940199999999884e-05
1.060411249999999986e-05
1.056035450000000027e-05
1.052542050000000030e-05
1.049112699999999907e-05
1.045713600000000037e-05
1.043472049999999963e-05
1.041162950000000111e-05
1.039289900000000066e-05
1.038294950000000056e-05
1.037399600000000001e-05
1.037192800000000137e-05
1.037828999999999953e-05
1.038564600000000014e-05
1.040492050000000036e-05
1.042577699999999977e-05
1.045539400000000014e-05
1.048864000000000094e-05
1.053113049999999826e-05
1.057795850000000085e-05
1.063308649999999962e-05
1.069502599999999954e-05
1.076698499999999937e-05
1.084733000000000072e-05
1.094097500000000073e-05
1.104433749999999952e-05
1.116111649999999904e-05
1.128629699999999912e-05
1.142827299999999981e-05
1.157919800000000040e-05
1.174757800000000064e-05
1.192635500000000010e-05
1.212451499999999991e-05
1.233491200000000060e-05
1.256316299999999903e-05
1.280744649999999925e-05
1.306595150000000060e-05
1.334417699999999880e-05
1.363701400000000001e-05
1.394670650000000094e-05
1.427727199999999973e-05
1.462504649999999858e-05
1.498721499999999877e-05
1.536235049999999839e-05
1.574911249999999888e-05
1.614127350000000164e-05
1.653358849999999892e-05
1.691741699999999815e-05
1.728633750000000007e-05
1.763150849999999873e-05
1.794936099999999791e-05
1.821580749999999983e-05
1.841924199999999965e-05
1.854208350000000145e-05
1.855335950000000015e-05
1.842819799999999869e-05
1.813485650000000251e-05
1.764105170000000009e-05
1.688854999999999943e-05
1.581839475000000153e-05
1.441244334999999935e-05
1.260456140000000100e-05
1.043086344999999971e-05
7.935235950000000876e-06
5.327576690000000392e-06
2.905230080000000001e-06
1.032480669999999828e-06
5.463166427500000087e-08
