1.216911033499999999e-06
3.987324395000000431e-06
7.074067799999999830e-06
9.948272400000000788e-06
1.245307040000000045e-05
1.458773100000000075e-05
1.639454949999999905e-05
1.792894749999999695e-05
1.924261800000000029e-05
2.037858750000000083e-05
2.136416749999999894e-05
2.222732350000000074e-05
2.298594500000000274e-05
2.365780550000000078e-05
2.425509299999999840e-05
2.478934900000000070e-05
2.527437899999999900e-05
2.571513850000000252e-05
2.612046300000000050e-05
2.649877350000000200e-05
2.685534849999999952e-05
2.719556800000000010e-05
2.752510149999999920e-05
2.784749450000000226e-05
2.816531249999999699e-05
2.847950499999999763e-05
2.879179500000000070e-05
2.910981499999999803e-05
2.942185500000000056e-05
2.973158000000000037e-05
3.003597500000000002e-05
3.033276499999999960e-05
3.062206500000000376e-05
3.089285500000000053e-05
3.114966000000000154e-05
3.140682000000000028e-05
3.165795500000000444e-05
3.190882999999999719e-05
3.216339499999999735e-05
3.241323999999999936e-05
3.266168999999999865e-05
3.290612500000000167e-05
3.314679999999999916e-05
3.338739499999999783e-05
3.362813499999999986e-05
3.387006499999999705e-05
3.411492500000000270e-05
3.436619500000000275e-05
3.461562000000000249e-05
3.486115000000000080e-05
3.510515000000000049e-05
3.534155499999999743e-05
3.557613000000000187e-05
3.581082500000000115e-05
3.604572500000000122e-05
3.628102000000000182e-05
3.651421999999999817e-05
3.674469500000000039e-05
3.697418499999999470e-05
3.720311999999999762e-05
3.743130500000000228e-05
3.766485000000000243e-05
3.790306999999999758e-05
3.813937500000000108e-05
3.837430500000000325e-05
3.860709499999999801e-05
3.883453999999999834e-05
3.904892000000000627e-05
3.926129500000000269e-05
3.947219499999999757e-05
3.968104499999999812e-05
3.988358999999999806e-05
4.008553499999999669e-05
4.032079000000000126e-05
4.055706999999999623e-05
4.079230999999999976e-05
4.102347499999999604e-05
4.125012000000000139e-05
4.146926499999999707e-05
4.166468500000000002e-05
4.184193499999999905e-05
4.201786000000000025e-05
4.218325000000000308e-05
4.234592999999999929e-05
4.250126500000000346e-05
4.265750999999999674e-05
4.282396499999999954e-05
4.298824999999999961e-05
4.314737999999999820e-05
4.330437499999999652e-05
4.345986499999999797e-05
4.361326000000000195e-05
4.376424499999999996e-05
4.390292999999999811e-05
4.403942499999999891e-05
4.417439000000000109e-05
4.430897499999999703e-05
4.444107999999999566e-05
4.456938499999999950e-05
4.469636999999999910e-05
4.482885500000000398e-05
4.496957000000000184e-05
4.510620999999999923e-05
4.523566500000000221e-05
4.536451500000000353e-05
4.548699499999999969e-05
4.560036999999999587e-05
4.571254499999999620e-05
4.581211500000000243e-05
4.589889000000000805e-05
4.598704499999999501e-05
4.606950000000000335e-05
4.614658500000000195e-05
4.622489499999999816e-05
4.629743999999999765e-05
4.636474000000000292e-05
4.643243500000000194e-05
4.649801000000000173e-05
4.655226000000000210e-05
4.660485999999999546e-05
4.665873500000000348e-05
4.669936499999999973e-05
4.673237999999999860e-05
4.676560999999999219e-05
4.679556499999999383e-05
4.682258500000000022e-05
4.685039500000000090e-05
4.687765500000000375e-05
4.689622500000000178e-05
4.690936000000000584e-05
4.692273499999999960e-05
4.693669500000000039e-05
4.694069000000000204e-05
4.693915499999999630e-05
4.693248999999999761e-05
4.692473999999999756e-05
4.690471500000000616e-05
4.687802500000000253e-05
4.685148499999999583e-05
4.682366000000000089e-05
4.678254499999999781e-05
4.672890499999999268e-05
4.667581499999999892e-05
4.662416499999999747e-05
4.656039500000000198e-05
4.647696499999999997e-05
4.639642500000000361e-05
4.631422499999999956e-05
4.622767999999999647e-05
4.612196500000000082e-05
4.601272000000000218e-05
4.590332000000000624e-05
4.579403999999999837e-05
4.567367500000000109e-05
4.554158500000000351e-05
4.541106000000000022e-05
4.527951500000000011e-05
4.514701500000000095e-05
4.499622000000000268e-05
4.483261500000000274e-05
4.467143000000000269e-05
4.450974000000000120e-05
4.435010500000000793e-05
4.417975999999999728e-05
4.400259999999999778e-05
4.382603500000000602e-05
4.364964999999999975e-05
4.347520500000000044e-05
4.329483499999999999e-05
4.311171499999999691e-05
4.292759999999999876e-05
4.274289499999999999e-05
4.255992500000000062e-05
4.236115500000000049e-05
4.215378500000000183e-05
4.194660000000000256e-05
4.173814500000000254e-05
4.152998000000000247e-05
4.130613499999999649e-05
4.107139000000000048e-05
4.083691000000000268e-05
4.060156499999999859e-05
4.036679500000000083e-05
4.012060499999999701e-05
3.986507499999999711e-05
3.961065500000000031e-05
3.935559999999999975e-05
3.910054999999999954e-05
3.883563500000000040e-05
3.856369999999999807e-05
3.829328000000000007e-05
3.802254000000000002e-05
3.775129499999999852e-05
3.747220000000000352e-05
3.718928000000000522e-05
3.690764999999999552e-05
3.662568000000000269e-05
3.634481999999999942e-05
3.606250499999999600e-05
3.577913000000000653e-05
3.549641499999999547e-05
3.521354000000000031e-05
3.492927500000000279e-05
3.463730000000000124e-05
3.434287999999999805e-05
3.404903000000000085e-05
3.375448500000000247e-05
3.346326000000000595e-05
3.317873999999999737e-05
3.289409500000000037e-05
3.261007499999999965e-05
3.232699999999999728e-05
3.204279000000000361e-05
3.175691500000000188e-05
3.147138999999999753e-05
3.118625500000000013e-05
3.090091500000000194e-05
3.061449500000000274e-05
3.032772999999999974e-05
3.004060500000000204e-05
2.975370499999999976e-05
2.946581999999999972e-05
2.918130499999999826e-05
2.889708000000000353e-05
2.861259500000000417e-05
2.832818499999999989e-05
2.804789499999999923e-05
2.777817499999999938e-05
2.750954500000000124e-05
2.724079000000000113e-05
2.697133499999999949e-05
2.671424999999999923e-05
2.646269999999999992e-05
2.621127000000000222e-05
2.595997999999999738e-05
2.570936500000000249e-05
2.546677499999999979e-05
2.522387499999999912e-05
2.498180499999999891e-05
2.473919000000000123e-05
2.449735000000000017e-05
2.425636999999999829e-05
2.401495500000000325e-05
2.377379499999999893e-05
2.353259499999999860e-05
2.329183499999999855e-05
2.305098999999999934e-05
2.280995500000000038e-05
2.256915500000000093e-05
2.233183999999999793e-05
2.209786500000000158e-05
2.186414000000000239e-05
2.163025000000000182e-05
2.139836499999999922e-05
2.117753000000000051e-05
2.095676499999999992e-05
2.073674499999999724e-05
2.051589000000000052e-05
2.030534700000000215e-05
2.009612449999999926e-05
1.988742449999999904e-05
1.967834349999999995e-05
1.947600850000000115e-05
1.927959699999999931e-05
1.908284449999999801e-05
1.888623199999999973e-05
1.869226350000000074e-05
1.850368900000000030e-05
1.831528400000000020e-05
1.812636500000000073e-05
1.793882150000000058e-05
1.775882549999999987e-05
1.757893550000000252e-05
1.739943599999999995e-05
1.722034600000000096e-05
1.705201749999999991e-05
1.688502400000000078e-05
1.671788550000000167e-05
1.655086299999999983e-05
1.638267150000000024e-05
1.621416399999999955e-05
1.604549250000000026e-05
1.588054049999999893e-05
1.572615349999999807e-05
1.557363499999999849e-05
1.542121350000000095e-05
1.527695900000000079e-05
1.513846100000000081e-05
1.499954199999999917e-05
1.486090200000000078e-05
1.472634950000000035e-05
1.459182900000000079e-05
1.445714000000000030e-05
1.432435799999999971e-05
1.419438550000000118e-05
1.406428649999999991e-05
1.393374850000000112e-05
1.380928100000000146e-05
1.368870700000000074e-05
1.356817400000000051e-05
1.344618149999999950e-05
1.333419249999999964e-05
1.322523200000000091e-05
1.311623600000000003e-05
1.300777599999999870e-05
1.290510249999999966e-05
1.280480499999999844e-05
1.270416349999999958e-05
1.260437000000000041e-05
1.250847149999999929e-05
1.241395050000000135e-05
1.231951000000000023e-05
1.222550000000000009e-05
1.213590800000000036e-05
1.204726750000000010e-05
1.195853649999999893e-05
1.187085399999999929e-05
1.179151749999999836e-05
1.171239950000000018e-05
1.163332199999999941e-05
1.155730949999999960e-05
1.148944250000000176e-05
1.142099449999999953e-05
1.135234000000000082e-05
1.129061699999999978e-05
1.123277250000000003e-05
1.117488599999999870e-05
1.111812400000000014e-05
1.106829099999999909e-05
1.101997100000000020e-05
1.097091350000000055e-05
1.092748449999999924e-05
1.089017500000000115e-05
1.085223599999999934e-05
1.081632299999999968e-05
1.079203400000000070e-05
1.076802000000000062e-05
1.074319800000000027e-05
1.073485549999999943e-05
1.072611599999999927e-05
1.071976049999999885e-05
1.072505299999999979e-05
1.073273099999999955e-05
1.074301300000000088e-05
1.076523600000000001e-05
1.078752499999999969e-05
1.081683300000000147e-05
1.085375649999999865e-05
1.089246250000000024e-05
1.094160099999999980e-05
1.099347399999999957e-05
1.105415399999999913e-05
1.111987600000000107e-05
1.119230700000000038e-05
1.127289750000000162e-05
1.135902949999999987e-05
1.145181449999999901e-05
1.155058299999999932e-05
1.165578799999999995e-05
1.176692250000000067e-05
1.188318550000000034e-05
1.200538999999999959e-05
1.213267299999999936e-05
1.226726999999999986e-05
1.240685200000000011e-05
1.254937099999999949e-05
1.269447200000000025e-05
1.284075149999999977e-05
1.298807400000000076e-05
1.313583850000000083e-05
1.328407599999999976e-05
1.343240800000000057e-05
1.358045999999999872e-05
1.372754300000000126e-05
1.387239350000000008e-05
1.401453200000000028e-05
1.415415000000000068e-05
1.428973899999999976e-05
1.441979450000000037e-05
1.454079000000000076e-05
1.464980450000000056e-05
1.474410550000000174e-05
1.481940649999999853e-05
1.487685150000000049e-05
1.490592000000000043e-05
1.489560449999999912e-05
1.484401450000000018e-05
1.473682999999999965e-05
1.455806099999999871e-05
1.429341700000000091e-05
1.390514295000000023e-05
1.334381639999999939e-05
1.255903665000000012e-05
1.145602189999999864e-05
9.953636349999999807e-06
8.021147150000001159e-06
5.674024485000000846e-06
3.226329680000000016e-06
1.156023026500000071e-06
5.910446539000000563e-08
