6.489326115000000249e-07
2.187376925000000059e-06
3.938286500000000634e-06
5.593284900000000160e-06
7.047412949999999398e-06
8.289407250000000458e-06
9.338573499999999842e-06
1.022491150000000077e-05
1.097958250000000119e-05
1.163049999999999986e-05
1.219748049999999967e-05
1.270030199999999982e-05
1.315280449999999947e-05
1.356741949999999821e-05
1.395371699999999975e-05
1.431875900000000037e-05
1.466917299999999956e-05
1.500829200000000142e-05
1.533741399999999816e-05
1.565920649999999852e-05
1.597589599999999968e-05
1.628888250000000133e-05
1.659917750000000037e-05
1.690820500000000221e-05
1.721758149999999866e-05
1.752828149999999892e-05
1.784022250000000061e-05
1.815361199999999793e-05
1.848173499999999865e-05
1.881521050000000111e-05
1.914985599999999733e-05
1.948497049999999993e-05
1.981708499999999934e-05
2.014673349999999971e-05
2.047262499999999950e-05
2.080123000000000209e-05
2.112905000000000059e-05
2.146113999999999964e-05
2.179713499999999743e-05
2.213589000000000195e-05
2.247049999999999772e-05
2.281199499999999740e-05
2.315594499999999942e-05
2.350151499999999957e-05
2.385316000000000118e-05
2.420311499999999976e-05
2.456719999999999748e-05
2.493885999999999995e-05
2.532309500000000119e-05
2.571077999999999984e-05
2.612249499999999899e-05
2.653182500000000072e-05
2.695666499999999985e-05
2.739133499999999886e-05
2.783393500000000035e-05
2.828942499999999893e-05
2.875442499999999871e-05
2.923223500000000016e-05
2.971425499999999796e-05
3.021060499999999872e-05
3.070909500000000011e-05
3.122395000000000113e-05
3.173890999999999594e-05
3.226989000000000013e-05
3.280146999999999886e-05
3.334392499999999941e-05
3.389003499999999815e-05
3.444280999999999558e-05
3.498898999999999922e-05
3.553786500000000165e-05
3.608626000000000439e-05
3.663994500000000449e-05
3.719892000000000196e-05
3.776786999999999928e-05
3.834805499999999651e-05
3.893631500000000297e-05
3.953326999999999427e-05
4.014134999999999812e-05
4.075709500000000284e-05
4.138208500000000378e-05
4.201416499999999926e-05
4.265046999999999892e-05
4.328892499999999991e-05
4.392830500000000462e-05
4.457418000000000290e-05
4.522122000000000137e-05
4.587755999999999990e-05
4.654135499999999818e-05
4.722862000000000522e-05
4.792418499999999659e-05
4.862639999999999915e-05
4.934326500000000334e-05
5.006488500000000135e-05
5.080007499999999998e-05
5.154581499999999803e-05
5.229236000000000496e-05
5.304288999999999928e-05
5.378675000000000133e-05
5.453629000000000094e-05
5.528666499999999797e-05
5.601283499999999579e-05
5.672430500000000204e-05
5.744613000000000085e-05
5.814416499999999560e-05
5.885218999999999802e-05
5.953429500000000324e-05
6.020045499999999755e-05
6.087151499999999583e-05
6.153095499999999439e-05
6.216054500000000541e-05
6.280192500000000096e-05
6.341596999999998840e-05
6.400456999999999154e-05
6.460691500000000076e-05
6.517544000000000223e-05
6.572536500000000358e-05
6.626424000000000441e-05
6.678840999999999977e-05
6.726831999999998888e-05
6.774108000000000635e-05
6.822747000000000154e-05
6.864701500000000296e-05
6.903539000000000583e-05
6.943018499999999702e-05
6.980168999999999881e-05
7.013754500000000036e-05
7.047220999999999997e-05
7.081382000000000431e-05
7.109877000000000232e-05
7.133171999999999473e-05
7.155744500000000348e-05
7.179358500000000221e-05
7.194773500000001157e-05
7.204772000000000617e-05
7.209326000000000709e-05
7.214287500000000171e-05
7.207271499999999965e-05
7.192027500000001505e-05
7.177356499999999761e-05
7.162849500000000003e-05
7.139436499999999284e-05
7.104071000000000647e-05
7.069698499999999648e-05
7.037543499999999953e-05
7.001214000000000287e-05
6.953077000000000649e-05
6.905573499999999928e-05
6.856414499999999269e-05
6.805527999999999057e-05
6.746574000000000299e-05
6.681440999999998902e-05
6.615931500000000304e-05
6.550597499999999754e-05
6.479146499999999546e-05
6.397127500000000019e-05
6.314718500000000314e-05
6.232165000000000664e-05
6.147973999999999627e-05
6.062449499999999494e-05
5.972956500000000247e-05
5.882279500000000167e-05
5.791340499999999376e-05
5.700669999999999750e-05
5.609651999999999532e-05
5.519169000000000147e-05
5.428960500000000315e-05
5.338842500000000037e-05
5.248387500000000578e-05
5.157452000000000032e-05
5.068251500000000242e-05
4.982160500000000459e-05
4.896101500000000204e-05
4.810178499999999977e-05
4.723885999999999651e-05
4.639204999999999571e-05
4.563369999999999644e-05
4.487392999999999948e-05
4.411614499999999908e-05
4.337029500000000011e-05
4.263103500000000137e-05
4.195587500000000087e-05
4.131809499999999967e-05
4.068222999999999691e-05
4.004761500000000027e-05
3.941541000000000283e-05
3.883885000000000169e-05
3.829198000000000400e-05
3.773926499999999721e-05
3.719461500000000574e-05
3.664882000000000193e-05
3.614740000000000563e-05
3.568217500000000027e-05
3.522889500000000383e-05
3.477594000000000301e-05
3.431877999999999941e-05
3.390419999999999973e-05
3.352757499999999891e-05
3.314861000000000381e-05
3.277437500000000077e-05
3.240648500000000115e-05
3.205723999999999802e-05
3.174672500000000054e-05
3.143995999999999434e-05
3.113732999999999958e-05
3.083388499999999523e-05
3.054276999999999963e-05
3.029008999999999920e-05
3.003436499999999920e-05
2.977891500000000150e-05
2.953073500000000077e-05
2.929677500000000208e-05
2.909159499999999738e-05
2.888653000000000073e-05
2.868641999999999834e-05
2.848307999999999699e-05
2.829202000000000089e-05
2.812031499999999675e-05
2.794844000000000104e-05
2.777728000000000114e-05
2.760744999999999942e-05
2.744718000000000239e-05
2.729192999999999740e-05
2.713539000000000380e-05
2.698105500000000183e-05
2.682708500000000168e-05
2.667773499999999946e-05
2.653114000000000023e-05
2.638473000000000039e-05
2.623825499999999939e-05
2.609400499999999819e-05
2.595484000000000034e-05
2.581613499999999741e-05
2.567743500000000160e-05
2.553932999999999659e-05
2.540738499999999899e-05
2.527989500000000134e-05
2.515289000000000034e-05
2.502617499999999930e-05
2.489958500000000023e-05
2.477603000000000002e-05
2.465363000000000268e-05
2.453117499999999811e-05
2.440880499999999948e-05
2.428449500000000067e-05
2.415811999999999631e-05
2.403208000000000183e-05
2.390554000000000287e-05
2.377775999999999848e-05
2.364492499999999961e-05
2.351068000000000374e-05
2.337565000000000039e-05
2.324120999999999766e-05
2.310512999999999879e-05
2.296740500000000004e-05
2.282938499999999759e-05
2.269139999999999759e-05
2.255259499999999782e-05
2.241224999999999874e-05
2.227233999999999960e-05
2.213190999999999797e-05
2.199090999999999711e-05
2.184496499999999931e-05
2.169714999999999944e-05
2.154774500000000015e-05
2.139964000000000032e-05
2.124556499999999959e-05
2.108526500000000047e-05
2.092445500000000293e-05
2.076407000000000125e-05
2.060226999999999884e-05
2.043877499999999982e-05
2.027521999999999999e-05
2.011140499999999892e-05
1.994826999999999798e-05
1.978613999999999959e-05
1.962441499999999903e-05
1.946266500000000011e-05
1.929977999999999972e-05
1.913374499999999920e-05
1.896669000000000187e-05
1.879934999999999815e-05
1.863239000000000068e-05
1.846468000000000157e-05
1.829657500000000193e-05
1.812813000000000223e-05
1.796201499999999950e-05
1.780442999999999718e-05
1.764591399999999817e-05
1.748730799999999964e-05
1.732666850000000184e-05
1.716576300000000304e-05
1.700491850000000106e-05
1.684404300000000098e-05
1.668368300000000104e-05
1.652304500000000064e-05
1.636238949999999900e-05
1.620340950000000074e-05
1.604471899999999765e-05
1.588612099999999765e-05
1.572801949999999918e-05
1.557158550000000216e-05
1.541554199999999993e-05
1.525927099999999873e-05
1.510383450000000034e-05
1.495009000000000038e-05
1.479606499999999977e-05
1.464205500000000020e-05
1.449069449999999998e-05
1.434103749999999966e-05
1.419151100000000135e-05
1.404168199999999883e-05
1.389873299999999987e-05
1.375639999999999928e-05
1.361414100000000115e-05
1.347419349999999939e-05
1.333899500000000187e-05
1.320433899999999826e-05
1.306918150000000124e-05
1.293883049999999894e-05
1.281161850000000006e-05
1.268385050000000024e-05
1.255764150000000004e-05
1.243732599999999809e-05
1.231791699999999925e-05
1.219860949999999971e-05
1.208354949999999916e-05
1.197294300000000115e-05
1.186194800000000036e-05
1.175265999999999904e-05
1.165054799999999930e-05
1.154867849999999958e-05
1.144746400000000164e-05
1.135285099999999862e-05
1.126031600000000002e-05
1.116813850000000102e-05
1.108127849999999962e-05
1.099842050000000069e-05
1.091482050000000034e-05
1.083870400000000105e-05
1.076532199999999857e-05
1.069222549999999879e-05
1.062655549999999913e-05
1.056260199999999994e-05
1.050011399999999960e-05
1.044466350000000029e-05
1.038871800000000024e-05
1.033819799999999991e-05
1.029059550000000040e-05
1.024462750000000037e-05
1.020380850000000038e-05
1.016289049999999956e-05
1.012785649999999938e-05
1.009352600000000030e-05
1.006243950000000014e-05
1.003265499999999991e-05
1.000701750000000045e-05
9.982687999999998975e-06
9.962468500000000413e-06
9.945659999999999234e-06
9.932759000000000355e-06
9.924970499999999981e-06
9.920677499999999851e-06
9.922503499999998163e-06
9.929067500000000629e-06
9.941481499999998983e-06
9.957480999999998795e-06
9.978258000000000781e-06
1.000440249999999878e-05
1.003486550000000005e-05
1.007080049999999990e-05
1.011394799999999948e-05
1.016380650000000028e-05
1.022199800000000092e-05
1.029021849999999910e-05
1.037025549999999956e-05
1.046450400000000046e-05
1.057401149999999884e-05
1.070024799999999927e-05
1.084519649999999953e-05
1.101047050000000001e-05
1.119857049999999910e-05
1.140962500000000005e-05
1.164252600000000021e-05
1.190049349999999784e-05
1.218341449999999892e-05
1.247509649999999895e-05
1.277296700000000093e-05
1.305867344999999920e-05
1.330328394999999892e-05
1.345582164999999869e-05
1.346667490000000102e-05
1.322149650000000082e-05
1.262462609999999876e-05
1.154329364999999971e-05
9.900717650000000208e-06
7.728433659999999267e-06
5.223383064999999701e-06
2.809200535000000070e-06
9.518200244999999920e-07
4.708339358999999375e-08
