1.592305090000000025e-06
5.141359484999999907e-06
8.880053050000000480e-06
1.213699319999999991e-05
1.480993950000000000e-05
1.698886849999999975e-05
1.877243849999999867e-05
2.025122600000000132e-05
2.149710899999999916e-05
2.256477749999999963e-05
2.348953049999999941e-05
2.430305400000000199e-05
2.502617149999999973e-05
2.567635450000000258e-05
2.626647599999999764e-05
2.680584249999999966e-05
2.730661300000000269e-05
2.777282500000000120e-05
2.820995849999999907e-05
2.862394500000000196e-05
2.901831500000000069e-05
2.939649500000000187e-05
2.976170000000000001e-05
3.011731500000000152e-05
3.046624999999999990e-05
3.080992000000000604e-05
3.115016500000000299e-05
3.149514999999999948e-05
3.183268000000000301e-05
3.216746500000000424e-05
3.250075000000000219e-05
3.283185000000000313e-05
3.316206999999999673e-05
3.349152000000000422e-05
3.382509499999999535e-05
3.416318000000000382e-05
3.450282999999999979e-05
3.484395500000000409e-05
3.518654999999999602e-05
3.552908499999999731e-05
3.586998499999999941e-05
3.620947999999999810e-05
3.654323000000000147e-05
3.687526500000000006e-05
3.720611000000000350e-05
3.753449999999999782e-05
3.786373499999999705e-05
3.819392499999999533e-05
3.852591500000000432e-05
3.886133000000000220e-05
3.919883000000000362e-05
3.953847499999999925e-05
3.987832999999999602e-05
4.021868500000000065e-05
4.055826000000000494e-05
4.089373500000000701e-05
4.122595999999999856e-05
4.154618999999999803e-05
4.186235999999999809e-05
4.216242999999999673e-05
4.245931499999999617e-05
4.274941000000000174e-05
4.303618999999999902e-05
4.331842500000000361e-05
4.360040000000000356e-05
4.388477500000000200e-05
4.416144499999999677e-05
4.443597499999999768e-05
4.471515499999999862e-05
4.498600499999999959e-05
4.523510499999999692e-05
4.549134500000000584e-05
4.575138500000000276e-05
4.597314999999999876e-05
4.620216499999999372e-05
4.645577499999999484e-05
4.668836500000000272e-05
4.691659999999999732e-05
4.715367500000000047e-05
4.738012499999999896e-05
4.759705499999999554e-05
4.781310500000000510e-05
4.803064000000000335e-05
4.824119000000000085e-05
4.844664500000000107e-05
4.865591500000000390e-05
4.886470500000000025e-05
4.907179499999999965e-05
4.927762999999999935e-05
4.947743500000000412e-05
4.967602499999999844e-05
4.986669999999999471e-05
5.005064499999999452e-05
5.023077500000000528e-05
5.040124000000000400e-05
5.056780500000000093e-05
5.071986499999999961e-05
5.087075999999999810e-05
5.100426000000000623e-05
5.113647999999999935e-05
5.125741500000000262e-05
5.136156499999999043e-05
5.146828999999999575e-05
5.155157000000000760e-05
5.163367000000000466e-05
5.170874999999999853e-05
5.176684499999999683e-05
5.182317999999999398e-05
5.187380999999999861e-05
5.191562500000000322e-05
5.195868499999999328e-05
5.198904999999999651e-05
5.201552499999999865e-05
5.204126000000000325e-05
5.205645500000000234e-05
5.206619000000000573e-05
5.207604500000000396e-05
5.206403500000000406e-05
5.204381499999999902e-05
5.202768499999999550e-05
5.199659999999999612e-05
5.196162000000000209e-05
5.192948499999999702e-05
5.187660499999999762e-05
5.180805000000000620e-05
5.174070499999999779e-05
5.167303000000000017e-05
5.159553499999999999e-05
5.151752000000000409e-05
5.143984500000000487e-05
5.133793999999999792e-05
5.122552000000000079e-05
5.111523499999999715e-05
5.100045999999999790e-05
5.087313999999999519e-05
5.074549499999999686e-05
5.062045499999999780e-05
5.047953499999999915e-05
5.032306000000000333e-05
5.016879999999999983e-05
5.001473499999999642e-05
4.985482000000000390e-05
4.969362499999999637e-05
4.953757999999999675e-05
4.938292499999999950e-05
4.921154999999999811e-05
4.902915000000000474e-05
4.884781499999999777e-05
4.867144999999999967e-05
4.847586499999999873e-05
4.826143500000000086e-05
4.805187000000000450e-05
4.784301499999999682e-05
4.762673499999999828e-05
4.739201000000000367e-05
4.715467000000000231e-05
4.691718999999999794e-05
4.667826000000000055e-05
4.642289000000000506e-05
4.616213999999999913e-05
4.590217500000000068e-05
4.564190999999999480e-05
4.535955500000000214e-05
4.505737500000000497e-05
4.476029499999999866e-05
4.446278500000000293e-05
4.416661499999999929e-05
4.387717500000000567e-05
4.358800499999999705e-05
4.329925999999999784e-05
4.301080999999999893e-05
4.269968499999999943e-05
4.238361000000000602e-05
4.206847500000000383e-05
4.175368999999999901e-05
4.143736000000000131e-05
4.111974000000000147e-05
4.080310499999999598e-05
4.048650499999999973e-05
4.016159999999999847e-05
3.981682000000000277e-05
3.947370500000000156e-05
3.913114999999999888e-05
3.879163499999999879e-05
3.846142999999999947e-05
3.813343499999999889e-05
3.780531000000000278e-05
3.747745000000000487e-05
3.714683499999999719e-05
3.681473500000000083e-05
3.648396000000000229e-05
3.615336000000000244e-05
3.582722000000000288e-05
3.550538999999999990e-05
3.518277999999999656e-05
3.486061000000000368e-05
3.453826499999999855e-05
3.422512000000000004e-05
3.391298999999999800e-05
3.360023499999999967e-05
3.328798000000000244e-05
3.297564999999999996e-05
3.266592000000000318e-05
3.235729500000000239e-05
3.204586000000000153e-05
3.173410999999999897e-05
3.141755499999999908e-05
3.110097500000000422e-05
3.078566000000000299e-05
3.047151999999999587e-05
3.016705999999999845e-05
2.986314999999999884e-05
2.955904500000000254e-05
2.925506000000000108e-05
2.896218999999999790e-05
2.867996500000000079e-05
2.839618499999999992e-05
2.811409499999999870e-05
2.783416000000000254e-05
2.756653500000000355e-05
2.729807499999999698e-05
2.702992499999999854e-05
2.676210999999999982e-05
2.650273500000000198e-05
2.624476000000000044e-05
2.598682000000000135e-05
2.572880500000000040e-05
2.547613000000000031e-05
2.523034000000000076e-05
2.498318000000000023e-05
2.473666499999999739e-05
2.449039499999999814e-05
2.425435499999999963e-05
2.401805000000000292e-05
2.378177499999999814e-05
2.354537000000000120e-05
2.331359999999999986e-05
2.308341500000000098e-05
2.285337999999999904e-05
2.262295000000000335e-05
2.239645499999999833e-05
2.217809000000000300e-05
2.195883999999999998e-05
2.174041500000000046e-05
2.152088499999999817e-05
2.131426500000000116e-05
2.110824500000000207e-05
2.090243500000000073e-05
2.069572000000000046e-05
2.049895999999999863e-05
2.031118249999999838e-05
2.012272399999999860e-05
1.993404200000000080e-05
1.974729400000000006e-05
1.957268350000000137e-05
1.939702700000000134e-05
1.922170550000000102e-05
1.904578349999999800e-05
1.887577500000000140e-05
1.870827949999999900e-05
1.854092700000000118e-05
1.837337399999999815e-05
1.820651299999999812e-05
1.804268349999999739e-05
1.787864450000000029e-05
1.771444400000000139e-05
1.755451299999999826e-05
1.740658999999999964e-05
1.725866249999999868e-05
1.711060899999999974e-05
1.696431050000000160e-05
1.681955699999999974e-05
1.667463450000000231e-05
1.652954799999999951e-05
1.638550500000000127e-05
1.624388449999999970e-05
1.610241299999999907e-05
1.596037200000000061e-05
1.582052349999999967e-05
1.568428650000000134e-05
1.554816149999999932e-05
1.541194550000000177e-05
1.527685099999999865e-05
1.514624799999999871e-05
1.501608800000000062e-05
1.488542700000000035e-05
1.475545199999999996e-05
1.462950199999999992e-05
1.450542949999999908e-05
1.438111250000000113e-05
1.425689399999999923e-05
1.413848350000000180e-05
1.402505649999999995e-05
1.391146549999999949e-05
1.379783549999999903e-05
1.368498150000000134e-05
1.357563299999999952e-05
1.346681649999999968e-05
1.335812650000000089e-05
1.324951950000000080e-05
1.314419600000000103e-05
1.304143149999999969e-05
1.293824699999999945e-05
1.283495949999999913e-05
1.273427900000000026e-05
1.263809499999999982e-05
1.254181549999999983e-05
1.244520650000000016e-05
1.234857949999999956e-05
1.225787299999999945e-05
1.216827650000000076e-05
1.207867650000000080e-05
1.198955150000000020e-05
1.190617650000000034e-05
1.182514100000000015e-05
1.174378449999999852e-05
1.166290849999999967e-05
1.158717700000000021e-05
1.151438100000000078e-05
1.144147000000000177e-05
1.136859000000000087e-05
1.130131850000000031e-05
1.123600649999999994e-05
1.117091350000000033e-05
1.110555499999999942e-05
1.104778549999999983e-05
1.099020550000000029e-05
1.093364349999999878e-05
1.088308450000000014e-05
1.083979599999999985e-05
1.079635449999999936e-05
1.075434650000000022e-05
1.072235300000000064e-05
1.069302600000000024e-05
1.066379799999999896e-05
1.064243349999999992e-05
1.062753250000000005e-05
1.061149299999999913e-05
1.060489500000000039e-05
1.060560499999999923e-05
1.060445700000000058e-05
1.061595000000000125e-05
1.063139649999999998e-05
1.064852600000000092e-05
1.067684899999999987e-05
1.070592500000000033e-05
1.074412199999999952e-05
1.078852100000000092e-05
1.083732850000000003e-05
1.089775149999999991e-05
1.096076100000000014e-05
1.103756700000000057e-05
1.111799600000000000e-05
1.121068999999999854e-05
1.131066049999999857e-05
1.141918799999999954e-05
1.153802000000000003e-05
1.166649700000000100e-05
1.180555199999999962e-05
1.195706200000000048e-05
1.211625300000000097e-05
1.228699250000000059e-05
1.246627400000000010e-05
1.265803450000000082e-05
1.286002500000000060e-05
1.307147950000000072e-05
1.329656650000000076e-05
1.352918900000000075e-05
1.377310649999999976e-05
1.402535100000000056e-05
1.428396350000000095e-05
1.454695149999999878e-05
1.481304549999999976e-05
1.508003600000000145e-05
1.534535000000000039e-05
1.560755400000000029e-05
1.586522750000000039e-05
1.611438600000000113e-05
1.635272649999999929e-05
1.657569750000000106e-05
1.677831499999999929e-05
1.695449450000000000e-05
1.710816099999999993e-05
1.721253600000000010e-05
1.727009049999999988e-05
1.726982699999999907e-05
1.719904649999999969e-05
1.704068599999999936e-05
1.677311850000000101e-05
1.636127400000000093e-05
1.575629940000000060e-05
1.492198910000000030e-05
1.380064684999999912e-05
1.230435504999999967e-05
1.042791654999999983e-05
8.156732050000001040e-06
5.630765145000000456e-06
3.143875890000000085e-06
1.136152939500000041e-06
6.117441177000001005e-08
