1.561056177489882124e+00
1.556247000757613019e+00
1.552891757537114836e+00
1.550613981506106409e+00
1.549026334998361731e+00
1.547678675944623494e+00
1.546311828207542094e+00
1.544769475062960584e+00
1.543042440927883341e+00
1.541115336986013551e+00
1.539145523579052321e+00
1.537217459743175363e+00
1.535423915789933647e+00
1.533848153926403501e+00
2.337041981152477188e+00
2.336350012526341668e+00
2.335547293001180691e+00
2.334515277152763968e+00
2.333057415779320465e+00
2.330932752115731255e+00
2.327916024530237937e+00
2.323745940653600073e+00
2.318213836429642960e+00
2.311046511471037235e+00
2.302005009110413614e+00
2.290799176735645926e+00
2.277246101185454119e+00
2.261207883509339656e+00
2.242590913223520666e+00
2.221554697048255811e+00
2.198590100940853276e+00
2.173947303430298295e+00
2.148385670837948069e+00
2.123213892436583095e+00
2.098603226889952822e+00
2.075702451414872307e+00
2.054833196732925860e+00
2.035886271021070115e+00
2.019571706711511538e+00
2.004952724045352408e+00
1.992561566237957216e+00
1.981598142581349142e+00
1.972459924648163776e+00
1.964317620610455117e+00
3.868071142286320097e-01
3.808032360714604381e-01
3.758076205194166852e-01
3.715022374245328107e-01
3.678170550926593840e-01
3.647027538974472183e-01
3.620124478205036800e-01
3.597132842996936253e-01
3.577880884223805236e-01
3.561658614615499374e-01
3.548836950178244076e-01
7.074589950927123727e-01
7.059638425584556787e-01
7.045666305273314833e-01
7.037791938625507226e-01
7.032046435016033881e-01
7.029763652134545238e-01
7.031782345948159874e-01
7.033974852883472240e-01
7.041137906187304729e-01
7.049237945766939628e-01
7.058905657244393117e-01
7.072078682038271946e-01
7.085004631906101080e-01
7.100454755129413931e-01
7.117781160912260985e-01
7.134916740646176647e-01
7.154427919387830181e-01
7.174838665283265193e-01
7.195077277389539949e-01
7.217415708581037537e-01
7.239606261591007286e-01
7.262292109643309068e-01
7.286630082879581582e-01
7.310162515219063017e-01
7.335454624673201085e-01
7.361102471230839273e-01
7.386431958217550831e-01
7.413272466354267065e-01
7.439658561238584600e-01
7.466454617877311684e-01
7.493602228243976260e-01
7.520543035603824977e-01
7.548161135740072414e-01
7.576052404401649731e-01
7.603891174243107010e-01
7.632541389590185021e-01
7.661174173374147855e-01
7.690080390909019847e-01
7.719528559407899948e-01
7.748810767586113979e-01
7.778120284744515223e-01
7.807585625212121183e-01
7.836525428576496255e-01
7.865521662831247429e-01
7.894014251926565473e-01
7.922256438794842426e-01
7.950304912619268194e-01
7.978575841557508097e-01
8.006775505405147042e-01
8.035285504045101002e-01
8.063883045906306002e-01
8.092942330711592192e-01
8.122491187701527116e-01
8.152327054855557087e-01
8.182516035244175034e-01
8.212672011510711023e-01
8.242931251252526570e-01
8.272748751966944036e-01
8.302522486998917817e-01
8.332027308969418566e-01
8.361373990993540284e-01
8.390662000626437633e-01
8.419543358577682435e-01
8.448366163692472286e-01
8.477089148066437874e-01
8.505532810640128449e-01
8.534248388485217163e-01
8.562497518899070403e-01
8.590671044240936194e-01
8.618797477398669749e-01
8.646596604181379098e-01
8.674195293511951510e-01
8.701920933563405125e-01
8.728711978318021147e-01
8.755367841176607824e-01
8.782031598407556983e-01
8.808185769085316030e-01
8.834025746088189912e-01
8.860154924858703041e-01
8.885379244610920324e-01
8.910197139631931273e-01
8.935211399113205388e-01
8.959589354409120965e-01
8.981956933751856775e-01
9.004637671041499924e-01
9.027496554961144115e-01
9.047794880216606384e-01
9.067861043680600641e-01
9.088028869003670351e-01
9.107836175018286795e-01
9.126860060440674660e-01
9.146096338639607692e-01
9.165413384660239249e-01
9.184254696625935299e-01
9.203078299626036296e-01
9.222086440108601124e-01
9.241018460943523083e-01
9.259754649936032811e-01
9.278548793311285348e-01
9.297524824208437400e-01
9.316433799988865783e-01
9.334877225613223972e-01
9.353453279530207221e-01
9.372271403151229974e-01
9.390761735815644773e-01
9.409111802446562534e-01
9.427625081552396535e-01
9.446121549507873194e-01
9.463696219970240131e-01
9.480824864817997133e-01
9.498213637377382890e-01
9.515581624557382101e-01
9.531220525770288665e-01
9.547210354739590343e-01
9.563373155072739662e-01
9.578770062471475555e-01
9.593292540942019997e-01
9.607849376422746834e-01
9.622641695282543317e-01
9.637210200067910515e-01
9.651520437611468273e-01
9.665972822022854682e-01
9.680564282230814666e-01
9.694367200121769557e-01
9.708398133320811363e-01
9.722491568301229181e-01
9.735775539030684378e-01
9.748652589444555261e-01
9.762010840295093361e-01
9.774694209898049380e-01
9.785994432653262187e-01
9.797787474664882978e-01
9.809412630982766723e-01
9.820769900690440313e-01
9.832423418706670581e-01
9.844163828464669308e-01
9.855531158018147053e-01
9.867086836165681607e-01
9.878843943636765879e-01
9.890359952176323022e-01
9.902447945189283285e-01
9.914740296080011284e-01
9.926515747448680926e-01
9.937768504000287217e-01
9.948998228165782942e-01
9.960706255929813180e-01
9.972155980931483032e-01
9.983754420842150257e-01
9.995554543729474606e-01
1.000695631378941686e+00
1.001847081632890157e+00
1.003029812223172446e+00
1.004147664824536212e+00
1.005210908030870431e+00
1.006301711167589374e+00
1.007389711607396432e+00
1.008481931022575218e+00
1.009607963674256759e+00
1.010754801321783303e+00
1.011851799754732273e+00
1.012917151733400800e+00
1.014076404975500667e+00
1.015140546299440283e+00
1.016111120895306197e+00
1.017146228259397267e+00
1.018160488124556284e+00
1.019089376596759466e+00
1.019974675861836655e+00
1.020938140405447836e+00
1.021824790825507367e+00
1.022661872985876519e+00
1.023548900910668857e+00
1.024419012131637663e+00
1.025226524107261783e+00
1.026012184185317588e+00
1.026871943361209238e+00
1.027630548698984736e+00
1.028289092704812280e+00
1.029055676648777506e+00
1.029737083058995584e+00
1.030392152557251917e+00
1.031066923005433900e+00
1.031779924975060991e+00
1.032435171554426656e+00
1.033080170746762505e+00
1.033780317705735641e+00
1.034454264341891472e+00
1.035183546965920520e+00
1.035938096106303163e+00
1.036710959791708353e+00
1.037556287916939768e+00
1.038521193691439581e+00
1.039466467964809349e+00
1.040506781183694329e+00
1.041695901602836205e+00
1.042951354279433529e+00
1.044248074159393802e+00
1.045662858146630070e+00
1.047226804668487388e+00
1.048819988115721191e+00
1.050490436185168130e+00
1.052291640230404113e+00
1.054171870091953567e+00
1.056106302957887433e+00
1.058122351682864393e+00
1.060245355028529346e+00
1.062429460721445507e+00
1.064678840229960732e+00
1.067010363330598510e+00
1.069448146154767354e+00
1.071933647878451135e+00
1.074548565579323878e+00
1.077310381279756868e+00
1.080147901722567472e+00
1.083092058831884863e+00
1.086201874425572367e+00
1.089455506771222604e+00
1.092789326854255227e+00
1.096355212858268535e+00
1.100124071648764801e+00
1.104012451404042583e+00
1.108078675487832676e+00
1.112419324523588049e+00
1.116926154232014801e+00
1.121582848363360974e+00
1.126412249014119293e+00
1.131481958119639586e+00
1.136698741316158445e+00
1.142132138255005813e+00
1.147799139357211340e+00
1.153706124314773485e+00
1.159866183037730814e+00
1.166551112584323313e+00
1.173565323079353240e+00
1.180857067916404990e+00
1.188724735818736722e+00
1.197237730443730497e+00
1.206017687644333369e+00
1.215163515202243305e+00
1.225081212515218398e+00
1.235415724691499406e+00
1.246120332317819601e+00
1.257254466912133051e+00
1.269040288907562930e+00
1.281197676037968636e+00
1.293741598980281182e+00
1.306749803704592594e+00
1.320323561390256861e+00
1.334191468724325924e+00
1.348398082586444557e+00
1.363004871862767642e+00
1.377965796845255442e+00
1.393080071084745075e+00
1.408457302869006833e+00
1.424056111951315540e+00
1.439780831475929057e+00
1.455531079078853152e+00
1.471398562541679000e+00
1.487244314545256074e+00
1.503012064861031227e+00
1.518613258443483272e+00
1.534079764777247723e+00
1.549306494988850202e+00
1.564195854592123291e+00
1.578763481948168845e+00
1.593031828037480668e+00
1.606791317700604349e+00
1.620145073282609038e+00
1.633117779297507788e+00
1.645501440728072806e+00
1.657500464264978879e+00
1.669028614021514700e+00
1.679948372051552896e+00
1.690502502145602159e+00
1.700468185663441378e+00
1.709870206949499760e+00
1.718913986074135813e+00
1.727175086665613923e+00
1.735104400226357146e+00
1.742405635127820762e+00
1.749194832028779123e+00
1.755507381661328026e+00
1.761217639125140622e+00
1.766657850618450709e+00
1.771336996496819305e+00
1.775779484673540187e+00
1.779668599091056125e+00
1.783291347457140796e+00
1.786325707538410468e+00
1.789110272531249546e+00
1.791456063379833763e+00
1.793521171704555606e+00
1.795222858398591415e+00
1.796667893143694572e+00
1.797723997345195279e+00
1.798607554591049595e+00
1.799069428688969241e+00
1.799366969204831301e+00
1.799316143181557637e+00
1.799033579817096440e+00
1.798485125040227839e+00
1.797693437583681053e+00
1.796636286398689331e+00
1.795374577903048996e+00
1.793774589965676070e+00
1.792005656685739412e+00
1.789933985393274529e+00
1.787721759705181324e+00
1.785127401539440051e+00
1.782387950748629546e+00
1.779405276283228643e+00
1.776109257087417737e+00
1.772696752154490518e+00
1.769006282407246111e+00
1.765104239872237857e+00
1.761045730017999800e+00
1.756823294029163041e+00
1.752377685064399282e+00
1.747769010370206377e+00
1.743030826112231146e+00
1.738139414602269062e+00
1.733111034563900255e+00
1.727932576437738454e+00
1.722613611283716706e+00
1.717128835144962729e+00
1.711494195060335954e+00
1.705680427132984622e+00
1.699710521144622843e+00
1.693546746488231669e+00
1.687213439202539300e+00
1.680677117390648512e+00
1.673918947721101391e+00
1.666945300186695844e+00
1.659777360079233599e+00
1.652379617991683425e+00
1.644827078231282380e+00
1.637123685055175359e+00
1.629325027283673011e+00
1.621423164187687505e+00
1.613542950984358848e+00
1.605401531446842611e+00
1.597103689176987862e+00
1.588766427809139792e+00
1.580323078450860841e+00
1.570935047020175279e+00
