2.355712367052170908e+00
2.353520071454523688e+00
2.349241643927185486e+00
2.343184471405118874e+00
2.335687299144458606e+00
2.326972307233977855e+00
2.317074845949167017e+00
2.306043090372257076e+00
2.293944417837826766e+00
2.280889311971078470e+00
2.267008077296215340e+00
2.252498448970462697e+00
2.237602609361066364e+00
2.222539291731629341e+00
2.207577893241778888e+00
2.192953681541282673e+00
2.178862236485312298e+00
2.165527518548090669e+00
2.153078906288247829e+00
2.141564718011566892e+00
2.131034465468707673e+00
2.121525385097744021e+00
1.084407688413155491e+00
1.069187213640202527e+00
1.055644816426869248e+00
1.043599908461710912e+00
1.032820127792110521e+00
1.023252805929744103e+00
1.014702274381236613e+00
1.007198034720616198e+00
1.000479244058166239e+00
9.944162775284369760e-01
9.892072042649853181e-01
9.845816810957639387e-01
9.807288676509391401e-01
9.774531519112836797e-01
9.746714873389970002e-01
9.723118645265804716e-01
9.703349839586329351e-01
9.686697765294889351e-01
9.673493849790874011e-01
9.662576485328369102e-01
9.654587952024180630e-01
9.648702992069349005e-01
9.644559072376570619e-01
9.642259530925271216e-01
9.641303760490438357e-01
9.642041527470165407e-01
9.644414667558567356e-01
9.647430820045687083e-01
9.651958641529222449e-01
9.657082102596945550e-01
9.663634370940579199e-01
9.671445449015292350e-01
9.681393123469075324e-01
9.691553670066005433e-01
9.702108519775224371e-01
9.713128658580509889e-01
9.724077228984383536e-01
9.735384847258161667e-01
9.747007184486902176e-01
9.759903271511114475e-01
9.773176947570628714e-01
9.786449556690623997e-01
9.800707060602292797e-01
9.817896857461516635e-01
9.834557220583937109e-01
9.850415682020100538e-01
9.871017556405102811e-01
9.891982893548451061e-01
9.907908424292501959e-01
9.929236555843845569e-01
9.955559836238573324e-01
9.971122459382752989e-01
9.990795059610467765e-01
1.001887178968448255e+00
1.003907586093452986e+00
1.005895887301152314e+00
1.008502519591373492e+00
1.010896005243136164e+00
1.013051977568526052e+00
1.015389484097186656e+00
1.017828245174103419e+00
1.020139495828342513e+00
1.022368820291304603e+00
1.024814866682653980e+00
1.027208857662660790e+00
1.029506394791120938e+00
1.031745512933308628e+00
1.033972688521771932e+00
1.036156246776102741e+00
1.038164035992366507e+00
1.040092764353992338e+00
1.041907589815872504e+00
1.043654887159117139e+00
1.045353341143998360e+00
1.046920242498627696e+00
1.048507356887950603e+00
1.050134382479645634e+00
1.051743864113857452e+00
1.053395424292683957e+00
1.055045315884753254e+00
1.056725560439075728e+00
1.058639632511892970e+00
1.060529858092409627e+00
1.062419329394273193e+00
1.064285089986624078e+00
1.066152342728571067e+00
1.068160483707779829e+00
1.070151523992011189e+00
1.072108953717234137e+00
1.073814275963506093e+00
1.075475489360518955e+00
1.077172737210027709e+00
1.078953197260178243e+00
1.080700028658777123e+00
1.082376230511499671e+00
1.083827437187570464e+00
1.085290135298755843e+00
1.086853155158816087e+00
1.088664024586236900e+00
1.090487226169039037e+00
1.092281893267132764e+00
1.093813488045016769e+00
1.095295823371474020e+00
1.096797525419709318e+00
1.098546962400478222e+00
1.100449800794048194e+00
1.102367090684542195e+00
1.104053918121223221e+00
1.105281370464715085e+00
1.106562449917684265e+00
1.107803940943208554e+00
1.109487456088083857e+00
1.111236758740875130e+00
1.113065009258576099e+00
1.114500339879330948e+00
1.114993494947555508e+00
1.115380437298532978e+00
1.115709629444679551e+00
1.116742271562541022e+00
1.118774674458892004e+00
1.120721928354169616e+00
1.122767616702387006e+00
1.123813336529263074e+00
1.123575813775792742e+00
1.123392330564861874e+00
1.123203733642570867e+00
1.123602297873032452e+00
1.126090962957643216e+00
1.128379183672571173e+00
1.130741469065157156e+00
1.133058489273647274e+00
1.133705710549747225e+00
1.133274050176950043e+00
1.132925754424675358e+00
1.132531694380894294e+00
1.132605028082175114e+00
1.134199313678856846e+00
1.135782003246107008e+00
1.137414382434943416e+00
1.139039074066559909e+00
1.139698156318516675e+00
1.139654558044306487e+00
1.139691947126495020e+00
1.139712203413481229e+00
1.139934698179319916e+00
1.140631953028029333e+00
1.141325581748941165e+00
1.142043744072667399e+00
1.142792536685351745e+00
1.142838317039924112e+00
1.142397383943046574e+00
1.142038559862807556e+00
1.141587733557921425e+00
1.141300065080146142e+00
1.141568100538120190e+00
1.141857713089495574e+00
1.142153063731492502e+00
1.142419642252480605e+00
1.142277910738157320e+00
1.141883296558769301e+00
1.141530988968542992e+00
1.141143164646959418e+00
1.140820610630464804e+00
1.140661516067516201e+00
1.140491171697651351e+00
1.140318382891776450e+00
1.140118125177744135e+00
1.139743103767775656e+00
1.139298872177210153e+00
1.138851655286973186e+00
1.138374195377791498e+00
1.138038990232749903e+00
1.138000196699138877e+00
1.137940477393530658e+00
1.137884684343428709e+00
1.137781778211162775e+00
1.137489376482454739e+00
1.137162167480865183e+00
1.136819123812619736e+00
1.136465077808679558e+00
1.136223058445851475e+00
1.136089276831832695e+00
1.135937050890746258e+00
1.135781520900756458e+00
1.135653921179483827e+00
1.135607469301638472e+00
1.135572057520074951e+00
1.135535426748203625e+00
1.135480039965422572e+00
1.135460274627816624e+00
1.135454098150024516e+00
1.135441944769624456e+00
1.135439082541175537e+00
1.135423727831003315e+00
1.135391269612866738e+00
1.135346854177497145e+00
1.135321249208414818e+00
1.135304489304133302e+00
1.135326322339549776e+00
1.135344666793223212e+00
1.135360320622108343e+00
1.135384050215209273e+00
1.135436954056131542e+00
1.135519789472067442e+00
1.135620471123455877e+00
1.135707000935319622e+00
1.135865748505564321e+00
1.136185063474353552e+00
1.136513118925893018e+00
1.136848196444665282e+00
1.137171202072080778e+00
1.137489639441675138e+00
1.137795362735324556e+00
1.138106763687467993e+00
1.138411412064209705e+00
1.138516209133438428e+00
1.138543789179359500e+00
1.138580896800523323e+00
1.138618764754535162e+00
1.138855303239086458e+00
1.139295738846554995e+00
1.139720205479244797e+00
1.140160773499457880e+00
1.140684034414297443e+00
1.141414756945680509e+00
1.142142691419265832e+00
1.142884439776534089e+00
1.143636177046219338e+00
1.144450693054397838e+00
1.145282149220297807e+00
1.146122295863387874e+00
1.146983827607800821e+00
1.147484539498261347e+00
1.147891381146089573e+00
1.148315329364250292e+00
1.148727803960939431e+00
1.149523739790066168e+00
1.150617499453346460e+00
1.151725817894236892e+00
1.152862066709681610e+00
1.153826442236095096e+00
1.154495112253456801e+00
1.155196111247284607e+00
1.155883454372148789e+00
1.156801339610809443e+00
1.157998012329947368e+00
1.159209495639019316e+00
1.160499381652557060e+00
1.161374897369084502e+00
1.162046683810393333e+00
1.162743156470559702e+00
1.163413510074839508e+00
1.164581113473286189e+00
1.166020374245427149e+00
1.167467930720838654e+00
1.168970728660918112e+00
1.170253804113184026e+00
1.171366693018715877e+00
1.172529078333832464e+00
1.173706685708872710e+00
1.175003107371709987e+00
1.176448473610823386e+00
1.177919836340648008e+00
1.179437191890550629e+00
1.180944879946459913e+00
1.182335030537202902e+00
1.183746361082643528e+00
1.185198700879482425e+00
1.186710553818000058e+00
1.188433026205666820e+00
1.190296095571479418e+00
1.192211593283764914e+00
1.194184778367196165e+00
1.196242125504192400e+00
1.198392127377893246e+00
1.200618361871174988e+00
1.202920389854754690e+00
1.205385685089710224e+00
1.208222571128125589e+00
1.211175577615807963e+00
1.214244763263254256e+00
1.217438396579531901e+00
1.220844202577541449e+00
1.224424668654338522e+00
1.228142270109691570e+00
1.232020661528255623e+00
1.236222539376821361e+00
1.240758606805579145e+00
1.245474225370343690e+00
1.250382697841633917e+00
1.255648320887927660e+00
1.261362234733245602e+00
1.267292012612454943e+00
1.273489294546558348e+00
1.280080334140042408e+00
1.287211791671437622e+00
1.294614402984353152e+00
1.302329884411629113e+00
1.310467117515110580e+00
1.319028829489560906e+00
1.327955019086047184e+00
1.337175910021391800e+00
1.347105054069405616e+00
1.357492098706898354e+00
1.368196702765336337e+00
1.379390277776576745e+00
1.391300235607451530e+00
1.403532581105799926e+00
1.416085151627934691e+00
1.429132784909340259e+00
1.442513210356030307e+00
1.456054023226858618e+00
1.469748922838660210e+00
1.483527251525016855e+00
1.497274626322927737e+00
1.510972761056216696e+00
1.524512430828262488e+00
1.537858662155141332e+00
1.550966312734884722e+00
1.563728232077503444e+00
1.576182894820736369e+00
1.588277307759351942e+00
1.599975802612181086e+00
1.611143875244090085e+00
1.621748963450964531e+00
1.631885328273855240e+00
1.641426774405577493e+00
1.650454593974115536e+00
1.658839196489573009e+00
1.666730678593141501e+00
1.674088910205217440e+00
1.680872229463661771e+00
1.687040379962731595e+00
1.692538258955335717e+00
1.697524043510897362e+00
1.701726555746272851e+00
1.705428756613225350e+00
1.708537143942916448e+00
1.711005802293385836e+00
1.712967844237277770e+00
1.714380425131791119e+00
1.715298852348891456e+00
1.715698279280483352e+00
1.715662990008333111e+00
1.715227276315236526e+00
1.714281207247711381e+00
1.713092812437813750e+00
1.711400674614171225e+00
1.709413033856019837e+00
1.707141216595619015e+00
1.704439917054690445e+00
1.701438921487734346e+00
1.698207840520960410e+00
1.694724415120957728e+00
1.690974771984655733e+00
1.687081740203097091e+00
1.683050309451896931e+00
1.678897379022752157e+00
1.674624068833002521e+00
1.670243660350884118e+00
1.665758419204172114e+00
1.661180150227143271e+00
1.656548476344842813e+00
1.651843548911964055e+00
1.647062422859954411e+00
1.642209926500373784e+00
1.637258086995668771e+00
1.632226362643559137e+00
1.627087821257388267e+00
1.621833327596145180e+00
1.616433532482979052e+00
1.610876754414223289e+00
1.605061324579250659e+00
1.599035744034063899e+00
1.592388241530374726e+00
1.585723974007430037e+00
1.578523956755600421e+00
1.570935695174392244e+00
