2.684294669302718539e+00
2.679142412644461402e+00
2.674652312527284970e+00
2.670424009940071564e+00
2.666725460072082665e+00
2.663423943703425056e+00
2.660239906720621050e+00
2.657096576599280002e+00
2.653725676850148929e+00
2.649781579829772138e+00
2.645053465897120315e+00
2.639318762670188612e+00
2.632320972663645620e+00
2.623799289367714227e+00
2.613312336447088491e+00
2.600318493777687756e+00
2.584049408176155360e+00
2.563841667258002666e+00
2.538621138560507973e+00
2.507397732634399024e+00
2.469372891633597966e+00
2.424731796002129958e+00
2.375402971150383458e+00
2.325112663466832874e+00
2.277672286010186564e+00
2.235909614460066752e+00
2.200985664294056399e+00
2.172450059675986811e+00
2.149324290545984173e+00
2.130482467752056408e+00
2.114994995650534726e+00
2.102140784824302333e+00
2.091310082537749082e+00
2.082083347401134432e+00
2.074311853330737421e+00
2.067588335177155123e+00
2.061664054783374667e+00
2.056461636535575455e+00
2.051903694268610856e+00
2.047892847003513594e+00
2.044313811378457579e+00
2.041138470029783214e+00
2.038338963360275535e+00
2.035817819566640097e+00
2.033595507220111287e+00
2.031562223589179261e+00
2.029812339657633746e+00
2.028305620313802571e+00
2.026980198801425104e+00
2.025830091208023376e+00
2.024810786494100512e+00
2.023920601809196640e+00
2.023103350542001522e+00
2.022373613931250702e+00
2.021693786197413800e+00
2.021074013855471918e+00
2.020542531355131288e+00
2.020073220399250413e+00
2.019643040370730169e+00
8.970331033557609191e-01
8.965190899921082757e-01
8.961320400741505932e-01
8.958669130811536263e-01
8.957127757177960614e-01
8.957881598361738806e-01
8.958756845237914046e-01
8.960695156405545925e-01
8.963209832536392918e-01
8.966772270870040362e-01
8.969680942903472953e-01
8.972816995402609352e-01
8.975839153483066157e-01
8.978895147650006736e-01
8.981874923570659641e-01
8.985330753458204978e-01
8.989282893483713233e-01
8.993080922674465683e-01
8.997250244726626711e-01
9.001339154680373378e-01
9.009205927932075753e-01
9.017790464468743439e-01
9.025773125689710019e-01
9.033154936348887221e-01
9.042156187020522484e-01
9.057469910134438029e-01
9.072226026411371880e-01
9.082555823419578012e-01
9.092124038910258665e-01
9.106353641699359569e-01
9.126408300463091372e-01
9.144010725368344472e-01
9.157035318410273739e-01
9.170121090019367482e-01
9.186638355034648651e-01
9.206246480849339386e-01
9.224056110273771703e-01
9.239683874515262074e-01
9.254341592074366574e-01
9.271381693875118124e-01
9.289683553145297035e-01
9.308090540563789261e-01
9.323462263639685776e-01
9.338431566157384678e-01
9.353811604569188809e-01
9.371238312305655294e-01
9.388664836949196513e-01
9.406078106406976502e-01
9.421998210104094440e-01
9.437854108247287765e-01
9.453812637728150614e-01
9.470809761730710763e-01
9.487971660731219226e-01
9.504843209664295411e-01
9.520667902627948376e-01
9.536037056526537325e-01
9.551700711122284027e-01
9.567901273814016783e-01
9.584140492360407881e-01
9.600548710839432731e-01
9.616150110766694681e-01
9.631105461738945772e-01
9.646104332349022537e-01
9.661094511387658956e-01
9.676039636633445573e-01
9.691714480761112194e-01
9.707641289595820844e-01
9.722585101262585239e-01
9.737179669099070844e-01
9.751959517826966906e-01
9.766982619651146669e-01
9.782383459304805351e-01
9.798138558504889684e-01
9.813889805802850086e-01
9.830060323244788067e-01
9.846775400147759205e-01
9.863321054895098916e-01
9.879520736800980751e-01
9.895280187342037070e-01
9.911004249879565853e-01
9.926774207343204148e-01
9.942002826576152863e-01
9.956675882000370903e-01
9.971395736479976568e-01
9.986235294551453201e-01
1.000089744983309714e+00
1.001562215160787916e+00
1.003064295132920947e+00
1.004598666401794516e+00
1.006077947128726668e+00
1.007544926907597116e+00
1.009020807519855678e+00
1.010488753536700424e+00
1.011917619988715877e+00
1.013328605503424074e+00
1.014742166358181708e+00
1.016162442735220273e+00
1.017536013426528774e+00
1.018886865219776450e+00
1.020249965881550702e+00
1.021619537993859295e+00
1.022953106995296846e+00
1.024253955528617199e+00
1.025569519124008400e+00
1.026909833265869931e+00
1.028166840964324313e+00
1.029387455764360748e+00
1.030652968979963502e+00
1.031923645213444152e+00
1.033224756681014433e+00
1.034581390011067636e+00
1.035963926682864189e+00
1.037367068858707553e+00
1.038681389657775789e+00
1.039866787791584368e+00
1.041068763565475175e+00
1.042270977452049552e+00
1.043476487772717398e+00
1.044632888848100016e+00
1.045800713509831059e+00
1.046988906758618887e+00
1.048134527292496676e+00
1.049084973274583277e+00
1.050008236045369969e+00
1.050950081321849972e+00
1.051914877829822403e+00
1.052967637537084888e+00
1.054083589828442413e+00
1.055198803368319282e+00
1.056335266592137723e+00
1.057507018919879638e+00
1.058578662896625389e+00
1.059634411125082387e+00
1.060728064709558049e+00
1.061840813529175698e+00
1.062971196036435417e+00
1.064172302854222485e+00
1.065385402998184405e+00
1.066613184352540822e+00
1.067852669291881940e+00
1.068918574503517682e+00
1.069782239975981541e+00
1.070686940336736503e+00
1.071597123395751971e+00
1.072453018863346319e+00
1.073194261532255167e+00
1.073900084203721628e+00
1.074618310604788185e+00
1.075375689516626210e+00
1.076010598719314038e+00
1.076529168845471673e+00
1.077114515247334259e+00
1.077708724557726150e+00
1.078288835127688916e+00
1.078894485204300313e+00
1.079532367702976670e+00
1.080178907027287583e+00
1.080855676431448087e+00
1.081373294500870497e+00
1.081849556320428896e+00
1.082336167712833586e+00
1.082826388944537532e+00
1.083255563026393586e+00
1.083613487378272344e+00
1.083975810012560714e+00
1.084363124035677917e+00
1.084699466030161652e+00
1.084832387748146054e+00
1.085000611539181703e+00
1.085171803942845292e+00
1.085357779907141440e+00
1.085584174419523817e+00
1.085829590713384141e+00
1.086084523321962481e+00
1.086324428432948297e+00
1.086492081053339165e+00
1.086634766411783248e+00
1.086784019001877377e+00
1.086936889121687955e+00
1.087009441221383987e+00
1.087068869332115328e+00
1.087133288133857789e+00
1.087199210556268669e+00
1.087291161348188151e+00
1.087381216143280094e+00
1.087474740880317592e+00
1.087579134152405258e+00
1.087675413083060372e+00
1.087769393962277453e+00
1.087864516516531266e+00
1.087980490353038565e+00
1.088110320697551980e+00
1.088275803614394022e+00
1.088442848799518137e+00
1.088697022211802201e+00
1.089192644272769961e+00
1.089803396999363905e+00
1.090400597526570481e+00
1.091129590362281299e+00
1.092099785551297497e+00
1.093138102240508669e+00
1.094194298551362632e+00
1.095313487465258584e+00
1.096501071685926698e+00
1.097722712975028436e+00
1.098980670451418229e+00
1.100218767486149440e+00
1.101447709991433044e+00
1.102712883390659204e+00
1.104045873368242558e+00
1.105498981686136695e+00
1.106973688508553044e+00
1.108495497654159889e+00
1.110177125750510863e+00
1.112078626209478838e+00
1.114004525685015512e+00
1.116017748845119062e+00
1.118198308868793900e+00
1.120532383054408943e+00
1.122925877219975721e+00
1.125378867603082034e+00
1.127863941812951687e+00
1.130456504183864563e+00
1.133119702705025267e+00
1.135876524602648541e+00
1.138770306576674995e+00
1.141773695760883056e+00
1.144861255467808814e+00
1.147968381101938773e+00
1.151191558652434388e+00
1.154522739052500580e+00
1.158023895162199945e+00
1.161766540145295901e+00
1.165616960506697941e+00
1.169617947666130142e+00
1.173807534068569858e+00
1.178137957986781448e+00
1.182619010146261029e+00
1.187382822299483998e+00
1.192419824531304018e+00
1.197592854997197032e+00
1.203045603478632097e+00
1.208743858154424089e+00
1.214615647702774526e+00
1.220692307512014629e+00
1.227241653387204812e+00
1.234057362693355531e+00
1.241103900873192334e+00
1.248440162146736920e+00
1.256086238986681591e+00
1.263960338473395062e+00
1.272112106657280028e+00
1.280807939756549052e+00
1.289879719616299658e+00
1.299240823457840088e+00
1.308998006296265171e+00
1.319522980257590739e+00
1.330326408199052679e+00
1.341453687462420774e+00
1.353393353252432929e+00
1.365874616487332771e+00
1.378472523367832769e+00
1.391588328094031324e+00
1.405287178705105777e+00
1.419037170930634861e+00
1.433044683581637946e+00
1.447356042560183464e+00
1.461764459927754833e+00
1.476176146022594393e+00
1.490676110482356709e+00
1.505148101272196115e+00
1.519529330135013012e+00
1.533820563708409468e+00
1.547936000832413894e+00
1.561854142529997214e+00
1.575573654544894842e+00
1.588994890470299959e+00
1.602143070564228999e+00
1.615004531015986400e+00
1.627514875397538363e+00
1.639686987269751928e+00
1.651480824562396199e+00
1.662881664389847858e+00
1.673804751628682030e+00
1.684285472432573760e+00
1.694240749543697300e+00
1.703576347410101333e+00
1.712482119366600442e+00
1.720643719621936851e+00
1.728317015324688732e+00
1.735352229880503305e+00
1.741865113093021389e+00
1.747787811921919010e+00
1.753134829481458157e+00
1.757965541245726682e+00
1.762268242974087018e+00
1.766062880449762673e+00
1.769368081879768351e+00
1.772232873201221581e+00
1.774766811004448330e+00
1.776710092682791675e+00
1.778433327198793323e+00
1.779752530234613994e+00
1.780616002970214939e+00
1.781190434329702477e+00
1.781393643194686849e+00
1.781175888684315201e+00
1.780553922950550039e+00
1.779573554825876647e+00
1.778214793954132844e+00
1.776467889746797812e+00
1.774348444866187924e+00
1.771863730603656872e+00
1.769031438957616498e+00
1.765855839507286307e+00
1.762360084619159384e+00
1.758543164032281059e+00
1.754416446694521792e+00
1.749980008236258877e+00
1.745245459568642854e+00
1.740250817009548312e+00
1.734938031867365504e+00
1.729398794397037475e+00
1.723646119018678036e+00
1.717603530389187672e+00
1.711327838078701813e+00
1.704713798201139552e+00
1.697895490439283117e+00
1.690785238576495431e+00
1.683379212350660126e+00
1.675657753120811222e+00
1.667580242602193064e+00
1.659118302890371766e+00
1.650203789894033823e+00
1.640863123733553364e+00
1.631079623279139579e+00
1.620788324836689442e+00
1.609929013438989864e+00
1.598397095804001689e+00
1.586698222448051254e+00
1.573658184258670323e+00
