1.571679987861073879e+00
1.572429942728505559e+00
1.571288287113585369e+00
1.568404237671416679e+00
1.564215243738064087e+00
1.559071834172351068e+00
1.553136961712178410e+00
1.546481942132951648e+00
1.539152948133138077e+00
1.531129171925599719e+00
1.522364801892029273e+00
1.512879180971616444e+00
1.502623100335256590e+00
1.491643424932230122e+00
1.479924038601222236e+00
1.467577848155492637e+00
1.454646604402183963e+00
1.441132229999970926e+00
1.427240674508347906e+00
1.413049146818048385e+00
1.398713418713485757e+00
1.384451678229011051e+00
1.370396432135945863e+00
1.356621306782454850e+00
1.343155856391220704e+00
1.330061268964308097e+00
1.317445677343697330e+00
1.305379949638023396e+00
1.292987264066655539e+00
1.280944483403936296e+00
1.269367539002147938e+00
1.258029928910864070e+00
1.247299996291148849e+00
1.237143436980956412e+00
1.227799254730541190e+00
1.218926627038977584e+00
1.210534337607126032e+00
1.202277135847182432e+00
1.193732827772299609e+00
1.185748074027964893e+00
1.178389038775534914e+00
1.171333834592771295e+00
1.165034174803305067e+00
1.158985790436591889e+00
1.153182325906397354e+00
1.147661439293943708e+00
1.142018992007427958e+00
1.136357779817195546e+00
1.131324843089294596e+00
1.126602621405315974e+00
1.122365042525482526e+00
1.118603679118606253e+00
1.115013358423946999e+00
1.111453780822399873e+00
1.107881380289892137e+00
1.104290017033509708e+00
1.100533495260460626e+00
1.096890636006206066e+00
1.093402244890997688e+00
1.090028797530006033e+00
1.086749379866656318e+00
1.083425165543272062e+00
1.080188759228625672e+00
1.077145999274585986e+00
1.074141666936053285e+00
1.071078740288268438e+00
1.068051696521028937e+00
1.065282314106642758e+00
1.062347005431641289e+00
1.059372113490147038e+00
1.056448162493997645e+00
1.053464778449098249e+00
1.050214775643177223e+00
1.046773358584922153e+00
1.043312265498686608e+00
1.039599328680413048e+00
1.036043525300283763e+00
1.032502077284950914e+00
1.029119928499194092e+00
1.026295499536611144e+00
1.023678393411028287e+00
1.021055031586949324e+00
1.018173544786579399e+00
1.015334340654277190e+00
1.012425542531866451e+00
1.009355462142676130e+00
1.005771578933497334e+00
1.002355265417024466e+00
9.991929670002055452e-01
9.961778732956807492e-01
9.932675610839477587e-01
9.903774000845129155e-01
9.878569079267451869e-01
9.860481622315363515e-01
9.843867290202885645e-01
9.829253847888159701e-01
9.815173098844921507e-01
9.802086548593924586e-01
9.789907731119740220e-01
9.778534613174879597e-01
9.766902825545356048e-01
9.753214319756453587e-01
9.741421519168079746e-01
9.732238508783517261e-01
9.722875819680988352e-01
9.717421967104981073e-01
9.715969472239008864e-01
9.714534571368572680e-01
9.719541242413008986e-01
9.728268332205362023e-01
9.735548753596010574e-01
9.744767530392212107e-01
9.755794515883703388e-01
9.765621338921673944e-01
9.775945775267044224e-01
9.786581207753535239e-01
9.793342521436613213e-01
9.798488951011480319e-01
9.807229960207549668e-01
9.815899687409638252e-01
9.824602023632091896e-01
9.834088630548762922e-01
9.844375124770219365e-01
9.855094651860869526e-01
9.866241704564348014e-01
9.890004104280970543e-01
9.913316890804163561e-01
9.937377563921133694e-01
9.965866364612271378e-01
9.997158014797334902e-01
1.002931698307945485e+00
1.006081776878462453e+00
1.009449500979817893e+00
1.013012968804262615e+00
1.015655299949450585e+00
1.018306480202615161e+00
1.020649463976269100e+00
1.022802251194151912e+00
1.024988029985290261e+00
1.027209130825797345e+00
1.029167139885614368e+00
1.030879835612978690e+00
1.032661159669113760e+00
1.034864175526084118e+00
1.037317592481367345e+00
1.039784935273035726e+00
1.042313406411884857e+00
1.044846841382963687e+00
1.047397060894383447e+00
1.049845343355580551e+00
1.052279282140877736e+00
1.054790567888291841e+00
1.057333952526050558e+00
1.059660009854193508e+00
1.061873626012260985e+00
1.064142290575529781e+00
1.066485613990406200e+00
1.068845591521684346e+00
1.071107209143039807e+00
1.072883540523222878e+00
1.074559965465074818e+00
1.076286754159008208e+00
1.078111956849352682e+00
1.080152897864255168e+00
1.081269501904658314e+00
1.082163440318166359e+00
1.083177380031956627e+00
1.084064163938674552e+00
1.084900596063948397e+00
1.085438384803343315e+00
1.085280937370991294e+00
1.085030602559357016e+00
1.084762165548952773e+00
1.084290315994211218e+00
1.083739536997123887e+00
1.082999941913610265e+00
1.082204372480264576e+00
1.081365574260529261e+00
1.080562301978183815e+00
1.079718161537203569e+00
1.078877391651561046e+00
1.077960197731470560e+00
1.076973120295118491e+00
1.075957992688968190e+00
1.074893447148910663e+00
1.073223675319951553e+00
1.071240638310662296e+00
1.069232483462522199e+00
1.067050421169245977e+00
1.064714944804305619e+00
1.062242707285800725e+00
1.059639568934435339e+00
1.056958901272482931e+00
1.054170714973752032e+00
1.051283852042575351e+00
1.048554884067698589e+00
1.045966710415276113e+00
1.043275681297264335e+00
1.040539241413634297e+00
1.037774023949184166e+00
1.035107555659153800e+00
1.032764798978495602e+00
1.030377568341343864e+00
1.027964956480554859e+00
1.025487793626534971e+00
1.023055701608758472e+00
1.020789914027852907e+00
1.018467515278078439e+00
1.016101890059098789e+00
1.013794768905857069e+00
1.011689524771731019e+00
1.010063812987016529e+00
1.008413432122478026e+00
1.006826492595707112e+00
1.005168345788082673e+00
1.003700233766233962e+00
1.002543451109768391e+00
1.001399680247935020e+00
1.000287418241321502e+00
9.991945034584972518e-01
9.983765097450176818e-01
9.977337060707534011e-01
9.970372943327081572e-01
9.964057885047487018e-01
9.957933048311341517e-01
9.953578382810115421e-01
9.950573978665130381e-01
9.947797835774907504e-01
9.944915655493916651e-01
9.942832267052947870e-01
9.942514196585340303e-01
9.942385739961180358e-01
9.942340097098429919e-01
9.942553797174517038e-01
9.945395412999619156e-01
9.950008663823879385e-01
9.954852195679882998e-01
9.959934254442872614e-01
9.965013687775438056e-01
9.971312955135690492e-01
9.978331425093204254e-01
9.985485758633774189e-01
9.993303047596215904e-01
1.000239306063314126e+00
1.001239297460771116e+00
1.002248784668569037e+00
1.003268339697245048e+00
1.004300310248530614e+00
1.005265638433305408e+00
1.006224161108228765e+00
1.007137385229375681e+00
1.008099582226057889e+00
1.008924458816257141e+00
1.009571198265669212e+00
1.010213972496096568e+00
1.010817591870103671e+00
1.011414691821108880e+00
1.012068578622639325e+00
1.012723306774879761e+00
1.013395552796028554e+00
1.014109221057695409e+00
1.014788481058990888e+00
1.015463863713532700e+00
1.016138256549086183e+00
1.016848944029673740e+00
1.017394353242270899e+00
1.017829651919570200e+00
1.018286201643739730e+00
1.018750761407728911e+00
1.019287398249468124e+00
1.019882139196666593e+00
1.020484410742996451e+00
1.021108909912779916e+00
1.021776941820654816e+00
1.022441042349177209e+00
1.023110647941092299e+00
1.023813917058562506e+00
1.024523268283313859e+00
1.025214703348346523e+00
1.025916244308860525e+00
1.026634907426072996e+00
1.027363113683808837e+00
1.028061672094348511e+00
1.028750353899524628e+00
1.029438003329407714e+00
1.030072238064615231e+00
1.030609932223613301e+00
1.031179610855402995e+00
1.031742968103403602e+00
1.032269489407437124e+00
1.032810896785905763e+00
1.033361431158567711e+00
1.034037235800137067e+00
1.034853184330571718e+00
1.035706591193604087e+00
1.036589284751112894e+00
1.037560682800652057e+00
1.038611380450839450e+00
1.039696244587534180e+00
1.040883746044750646e+00
1.042348490604033673e+00
1.043893255654293029e+00
1.045504225939775766e+00
1.047336786389276186e+00
1.049369184153841950e+00
1.051466171794284588e+00
1.053703116489541847e+00
1.056219154680147154e+00
1.058949103430151473e+00
1.061831865044664092e+00
1.064857249986931098e+00
1.068298379821186028e+00
1.071990255905088674e+00
1.075870169004246701e+00
1.080083591873792548e+00
1.084878450819733997e+00
1.089965423389569255e+00
1.095327547377351829e+00
1.101363380060542463e+00
1.107998618337521446e+00
1.115006532213082435e+00
1.122632148000414665e+00
1.131437041061899906e+00
1.140822032041856504e+00
1.150861553198281761e+00
1.162023582530282928e+00
1.174326075759275056e+00
1.187366570986687409e+00
1.201355448370449830e+00
1.216539027720070054e+00
1.232673087093753006e+00
1.249715989993202880e+00
1.268009996063471201e+00
1.287349492564921594e+00
1.307543805244055113e+00
1.328660501409571371e+00
1.350550796805570997e+00
1.373101624255548714e+00
1.396359358338131740e+00
1.419961944140369470e+00
1.443855723788842971e+00
1.467487112983996145e+00
1.490890975039429911e+00
1.514010251337693624e+00
1.536320589583988649e+00
1.558117680152653728e+00
1.578541642054270833e+00
1.597791637102058182e+00
1.616096068430737498e+00
1.633011447079851575e+00
1.649123284208776408e+00
1.663307028513777208e+00
1.676590088570094172e+00
1.688724169942307229e+00
1.700006600562677939e+00
1.709773912492430048e+00
1.718714936312131014e+00
1.726611549365681286e+00
1.733545565536148469e+00
1.739472376226492756e+00
1.744439832972131343e+00
1.748679701222904947e+00
1.751943682921289547e+00
1.754518237245513257e+00
1.756251046718719122e+00
1.757417460451943247e+00
1.757911576634843431e+00
1.757755769650140909e+00
1.757155807776775491e+00
1.756051402162885910e+00
1.754393757395501074e+00
1.752310532352409744e+00
1.749791460395106135e+00
1.746811252939132642e+00
1.743372006144059405e+00
1.739447378769243269e+00
1.735106631477459027e+00
1.730383900648655882e+00
1.725297741661384388e+00
1.719898319612992887e+00
1.714173026154081070e+00
1.708200077290269236e+00
1.702037949891376023e+00
1.695620992137619298e+00
1.688873626233963865e+00
1.682015332214102266e+00
1.674926815195799668e+00
1.667662275136874150e+00
1.660180556952965736e+00
1.652481207589906020e+00
1.644677240654201844e+00
1.636752398125862928e+00
1.628784297385649671e+00
1.620828956853786140e+00
1.612913539715354450e+00
1.604936645056615596e+00
1.596998838799357001e+00
1.588634562458076438e+00
1.579990564501705608e+00
1.570896605889588571e+00
