2.352825927477936840e+00
2.347609627994961201e+00
2.342221961343369241e+00
2.337307999798504454e+00
2.332795988662148545e+00
2.328605576908787889e+00
2.324543467096655824e+00
2.320497499478856973e+00
2.316402514777816002e+00
2.312192681556513030e+00
2.307814558606372746e+00
2.303264355015198550e+00
2.298518858402117448e+00
2.293581364534319267e+00
2.288457032156661963e+00
2.283149727625118253e+00
2.277684195453720584e+00
2.272063820077258267e+00
2.266311740556084864e+00
2.260445007372702264e+00
2.254484217689148640e+00
2.248437515456558788e+00
2.242335284681179708e+00
2.236206337424076818e+00
2.230082511141435297e+00
2.223990308235459956e+00
1.294331647952050357e+00
1.282544503405635083e+00
1.270923376742165045e+00
1.259517892972111808e+00
1.248287233284415265e+00
1.237140509517919318e+00
1.226118340807518026e+00
1.215177703480505134e+00
1.204516741066777419e+00
1.194004427246612376e+00
1.183866914593743935e+00
1.174055519525414537e+00
1.164551667217433417e+00
1.155403171299734577e+00
1.146635952698059846e+00
1.138229829582846575e+00
1.130210740087737475e+00
1.122648012756456648e+00
1.115435324422345387e+00
1.108788084743132840e+00
1.102493910698756796e+00
1.096737755567653849e+00
1.091226564750892303e+00
1.085905995963176052e+00
1.080899804451273871e+00
1.076065489317462376e+00
1.071453619916417299e+00
1.067095969782345222e+00
1.063009663651089509e+00
1.059215098913733888e+00
1.055633972614620886e+00
1.052327947789473583e+00
1.049227091825232439e+00
1.046550957464089215e+00
1.044081720697839222e+00
1.041795517576785679e+00
1.039760486203610501e+00
1.037882170143325844e+00
1.036209125908592821e+00
1.034662743078626379e+00
1.033331891669963420e+00
1.032063929411578096e+00
1.031076019243123643e+00
1.030182930875872760e+00
1.029441222369455566e+00
1.028872551441923022e+00
1.028427613486320169e+00
1.028214450589617357e+00
1.028110330721454524e+00
1.028121107948978041e+00
1.028221019081784648e+00
1.028332025177929321e+00
1.028509613980467030e+00
1.028594097621064796e+00
1.028733238402977035e+00
1.028847038184129925e+00
1.028940110037446454e+00
1.029033132817327223e+00
1.029158912527429637e+00
1.029292296922231564e+00
1.029539039731959926e+00
1.029761319833827349e+00
1.030045430364547654e+00
1.030333093263860356e+00
1.030751516755937125e+00
1.031218495732282081e+00
1.031783579239608395e+00
1.032462533305734231e+00
1.033119375663022588e+00
1.033911533483776068e+00
1.034736486605900563e+00
1.035584295787105980e+00
1.036493069283778379e+00
1.037401205415505512e+00
1.038372657621133843e+00
1.039419860461106460e+00
1.040471102328862640e+00
1.041476689494431618e+00
1.042460123794302085e+00
1.043444980061889016e+00
1.044377287076112548e+00
1.045272467350441215e+00
1.046162663516291946e+00
1.047173269647921678e+00
1.048095846249688767e+00
1.049130208954747401e+00
1.050347046879947621e+00
1.051488238287376475e+00
1.052715210223791553e+00
1.054025978397109764e+00
1.055395445727946635e+00
1.056833030120602590e+00
1.058266922559201184e+00
1.059697010123584970e+00
1.061089779593618720e+00
1.062475814638580651e+00
1.063864985169288291e+00
1.065254675627569814e+00
1.066647345511317457e+00
1.068083121956986181e+00
1.069506677695678531e+00
1.070947539241056790e+00
1.072421831655909541e+00
1.073898003908972942e+00
1.075417782717064341e+00
1.076928628081492256e+00
1.078360983124085903e+00
1.079758079736087506e+00
1.081119451882057270e+00
1.082475144801995359e+00
1.083721486053824679e+00
1.084896807978412925e+00
1.086067039109825494e+00
1.087208932939877082e+00
1.088220976082166169e+00
1.089130169673509840e+00
1.090051495145663685e+00
1.090970583228364932e+00
1.091804521189741362e+00
1.092502826434341712e+00
1.093218605384443487e+00
1.093939084981596643e+00
1.094664441353019990e+00
1.095394637288274353e+00
1.096115175512237139e+00
1.096834508403180086e+00
1.097552446865040165e+00
1.098390228110607714e+00
1.099386012043488625e+00
1.100366663646507481e+00
1.101352249578438025e+00
1.102337944517694401e+00
1.103473217766756109e+00
1.104720803539604557e+00
1.105974139681392909e+00
1.107237041592105786e+00
1.108506565050369375e+00
1.109865170535754730e+00
1.111265544182569176e+00
1.112672023150187650e+00
1.114092511885125703e+00
1.115554682174385581e+00
1.116847547549348674e+00
1.118052304241418105e+00
1.119255219410927094e+00
1.120461932379481329e+00
1.121713945680002267e+00
1.122604553837037944e+00
1.123309595947996842e+00
1.124022821952487483e+00
1.124741424873207274e+00
1.125469452187198405e+00
1.126135448786384607e+00
1.126760903898333277e+00
1.127379731680544950e+00
1.127999352554480694e+00
1.128628120186651040e+00
1.129222200294051071e+00
1.129810833829641759e+00
1.130408481422918499e+00
1.131011259280597425e+00
1.131603886691840311e+00
1.132012480340291338e+00
1.132297562640615540e+00
1.132601370127877871e+00
1.132908079949753288e+00
1.133214860297886650e+00
1.133476490558760874e+00
1.133708563984303863e+00
1.133936084648756060e+00
1.134165947981204070e+00
1.134412308307624295e+00
1.134754092119410140e+00
1.135137297321135552e+00
1.135538117644780076e+00
1.135957004801029013e+00
1.136325660931849280e+00
1.136465560676542585e+00
1.136576827339151663e+00
1.136699320760085508e+00
1.136847541486464275e+00
1.136993296214754867e+00
1.137079603163525077e+00
1.137147378260565445e+00
1.137221399390557552e+00
1.137321540999102654e+00
1.137366417274119579e+00
1.137347120079131413e+00
1.137321791646879854e+00
1.137294729050350783e+00
1.137271386931233641e+00
1.137207989542247333e+00
1.137114901459600036e+00
1.137020634358219651e+00
1.136915398985677950e+00
1.136793575372639253e+00
1.136561603895386519e+00
1.136314942003622930e+00
1.136067784136694847e+00
1.135814260712330936e+00
1.135576847813564827e+00
1.135421905124401887e+00
1.135302148252279375e+00
1.135180332056246133e+00
1.135039915715541081e+00
1.135206001494133421e+00
1.135507004754713334e+00
1.135804792793867479e+00
1.136138949908901408e+00
1.136497250200674047e+00
1.137042558971547601e+00
1.137596155636824813e+00
1.138160900272794152e+00
1.138742015220130854e+00
1.139338010103814636e+00
1.139944721147561513e+00
1.140572693403982818e+00
1.141211094290606631e+00
1.141866261898649482e+00
1.142244047975344401e+00
1.142639524619719849e+00
1.143035507342092139e+00
1.143456180412777190e+00
1.143722338536988126e+00
1.143871835550859695e+00
1.144058154284375295e+00
1.144250997343533749e+00
1.144435663907299006e+00
1.144667351613673389e+00
1.144901103320136837e+00
1.145131594169924716e+00
1.145385760730250446e+00
1.145767302706169666e+00
1.146172518600063972e+00
1.146591491403202046e+00
1.147028054297556610e+00
1.147555712431553632e+00
1.148160253672707354e+00
1.148782636185574635e+00
1.149414266048326416e+00
1.150165984280102194e+00
1.151141306920110852e+00
1.152135024426467202e+00
1.153179059474206403e+00
1.154270147699004712e+00
1.155504948589132885e+00
1.156792945651920368e+00
1.158108041573413072e+00
1.159456293286627471e+00
1.161050673311025294e+00
1.162717567349865755e+00
1.164432981036554127e+00
1.166196061289966002e+00
1.167974448501700513e+00
1.169809556892034585e+00
1.171695210374758211e+00
1.173664848547914419e+00
1.175734144416038740e+00
1.177835683264350397e+00
1.180002634574171427e+00
1.182348393799890651e+00
1.184862573775502526e+00
1.187429110045567615e+00
1.190063273075752770e+00
1.192606239340638918e+00
1.195229138757463394e+00
1.197936443861604472e+00
1.200671918461362786e+00
1.203411286915882394e+00
1.206268794914040932e+00
1.209180701274464420e+00
1.212313395254474013e+00
1.215661012876225522e+00
1.219125345341556921e+00
1.222751209456386823e+00
1.226699337678594404e+00
1.230824137862992718e+00
1.235060949026441257e+00
1.239453324704118176e+00
1.244148246801833446e+00
1.249030447194251048e+00
1.254053058225061301e+00
1.259234079283537922e+00
1.264671979255236334e+00
1.270324032499849709e+00
1.276135400436552825e+00
1.282123055417105695e+00
1.288407148124695478e+00
1.294913041489464289e+00
1.301613089654248601e+00
1.308519991871253785e+00
1.315831127694587765e+00
1.323250739033137169e+00
1.330871745140276730e+00
1.338829188471894804e+00
1.347174356549128538e+00
1.355691693871317716e+00
1.364416028064901365e+00
1.373629794893155953e+00
1.383191047563119724e+00
1.392909518918493683e+00
1.402897020108914594e+00
1.413479353068443078e+00
1.424309287461844820e+00
1.435232522662938770e+00
1.446581938185277139e+00
1.458425620622042951e+00
1.470310417933401226e+00
1.482309909981161855e+00
1.495074224168460475e+00
1.507771753253856151e+00
1.520362553777571568e+00
1.533649360621069935e+00
1.546678264849067785e+00
1.559557479870331775e+00
1.572450590750469557e+00
1.585059336769872651e+00
1.597368398969748471e+00
1.609426825360371405e+00
1.621068946954637546e+00
1.632350612844386317e+00
1.643252001651718253e+00
1.653698764474202276e+00
1.663619429492561919e+00
1.673065727116661572e+00
1.682047894099786722e+00
1.690584042662606867e+00
1.698550381977085300e+00
1.705907132549226546e+00
1.712816734647229611e+00
1.719236177927975229e+00
1.725044481759230308e+00
1.730269621831433291e+00
1.734919690467623843e+00
1.739014909393375774e+00
1.742481825956227581e+00
1.745452619802623229e+00
1.747866619681375466e+00
1.749751485182219346e+00
1.751246105321633939e+00
1.752293735112918860e+00
1.752930369892592655e+00
1.753218476727067543e+00
1.753130267187425817e+00
1.752593622168845178e+00
1.751707035926879152e+00
1.750459586952621160e+00
1.748867473389087213e+00
1.746910961773247450e+00
1.744576646619812488e+00
1.741830778394158452e+00
1.738677750873240724e+00
1.735119479767794015e+00
1.731198250818448914e+00
1.726946785761982683e+00
1.722390396046797889e+00
1.717533176560986030e+00
1.712287356022700546e+00
1.706808344852124071e+00
1.701122222669634532e+00
1.695145225695310787e+00
1.688873072038971079e+00
1.682254791565016561e+00
1.675315068658893125e+00
1.667978886953363826e+00
1.660206403503472483e+00
1.651978802387449319e+00
1.643192782541196939e+00
1.633884778487310507e+00
1.623713462984871070e+00
1.612953755006148571e+00
1.600936773423627946e+00
1.587475954699350433e+00
1.568955358049207049e+00
