9.122774822821961838e-01
9.137621159105651092e-01
9.149326569179307977e-01
9.158555998172028811e-01
9.165724232107814728e-01
9.171048281519087464e-01
9.175461780629049491e-01
9.177303778847696325e-01
9.177095157251899948e-01
9.177582640249718482e-01
9.177671789874267683e-01
9.178674994080987526e-01
9.179671479985231919e-01
9.181495293395819379e-01
9.183719977348113739e-01
9.188062764718243347e-01
9.196670526459808093e-01
9.205119429225980809e-01
9.213895673903844674e-01
9.222509092353834426e-01
9.230403417155896850e-01
9.237562209949741199e-01
9.243614860398657873e-01
9.248176903821320183e-01
9.248948035810987678e-01
9.246156001916990830e-01
9.241088245921474931e-01
9.232611000036090587e-01
9.220628514740825121e-01
9.205233119888509563e-01
9.185210043161030624e-01
9.159921636413040913e-01
9.130034066983241381e-01
9.094999070708745803e-01
9.057030995784515204e-01
9.014734689663276290e-01
8.967831933672435474e-01
8.916555664774143963e-01
8.861767478438006274e-01
8.803989401056849795e-01
8.744019004085887836e-01
8.682180509999818385e-01
8.619337732393539397e-01
8.556994209874903001e-01
8.494312613500771825e-01
8.431117959323168876e-01
8.373195092636351866e-01
8.320214209511970216e-01
8.276111440123794516e-01
8.237883908955183632e-01
8.210544779032974416e-01
8.189859921871973647e-01
8.183042471489856418e-01
8.179937092400400012e-01
8.192101260815355390e-01
8.212750822021590569e-01
8.249982756961201646e-01
8.306831131503621402e-01
8.361635915042836542e-01
8.433086021327614867e-01
8.507468392521352341e-01
8.588486560706650730e-01
8.673211598540292444e-01
8.756100149009440337e-01
8.849279282459185936e-01
8.935854502447487802e-01
9.030868517442550703e-01
9.117394272508160258e-01
9.216555764650395943e-01
9.313516749777077663e-01
9.414656715677137688e-01
9.506277682431442111e-01
9.607019845605719865e-01
9.694286736357434764e-01
9.786452893576483847e-01
9.879137674147938641e-01
9.964821584954732803e-01
1.005194425948102266e+00
1.013416229535419433e+00
1.021930363060910008e+00
1.030417586675142383e+00
1.038710932772725526e+00
1.046583037602661914e+00
1.054369792358210045e+00
1.062744571385256132e+00
1.070578413213190361e+00
1.077695607412323175e+00
1.084423366763102692e+00
1.091232313941028265e+00
1.098336740094830732e+00
1.105026886556684795e+00
1.111164140985149373e+00
1.117098980197327007e+00
1.122736498202608457e+00
1.128352848160075972e+00
1.133698259379283257e+00
1.138603163645930838e+00
1.143397791822219345e+00
1.148130205331206133e+00
1.152524448771905519e+00
1.156834333434660245e+00
1.161105439169698883e+00
1.165065604013463263e+00
1.169018758762508936e+00
1.172610411425488053e+00
1.176353585175111904e+00
1.179962637720121332e+00
1.183221275738343126e+00
1.186304862919628889e+00
1.189284195314881387e+00
1.192333683195694549e+00
1.194699386246592443e+00
1.197153472660202445e+00
1.199103936873692433e+00
1.200052329787942629e+00
1.201212990581466578e+00
1.201602240366404395e+00
1.201391530632263338e+00
1.201171356235996690e+00
1.200399878460225223e+00
1.199175790731128677e+00
1.196879579415834449e+00
1.194310308758272043e+00
1.191444152098351417e+00
1.187116213717578583e+00
1.182117737637966126e+00
1.176352052741914012e+00
1.169793526682533225e+00
1.162717010083850866e+00
1.154921010631467349e+00
1.146669446489031241e+00
1.138092389684896011e+00
1.129103230999775276e+00
1.119389013362177554e+00
1.109559346991931372e+00
1.099690073033889215e+00
1.089285534920528153e+00
1.078705720526059508e+00
1.068770963859502876e+00
1.058302828787873962e+00
1.047841193825844508e+00
1.037355649390342860e+00
1.027477426195720689e+00
1.017712367626712577e+00
1.007861283682432552e+00
9.979787298865016032e-01
9.893732545335076622e-01
9.809105880070310146e-01
9.725734029549898407e-01
9.650217942643030122e-01
9.579667813680552424e-01
9.506407931506588582e-01
9.438760905860190675e-01
9.378119802758229095e-01
9.328073040891936563e-01
9.283464972454681385e-01
9.239600177678388704e-01
9.194739528065005718e-01
9.158347757289555524e-01
9.124684636074927857e-01
9.091498748624733395e-01
9.065068699695749688e-01
9.050192453305412332e-01
9.033727495340559965e-01
9.019426551706715145e-01
9.005311536260435235e-01
8.985019064139090350e-01
8.967463059033602413e-01
8.951169101640273906e-01
8.934049191434478843e-01
8.936989011475705569e-01
8.941733849273351131e-01
8.946288576470263765e-01
8.953338755078230626e-01
8.943233186550945124e-01
8.927333767184607582e-01
8.912301245899593161e-01
8.895750674811661041e-01
8.895150039175367951e-01
8.910454222615851183e-01
8.925290453976542082e-01
8.940680920350596583e-01
8.951343283446183685e-01
8.948509870286228685e-01
8.944148342579695266e-01
8.939936432169052205e-01
8.937142591656476176e-01
8.939452193650373468e-01
8.946247196491126097e-01
8.951955587390924007e-01
8.959278687966456545e-01
8.966832431924921520e-01
8.976127063008839668e-01
8.986836548925284385e-01
8.998222012715988427e-01
9.009620221833398723e-01
9.020821136491213865e-01
9.034691780469126243e-01
9.049132680167607523e-01
9.063452680521880689e-01
9.077652972655005925e-01
9.091991926385948330e-01
9.105784817579212209e-01
9.119569622588027391e-01
9.133486499677789805e-01
9.148031361331950828e-01
9.163418589858404184e-01
9.178871007211325539e-01
9.194448762285464261e-01
9.210535658658920433e-01
9.226750837086318269e-01
9.243148988729025239e-01
9.260138679945950635e-01
9.277280805713574718e-01
9.294162834431589637e-01
9.310860391441780903e-01
9.327874471797246159e-01
9.344944624108043607e-01
9.362205389788109677e-01
9.378517258184795313e-01
9.394435350004399776e-01
9.410462083148490864e-01
9.426663992099625355e-01
9.442160422690054622e-01
9.457161574234894674e-01
9.472389968357699530e-01
9.487672509133022736e-01
9.502560665137433915e-01
9.516637579866814578e-01
9.530808829474008981e-01
9.545096175712821651e-01
9.559296171037051648e-01
9.572980530288868195e-01
9.586611706219709816e-01
9.600435056187099914e-01
9.614360442949457797e-01
9.627761881258839471e-01
9.640746796976200628e-01
9.653816882176620151e-01
9.667176290238140846e-01
9.679482607949355666e-01
9.690959916325284640e-01
9.702687986725730962e-01
9.714615748144761476e-01
9.726044322068078118e-01
9.737361452507300452e-01
9.748822685381594022e-01
9.760608398195158575e-01
9.770983378727363666e-01
9.781505303918083261e-01
9.792124926563084975e-01
9.802562469025573044e-01
9.811372087635711337e-01
9.820029366533773452e-01
9.828919593143713440e-01
9.837254740114179663e-01
9.844284174468327375e-01
9.850869704289175743e-01
9.857550344439457435e-01
9.864188918921945604e-01
9.869438373559705768e-01
9.874359703509154595e-01
9.879471049465816668e-01
9.884196729206619070e-01
9.887046880116510117e-01
9.889780464573842966e-01
9.892674295701109344e-01
9.895730712614172475e-01
9.899221222372805995e-01
9.902835375808581864e-01
9.906585156233389533e-01
9.912012656484735507e-01
9.918638182180211649e-01
9.925508051871444470e-01
9.933537494936746093e-01
9.945579936841144608e-01
9.957685146874563076e-01
9.970336339999154029e-01
9.984544393517417182e-01
9.999510517518095387e-01
1.001491532283060204e+00
1.003098461758165083e+00
1.004928447098975441e+00
1.006867714023438776e+00
1.008876484367432491e+00
1.010817335939725226e+00
1.012621168525966509e+00
1.014495823760652504e+00
1.016442656700725200e+00
1.018697929083885123e+00
1.021150435307750071e+00
1.023694782562472039e+00
1.026314980903070939e+00
1.028987193539369516e+00
1.031799547106387882e+00
1.034714359595533706e+00
1.038037514833472841e+00
1.041674358659887778e+00
1.045441737003166338e+00
1.049353707497146182e+00
1.053521650445111035e+00
1.057886617452205025e+00
1.062419461975575796e+00
1.067306457386382190e+00
1.072412532048367728e+00
1.077771160497951630e+00
1.083391495489686385e+00
1.089289981292925535e+00
1.095486813606936893e+00
1.102160238430559103e+00
1.109512450439654074e+00
1.117221045183729666e+00
1.125377239215398895e+00
1.134626145760527338e+00
1.144341439790006465e+00
1.154608150573746439e+00
1.166085290600238578e+00
1.178344056776621018e+00
1.191266655626203264e+00
1.205210875984955798e+00
1.220152994275929492e+00
1.235826074489026372e+00
1.252482297098022501e+00
1.270161151130155819e+00
1.288564827733823970e+00
1.307920887995517756e+00
1.328185506884191680e+00
1.349033992876294441e+00
1.370625442280627215e+00
1.392805894623749818e+00
1.415335767580887527e+00
1.438147326442484664e+00
1.460992557786988444e+00
1.483783408409389271e+00
1.506284775237326956e+00
1.528161868220111907e+00
1.549612503305416888e+00
1.570194536643526151e+00
1.589915013764543916e+00
1.608857316400686299e+00
1.626503421674698302e+00
1.643235762064211292e+00
1.658948864788240218e+00
1.673451315421836227e+00
1.687132703196473793e+00
1.699580605747512241e+00
1.711277424490168952e+00
1.721896867658180286e+00
1.731791161793466927e+00
1.740684944626267550e+00
1.748662292668666796e+00
1.755891515302294481e+00
1.762255148492758217e+00
1.767868957142180175e+00
1.772631665802623990e+00
1.776628077751249091e+00
1.780098755138764810e+00
1.782708666613579407e+00
1.784778875594196901e+00
1.786306550905179202e+00
1.787108420253365804e+00
1.787524752168672793e+00
1.787317741444233610e+00
1.786770623381920053e+00
1.785705167737509536e+00
1.784190613898916533e+00
1.782372221137994428e+00
1.780076466999943374e+00
1.777431135463718226e+00
1.774504298856093731e+00
1.771236680455075652e+00
1.767605910023818838e+00
1.763695137104252186e+00
1.759493245960478847e+00
1.755001214569444690e+00
1.750214479593344752e+00
1.745136175704835590e+00
1.739774856202422448e+00
1.734129380540559540e+00
1.728218309617828741e+00
1.722047839753228393e+00
1.715639032035733091e+00
1.709025744810649616e+00
1.702214316304971442e+00
1.695147051773086000e+00
1.687904118336400527e+00
1.680552647687446832e+00
1.672971941358503356e+00
1.665214248266301267e+00
1.657274929908866268e+00
1.649138121214524189e+00
1.640875818751660331e+00
1.632515749840489194e+00
1.624135282030348071e+00
1.615793850595563574e+00
1.607336571164022176e+00
1.598777778023880103e+00
1.590185336560270501e+00
1.581404956361059044e+00
1.571932554047495989e+00
