2.358494813268632750e+00
2.359212331152437336e+00
2.356691287045981742e+00
2.351169500225864351e+00
2.343255983088616823e+00
2.333391307945293036e+00
2.321860725838329920e+00
2.308939222226416010e+00
2.294893939103654912e+00
2.280043084058658742e+00
2.264705752279160489e+00
2.249183753437090871e+00
2.233804872605506642e+00
2.218802280963628970e+00
2.204376923045781922e+00
2.190685840220774949e+00
2.177816848258872007e+00
2.165895364619390584e+00
2.154956546288143038e+00
1.148441345798589142e+00
1.130593012726750501e+00
1.114695637036474229e+00
1.100586015441961107e+00
1.088039045778002034e+00
1.076791375192106992e+00
1.066629279095120175e+00
1.057410677674218036e+00
1.049115132617821189e+00
1.041579030408712025e+00
1.034876790407962988e+00
1.028979680843496558e+00
1.023568796750506493e+00
1.019141589204944243e+00
1.015156038634902558e+00
1.011865219423069950e+00
1.009141230801200662e+00
1.006851816519283682e+00
1.004932972861388496e+00
1.003219777478479457e+00
1.001661300971564694e+00
1.000272527072399553e+00
9.989476143863280644e-01
9.977591323904632103e-01
9.967765715278825711e-01
9.961303743297819091e-01
9.956682739262221471e-01
9.955194950463209791e-01
9.954886026365102891e-01
9.956153439549170203e-01
9.957873397173372387e-01
9.962269602345599218e-01
9.967243659980149495e-01
9.973508737970815385e-01
9.981082704282758788e-01
9.990838083852678908e-01
1.000198555711428128e+00
1.001475297134509779e+00
1.002932144545080506e+00
1.004452612832997360e+00
1.005928308733374132e+00
1.007353632812176158e+00
1.008830402359081946e+00
1.010309699712915510e+00
1.011529759986799615e+00
1.012752633471866170e+00
1.014343109968819379e+00
1.015589415220366165e+00
1.016390470667884349e+00
1.017843057271980323e+00
1.019446633189413642e+00
1.019763352180414362e+00
1.021041782019054267e+00
1.023392939351227326e+00
1.023447421881028774e+00
1.024328979189939703e+00
1.026838454600761397e+00
1.027669480379728162e+00
1.028391076470680066e+00
1.030158142298147173e+00
1.031340336349183318e+00
1.032050921902350371e+00
1.032945163235589936e+00
1.033925077500656986e+00
1.034492280618902305e+00
1.034911383753462477e+00
1.035375737682878272e+00
1.035746750775005998e+00
1.036218848853762031e+00
1.036690967499644955e+00
1.037375042985958506e+00
1.038054703838421799e+00
1.038760409799475815e+00
1.039444539478149743e+00
1.040322106859984164e+00
1.041260256324421762e+00
1.042252902654424052e+00
1.043291514603154724e+00
1.044398721481019754e+00
1.045686930756333233e+00
1.047007146595337668e+00
1.048341647527106346e+00
1.049653221223026289e+00
1.050994774196011727e+00
1.052340864812788990e+00
1.053631330988510806e+00
1.054660839739172795e+00
1.055576034656422024e+00
1.056507654738658930e+00
1.057652706543447785e+00
1.058805502111249908e+00
1.059850704374934116e+00
1.060785772499978297e+00
1.061761180353873568e+00
1.062946860779197866e+00
1.064516856736944517e+00
1.066055928814644727e+00
1.067437172241695098e+00
1.068688107057162329e+00
1.069907875543381515e+00
1.071232478702869528e+00
1.072630735077706232e+00
1.073998592604646030e+00
1.075131263490524569e+00
1.075629782968386294e+00
1.076086631216982337e+00
1.076517479420973089e+00
1.077319372037226941e+00
1.078130070531819307e+00
1.078962380254139930e+00
1.079641983178520226e+00
1.080298170012848669e+00
1.080971255276208076e+00
1.081812072726024088e+00
1.083056187570045958e+00
1.084339715313894947e+00
1.085701591159065282e+00
1.086682886788221669e+00
1.087297529012554609e+00
1.087986084678929322e+00
1.088759018345685892e+00
1.090289038993329740e+00
1.092181048884089511e+00
1.094038916163591502e+00
1.095788732051109715e+00
1.096330676832379281e+00
1.096595769344204108e+00
1.096915209444967454e+00
1.097356011789107910e+00
1.098177000693775662e+00
1.099297527938046581e+00
1.100397320448065930e+00
1.101517414608500722e+00
1.102547431206837292e+00
1.102578416296864816e+00
1.102496167696540130e+00
1.102406759026353544e+00
1.102310425369968705e+00
1.102425618550491926e+00
1.103013837573244116e+00
1.103590651355877084e+00
1.104135459185676460e+00
1.104659876230184468e+00
1.104788231224971273e+00
1.104695849743580149e+00
1.104638803079366793e+00
1.104570185700727736e+00
1.104590405869070757e+00
1.104920476408889574e+00
1.105281092986244218e+00
1.105653643773364392e+00
1.106083501257113522e+00
1.106270619177103454e+00
1.106186625656726097e+00
1.106162969591627521e+00
1.106136671035907071e+00
1.106137568032057539e+00
1.106313046285276380e+00
1.106586545614783645e+00
1.106873029832106115e+00
1.107203429009837148e+00
1.107307247369168746e+00
1.107087938174758923e+00
1.106898276234086431e+00
1.106706932577072200e+00
1.106489298728591475e+00
1.106130536899137873e+00
1.105737547685162081e+00
1.105380220044466899e+00
1.105002144719493984e+00
1.104523799800143591e+00
1.103948732600457339e+00
1.103352936264201611e+00
1.102728732337383111e+00
1.102078694941511561e+00
1.101390391150838921e+00
1.100673873446106343e+00
1.099932987691685460e+00
1.099161372888302290e+00
1.098465255785311623e+00
1.097850639507517378e+00
1.097226098428222496e+00
1.096572251362988526e+00
1.096005491377743946e+00
1.095770405302125994e+00
1.095600050735502151e+00
1.095422042298481724e+00
1.095225895549940542e+00
1.094924746706631868e+00
1.094565509486983279e+00
1.094221252536696998e+00
1.093819143915786496e+00
1.093330433245315314e+00
1.092678826493752808e+00
1.092007480543647269e+00
1.091318171448898866e+00
1.090633563296644182e+00
1.090096926546014977e+00
1.089635337578927166e+00
1.089161331149254952e+00
1.088695147639045846e+00
1.088340409075013060e+00
1.088044816239687851e+00
1.087737494825724571e+00
1.087422450153074482e+00
1.087128604367558760e+00
1.086892385267651528e+00
1.086639615027234163e+00
1.086379991868600348e+00
1.086116381194993652e+00
1.085815498409923974e+00
1.085493043410613367e+00
1.085166091756593287e+00
1.084831105162507914e+00
1.084484432760532302e+00
1.084133781404320818e+00
1.083777946966878680e+00
1.083416585532292808e+00
1.083087500008885762e+00
1.082829145566847728e+00
1.082567710607487355e+00
1.082304845889394018e+00
1.082097576691809504e+00
1.082207871808185340e+00
1.082316039959456910e+00
1.082428936655778440e+00
1.082568629502409729e+00
1.082883888866145838e+00
1.083214293096637304e+00
1.083554277744494643e+00
1.083921383301948538e+00
1.084353355074583192e+00
1.084815709504185932e+00
1.085286048210708065e+00
1.085763100725882779e+00
1.086178431902767860e+00
1.086568959644825361e+00
1.086983495199304262e+00
1.087394380961519191e+00
1.088001322096986856e+00
1.088817256902260056e+00
1.089632262671985430e+00
1.090466399928676555e+00
1.091273289929174162e+00
1.092035627259633657e+00
1.092813695028588050e+00
1.093599159623580785e+00
1.094523673587851409e+00
1.095563322006313456e+00
1.096597000016916956e+00
1.097687056714426790e+00
1.098526150544571589e+00
1.099311410889616925e+00
1.100117659696952632e+00
1.100932475097522678e+00
1.101460750776372510e+00
1.101874998796161575e+00
1.102308982341221988e+00
1.102759986701413730e+00
1.103219383034146572e+00
1.103683608849959974e+00
1.104156992351712274e+00
1.104655671435568642e+00
1.105243253495478140e+00
1.105925338666712276e+00
1.106630594277844493e+00
1.107352649340238582e+00
1.108112066037714394e+00
1.108962505765306528e+00
1.109841929540781535e+00
1.110747966997077896e+00
1.111726475555392835e+00
1.112892684717537106e+00
1.114120434592106301e+00
1.115386477228422324e+00
1.116719154225646937e+00
1.118218362575306379e+00
1.119844581144283868e+00
1.121520840697869836e+00
1.123271219034973623e+00
1.125164547583211938e+00
1.127295248843714903e+00
1.129503306647564820e+00
1.131807899390739447e+00
1.134223807589928468e+00
1.136942232312170731e+00
1.139799941823118390e+00
1.142774975656476233e+00
1.145890710924578393e+00
1.149254876197449482e+00
1.152796464127378462e+00
1.156507010716989248e+00
1.160400220714089103e+00
1.164613123828642793e+00
1.169073197322660906e+00
1.173764191489476305e+00
1.178708987405690856e+00
1.184321720728468197e+00
1.190404367171100430e+00
1.196832388731383423e+00
1.203536663509608085e+00
1.211592232287519222e+00
1.220215516555698265e+00
1.229312913554620135e+00
1.239006669218783996e+00
1.249915253373850232e+00
1.261424579182644168e+00
1.273430466669096761e+00
1.286330508045276044e+00
1.300055498005022958e+00
1.314316004490974743e+00
1.329330497492759111e+00
1.345293661493837334e+00
1.361789527301857872e+00
1.378875652543346986e+00
1.396770566438362282e+00
1.415062985249790684e+00
1.433635839322014771e+00
1.452420849328750485e+00
1.471289818074722033e+00
1.490046951780082507e+00
1.508481863018142688e+00
1.526630545710687903e+00
1.544364777622138085e+00
1.561591959171639621e+00
1.578287990922258244e+00
1.594100366547297476e+00
1.609269050679510871e+00
1.623484326748234619e+00
1.636924295301622312e+00
1.649250302263246537e+00
1.660688131427427550e+00
1.671175295016229523e+00
1.680843796904007537e+00
1.689544134306578682e+00
1.697329889690802451e+00
1.704308180161371311e+00
1.710391455694426854e+00
1.715735786738665114e+00
1.720438416235282819e+00
1.724274738680527053e+00
1.727588875623859543e+00
1.730111690698141302e+00
1.732176207800530277e+00
1.733601139353296849e+00
1.734587868555934165e+00
1.734957199060489730e+00
1.734940505586196391e+00
1.734324977670534063e+00
1.733354563060871989e+00
1.731833434581836917e+00
1.729864564717763953e+00
1.727545884888580074e+00
1.724702975412329975e+00
1.721503289992992070e+00
1.717997116173590522e+00
1.714073590873852249e+00
1.709794948128681824e+00
1.705299723057869032e+00
1.700556266472318390e+00
1.695578672403645459e+00
1.690376516720592637e+00
1.684957863479942031e+00
1.679355243255193919e+00
1.673592427040713204e+00
1.667713619942598591e+00
1.661753133430030838e+00
1.655728774005640558e+00
1.649666568757662377e+00
1.643557623251445055e+00
1.637390603105065789e+00
1.631178724479599662e+00
1.624915178463346432e+00
1.618665905576681663e+00
1.612342547437954687e+00
1.605973326836409143e+00
1.599427126046792491e+00
1.592562056169425588e+00
1.585626794776015869e+00
1.578331060197238900e+00
1.570936786852636269e+00
