2.353291679248875390e+00
2.348961335913788417e+00
2.344077936166592213e+00
2.338850473481090653e+00
2.333161453242910799e+00
2.326930399513480907e+00
2.320028236157576362e+00
2.312377089246449469e+00
2.303950625896021620e+00
2.294755570736551231e+00
2.284810007107410890e+00
2.274202957207922982e+00
2.263005299778944490e+00
2.251300330444585107e+00
2.239191840415165835e+00
2.226813942335160945e+00
2.214321610842452603e+00
2.201908224603036590e+00
2.189758390602997373e+00
2.178004684406600333e+00
2.166761666116013618e+00
1.170621159228535157e+00
1.150591084431358269e+00
1.131868728185340567e+00
1.114435419850707598e+00
1.098265274306863049e+00
1.083320577208161328e+00
1.069667878407361439e+00
1.057116130621940986e+00
1.045711417228301965e+00
1.035260735074940097e+00
1.025889715949151793e+00
1.017497032505062515e+00
1.009966704765975276e+00
1.003393242246981343e+00
9.974757738107010718e-01
9.924048208034241814e-01
9.879028496759030276e-01
9.840552718339456995e-01
9.807305702978563744e-01
9.780672013407407661e-01
9.757220405095972104e-01
9.739150295806443536e-01
9.724584769206424673e-01
9.712797906702987927e-01
9.705422908503912316e-01
9.699431691252079490e-01
9.695954039908879496e-01
9.694744791878237011e-01
9.694363821172831130e-01
9.697186870684055826e-01
9.700794281330008539e-01
9.706390307918715266e-01
9.713034524255933500e-01
9.720749621944808627e-01
9.729685602789984733e-01
9.739798253425296926e-01
9.751674825006342306e-01
9.764110969618973179e-01
9.778448410246258771e-01
9.793148053934593866e-01
9.807867046938409938e-01
9.822468154753083436e-01
9.838756899932400435e-01
9.854151394266883468e-01
9.868124553777305463e-01
9.883880283149554247e-01
9.900648341553140996e-01
9.913355691966753147e-01
9.926596133077619788e-01
9.944997754659933298e-01
9.958243756299806071e-01
9.967940844378235798e-01
9.983573436479036278e-01
9.998942773578627374e-01
1.001140949497610899e+00
1.002671776774302526e+00
1.004281998104171070e+00
1.005818276876770723e+00
1.007418719274312924e+00
1.009083660243004221e+00
1.010737083945242976e+00
1.012370946686939499e+00
1.013957979559582334e+00
1.015523673108463809e+00
1.017057782036171254e+00
1.018608650416582107e+00
1.020131368778391501e+00
1.021660507185615074e+00
1.023167744169068749e+00
1.024650460308236477e+00
1.026089035492757651e+00
1.027473961783948564e+00
1.028920373686454948e+00
1.030356343626768867e+00
1.031857689639617437e+00
1.033454227009791726e+00
1.035028625122946133e+00
1.036732778027357416e+00
1.038477258961146843e+00
1.040160253358404896e+00
1.041930618191734048e+00
1.043640754436333085e+00
1.045350712479093280e+00
1.047036953362122880e+00
1.048725589823931825e+00
1.050380629420869294e+00
1.052029825090673887e+00
1.053737563210429773e+00
1.055432789959410922e+00
1.057134763649326015e+00
1.059009227057752023e+00
1.060900252616153283e+00
1.062768204412537720e+00
1.064513422027715484e+00
1.066220317960462349e+00
1.067935853529731416e+00
1.069678050489650811e+00
1.071391051939603045e+00
1.073163736663875767e+00
1.075018394325785387e+00
1.076845501403724148e+00
1.078722856458514512e+00
1.080776971048635016e+00
1.082922553825214296e+00
1.085070750871278911e+00
1.087144530479513760e+00
1.089133214868299060e+00
1.091194514668990312e+00
1.093200960593031734e+00
1.095143234512375496e+00
1.097107241750010731e+00
1.099107728469640666e+00
1.100803563426799192e+00
1.102226898653724252e+00
1.103658848952562055e+00
1.105111276222835448e+00
1.106960342875929149e+00
1.108947161467237041e+00
1.110969073081221836e+00
1.112721352881729686e+00
1.113493944887075981e+00
1.114050088769226621e+00
1.114613411420433575e+00
1.115526163941900073e+00
1.117591366878361248e+00
1.119859340864449049e+00
1.122154572736825395e+00
1.124290602054326849e+00
1.125132828805017526e+00
1.125482418576778221e+00
1.125873887046160204e+00
1.126253695621135753e+00
1.127155255335947848e+00
1.128783395538882850e+00
1.130375958450166252e+00
1.132023377918040641e+00
1.133459767327151368e+00
1.133880838924303136e+00
1.134156137595648373e+00
1.134448089674442439e+00
1.134749137964444987e+00
1.135313441867993101e+00
1.136140049718497247e+00
1.136960620350419227e+00
1.137807931715935084e+00
1.138520770067422694e+00
1.138896977577108061e+00
1.139287464221392820e+00
1.139682917853890753e+00
1.140093677600111377e+00
1.140533191128371815e+00
1.140967853015571576e+00
1.141382425043420801e+00
1.141879191477352729e+00
1.142225362533811461e+00
1.142296785558181815e+00
1.142393607956260881e+00
1.142503786659140763e+00
1.142661433282227357e+00
1.143057445701708863e+00
1.143486587904689600e+00
1.143903259286564555e+00
1.144353688518381595e+00
1.144842692481790714e+00
1.145358248800168566e+00
1.145865661456058060e+00
1.146397061636877934e+00
1.146902882978512839e+00
1.147281898259410182e+00
1.147734325487590690e+00
1.148200202508308454e+00
1.148627194213628133e+00
1.148918383430658219e+00
1.149200798264861767e+00
1.149493139139299958e+00
1.149792753010755897e+00
1.149888455705561752e+00
1.149676720533212348e+00
1.149492134121189890e+00
1.149296484297131382e+00
1.149078049657659584e+00
1.148691828164092765e+00
1.148277300085153163e+00
1.147851821200523093e+00
1.147431433279914037e+00
1.147055037067146621e+00
1.146708947767432596e+00
1.146363120726475726e+00
1.145982234140250355e+00
1.145659305354280066e+00
1.145536499570618982e+00
1.145424196452616616e+00
1.145281290308216571e+00
1.145117528246682337e+00
1.144982263554171764e+00
1.144845559255273981e+00
1.144707736601734860e+00
1.144568335232547751e+00
1.144498993071517923e+00
1.144484466430283787e+00
1.144473162859006576e+00
1.144457051711126994e+00
1.144518370395898987e+00
1.144848317642608748e+00
1.145157750905111183e+00
1.145483710738273597e+00
1.145822609671669934e+00
1.146332669050888819e+00
1.146859404668810978e+00
1.147394376992972864e+00
1.147943295793447227e+00
1.148632157056832304e+00
1.149423219459168033e+00
1.150222103586626909e+00
1.151036712538165974e+00
1.151846999483156164e+00
1.152604096926908239e+00
1.153382158353875475e+00
1.154169053705940584e+00
1.154973211772931885e+00
1.155585798476124193e+00
1.156196425980721143e+00
1.156816935789821477e+00
1.157443865047597997e+00
1.158089785509991865e+00
1.158755000353326237e+00
1.159427741530224321e+00
1.160122097722211310e+00
1.160763142429859895e+00
1.161204286481056114e+00
1.161660428534104339e+00
1.162134675736899103e+00
1.162616655198160931e+00
1.163429762041658044e+00
1.164259193342578103e+00
1.165112594998007678e+00
1.165976095539275059e+00
1.167028809367272046e+00
1.168186584897117797e+00
1.169343295769071478e+00
1.170530984756548376e+00
1.171917431094063877e+00
1.173644326410254513e+00
1.175395244230317493e+00
1.177200748811036979e+00
1.178900339189197899e+00
1.180390796639760431e+00
1.181920735931304645e+00
1.183464322750972242e+00
1.185166602334102537e+00
1.187019038146612582e+00
1.188916284982354465e+00
1.190871143487896910e+00
1.192741731861710397e+00
1.194577238538394370e+00
1.196461403559700765e+00
1.198394121302351900e+00
1.200376930973202860e+00
1.202402368451231496e+00
1.204477821383424185e+00
1.206618106184124573e+00
1.208734074060800356e+00
1.210675649841808532e+00
1.212645724151941051e+00
1.214674636568055188e+00
1.216765755068046628e+00
1.218932313911400112e+00
1.221158289875321046e+00
1.223445122172725164e+00
1.225799199660872363e+00
1.228250655465749519e+00
1.230801577264438285e+00
1.233419561218340510e+00
1.236116497292000016e+00
1.238790413494259335e+00
1.241315556706155343e+00
1.243921126776962982e+00
1.246600095081933590e+00
1.249379907981575277e+00
1.252366915525700009e+00
1.255486308806573970e+00
1.258708019161456360e+00
1.262031927905530537e+00
1.265714726789385347e+00
1.269775687017309806e+00
1.273927292655919530e+00
1.278230775577675393e+00
1.282752177153405615e+00
1.287621481370924581e+00
1.292629829109032347e+00
1.297813908465878407e+00
1.303228268172908599e+00
1.308987013668917676e+00
1.314931877752648859e+00
1.321092450922010775e+00
1.327496271798914051e+00
1.334354607956796501e+00
1.341426208530035913e+00
1.348735866757683644e+00
1.356333149379535197e+00
1.364578586727740239e+00
1.373044248924908173e+00
1.381726527185639819e+00
1.390894513502157981e+00
1.400706207166419359e+00
1.410708835292415309e+00
1.420855994349591978e+00
1.431738861218027070e+00
1.442859073488168331e+00
1.454098946182315499e+00
1.465565617583928226e+00
1.477272762736346667e+00
1.489008598236593928e+00
1.500732066539568255e+00
1.512435935182006475e+00
1.524012827088330191e+00
1.535474695606777740e+00
1.546899823502756899e+00
1.558075150268267484e+00
1.569094443898383817e+00
1.579911613173262896e+00
1.590411528174733524e+00
1.600699998304483396e+00
1.610705886824141730e+00
1.620310117083308743e+00
1.629442744741202986e+00
1.638135247686215434e+00
1.646448675607628420e+00
1.654340613470782539e+00
1.661645073630581004e+00
1.668419892100868607e+00
1.674787011766583067e+00
1.680714940057950857e+00
1.685982622268902276e+00
1.690775321177405033e+00
1.695073013375009596e+00
1.698792380741941610e+00
1.701980066461213470e+00
1.704847594063837679e+00
1.707091777050116832e+00
1.708959153144921750e+00
1.710303187289487381e+00
1.711275527751960901e+00
1.711683850683383579e+00
1.711769599591799418e+00
1.711412810349843161e+00
1.710695149433590911e+00
1.709703113682430109e+00
1.708310689309065600e+00
1.706684754333598120e+00
1.704787597712857927e+00
1.702533861399139870e+00
1.700024608562126893e+00
1.697302307034942670e+00
1.694387472227434577e+00
1.691253174616990540e+00
1.687970977898584080e+00
1.684589509213117120e+00
1.681139742348294108e+00
1.677612453240745483e+00
1.674005855951918420e+00
1.670263951876523434e+00
1.666466402819183124e+00
1.662584842117646122e+00
1.658573356621216632e+00
1.654402259065717029e+00
1.650074017395014359e+00
1.645560543178451907e+00
1.640839082755130462e+00
1.635864174212544375e+00
1.630598798094818003e+00
1.624992620256543896e+00
1.619047604389111772e+00
1.612585187810591236e+00
1.605738325961588941e+00
1.598073575616835607e+00
1.589895024177805816e+00
1.581142633833006794e+00
1.570195679188583826e+00
