2.352029918664340524e+00
2.346638971186493450e+00
2.341533180838564210e+00
2.336898658849514199e+00
2.332462101827258660e+00
2.327991865075015099e+00
2.323302425883524869e+00
2.318280561581424593e+00
2.312842801490647915e+00
2.306967493350851051e+00
2.300626538481669314e+00
2.293818184147709438e+00
2.286574480352872918e+00
2.278923583081064130e+00
2.270896952881245490e+00
1.383508165904397957e+00
1.366286967857600176e+00
1.348650700059621066e+00
1.330750923669149266e+00
1.312712815422000912e+00
1.294658344264817629e+00
1.276719274148992334e+00
1.259038634780178523e+00
1.241750193163329019e+00
1.224941994912324139e+00
1.208686010592029625e+00
1.193081935204682420e+00
1.178242764010086097e+00
1.164103875224614004e+00
1.150744653379493165e+00
1.138061787815846548e+00
1.126259504682295187e+00
1.115225034054829534e+00
1.105026691521178828e+00
1.095828451745375132e+00
1.087199236128560065e+00
1.079539988740619627e+00
1.072414016374434009e+00
1.065921870309969099e+00
1.059901859578000094e+00
1.054399646865448403e+00
1.049261627956186826e+00
1.044591843350094695e+00
1.040324896051080916e+00
1.036373224589682840e+00
1.032828556734463055e+00
1.029504221601279301e+00
1.026521554310342088e+00
1.023802398574338968e+00
1.021311438061054178e+00
1.019099806929295360e+00
1.017091545951481546e+00
1.015305478911406434e+00
1.013719134482043094e+00
1.012357333122846814e+00
1.011102123199448588e+00
1.010010284949088177e+00
1.008956012961615745e+00
1.007944173354651252e+00
1.006975882106451614e+00
1.006098219153743534e+00
1.005390236995209463e+00
1.004834438335463709e+00
1.004599841989094910e+00
1.004471589756236849e+00
1.004522871985319865e+00
1.004875255201550743e+00
1.005359386300295421e+00
1.005720084943462656e+00
1.006218838134194549e+00
1.007124012413358694e+00
1.007591186708300723e+00
1.007687727613299611e+00
1.008490786554811613e+00
1.009483207608865118e+00
1.010441611614199209e+00
1.011499538851244218e+00
1.012578160449820297e+00
1.014054321859329644e+00
1.015508355248627481e+00
1.017011492740920175e+00
1.018577482389524169e+00
1.020302183703480692e+00
1.021989892358544427e+00
1.023657247382220969e+00
1.025398261559602897e+00
1.027116646435898728e+00
1.028740274926459142e+00
1.030301393209559269e+00
1.031814608651605569e+00
1.033309771492976203e+00
1.034787581926777777e+00
1.036227400292315304e+00
1.037747006852904219e+00
1.039243897388580251e+00
1.040767040554834599e+00
1.042431004846604337e+00
1.044023270223668476e+00
1.045777865982157273e+00
1.047558964354915689e+00
1.049296721760011097e+00
1.051069691732765543e+00
1.052831026481385379e+00
1.054568560893003326e+00
1.056326184991454475e+00
1.058026000685159396e+00
1.059663042130875699e+00
1.061283747881459183e+00
1.062908333074614964e+00
1.064544427012445338e+00
1.066172228719680648e+00
1.067746084976259224e+00
1.069336948145631183e+00
1.070917199938419051e+00
1.072459618542364046e+00
1.073976682168302998e+00
1.075489269878027176e+00
1.076889554036501773e+00
1.078249823743285596e+00
1.079633245604099789e+00
1.080996177310004525e+00
1.082342808543637069e+00
1.083691800539994698e+00
1.084984723805338946e+00
1.086248544411545280e+00
1.087517502611268005e+00
1.088768276944224400e+00
1.089980924043128629e+00
1.091187103866433361e+00
1.092387653698212446e+00
1.093654878705684563e+00
1.094938609125776230e+00
1.096215089141340249e+00
1.097469278300100104e+00
1.098554507697565130e+00
1.099656009255428613e+00
1.100698235171705619e+00
1.101875566609212820e+00
1.103214627872181497e+00
1.104493194473249673e+00
1.105841219890804084e+00
1.106812472977001027e+00
1.107554771629777335e+00
1.108370905569829201e+00
1.109167917437396289e+00
1.110562041167432401e+00
1.112378790177004806e+00
1.114163993424572840e+00
1.115961209833018053e+00
1.117275486121735995e+00
1.118054293691834511e+00
1.118874388193236813e+00
1.119677111426317540e+00
1.120674883395963661e+00
1.122099786903309582e+00
1.123538704672481181e+00
1.124994788374243937e+00
1.126313168692974820e+00
1.127263515131020188e+00
1.128108200110241599e+00
1.128965140461335892e+00
1.129820515661261071e+00
1.130628386830925924e+00
1.131453708120181645e+00
1.132352883285434375e+00
1.133273668816554780e+00
1.134073803716152629e+00
1.134535756237907700e+00
1.135045805922267892e+00
1.135557144745630742e+00
1.136164351672866335e+00
1.136662493543034502e+00
1.137137356875119742e+00
1.137686860544411038e+00
1.138240916575286255e+00
1.138551984414382767e+00
1.138693846219160255e+00
1.138895388331061076e+00
1.139092493939752870e+00
1.139198627250367135e+00
1.139179443152571691e+00
1.139169985071299518e+00
1.139168241167670459e+00
1.139208007553663027e+00
1.139239823207569557e+00
1.139257739800496827e+00
1.139228838956624301e+00
1.139217750467893531e+00
1.139461967246546470e+00
1.139854683847826955e+00
1.140193862559067295e+00
1.140589814375748912e+00
1.141085174945434044e+00
1.141648232185675349e+00
1.142232851313721431e+00
1.142805139214585930e+00
1.143355577967497982e+00
1.144022188692766173e+00
1.144720002360006372e+00
1.145437040876811308e+00
1.146166224964592306e+00
1.146678218286830475e+00
1.147075575261752300e+00
1.147545240067833427e+00
1.147883225892971870e+00
1.148118910254677605e+00
1.147963287610517913e+00
1.147811934671348455e+00
1.147691419408177094e+00
1.147622557245877584e+00
1.147430176118813483e+00
1.147212530634935002e+00
1.146983155197437432e+00
1.146749458179655123e+00
1.146653261447997618e+00
1.146688257915659648e+00
1.146693341505283126e+00
1.146858366232256454e+00
1.147077776680420325e+00
1.147259404015735340e+00
1.147450993622909587e+00
1.147643955853705711e+00
1.147833146011537409e+00
1.148113946423141796e+00
1.148416178401600707e+00
1.148708047314611846e+00
1.149011019732396610e+00
1.149370914879326966e+00
1.149787382412931436e+00
1.150208632095718997e+00
1.150564584534737866e+00
1.150805116632903413e+00
1.151260542918979057e+00
1.151719894947210054e+00
1.152191712521972056e+00
1.152645929996007235e+00
1.153199468848362885e+00
1.153806376987195792e+00
1.154442047991509179e+00
1.155095569239738884e+00
1.155694241733999039e+00
1.156184634253123678e+00
1.156753497024150201e+00
1.157308381181267443e+00
1.158034721314771698e+00
1.158749630020190713e+00
1.159464642796296463e+00
1.160192577039883766e+00
1.160988550080269022e+00
1.161757065237643660e+00
1.162490619097891642e+00
1.163242689972613819e+00
1.164016244321959270e+00
1.164861924577037522e+00
1.166126700400280436e+00
1.167381807996367371e+00
1.168671994529726588e+00
1.170001470377253883e+00
1.171127162837447111e+00
1.171887721925601644e+00
1.172691916497399456e+00
1.173511591280291588e+00
1.174451267352885964e+00
1.175575354672728334e+00
1.176727997857827113e+00
1.177884607072579248e+00
1.179045269588956613e+00
1.180203084000295055e+00
1.181416207816802011e+00
1.182642428098232390e+00
1.184002640922867000e+00
1.185540681265127461e+00
1.187122510440911327e+00
1.188763171439587429e+00
1.190670743655862784e+00
1.192678168032694552e+00
1.194729474721858642e+00
1.196806598873022764e+00
1.199042629891261313e+00
1.201555550348089696e+00
1.204180658097165901e+00
1.206826779487310430e+00
1.209485787014234592e+00
1.212057977066261394e+00
1.214656157641573975e+00
1.217320356887964916e+00
1.220061998418269900e+00
1.222828318355336563e+00
1.225637534007136820e+00
1.228530202054086695e+00
1.231339528766560498e+00
1.233798072975406557e+00
1.236271942093546405e+00
1.238795943200098559e+00
1.241401283540355616e+00
1.244146461914732882e+00
1.246928907201527714e+00
1.249772633326436067e+00
1.252710633324741529e+00
1.255764520388887417e+00
1.258909342466730363e+00
1.262155358943777728e+00
1.265543739974824833e+00
1.269003954211649798e+00
1.272660631881436188e+00
1.276674027328672745e+00
1.280802962084678143e+00
1.285086757636014543e+00
1.290023277966035220e+00
1.295417483914744539e+00
1.301021235867738435e+00
1.306770341761787524e+00
1.312686244162369453e+00
1.318975407984197101e+00
1.325543002938871062e+00
1.332280161489832526e+00
1.339179288126470579e+00
1.346496711849357375e+00
1.354103212070823181e+00
1.361877462497094626e+00
1.369877086025709234e+00
1.378352501044903367e+00
1.387120949066530384e+00
1.396066149623884423e+00
1.405207601655391603e+00
1.414879394329023654e+00
1.424636636423255664e+00
1.434079222361228201e+00
1.443809651640753255e+00
1.453973265918015567e+00
1.464212158674528697e+00
1.474588487756704813e+00
1.485453563024595525e+00
1.496364314781864380e+00
1.507238199507803911e+00
1.518257303621446841e+00
1.529258510313284081e+00
1.540068353722098049e+00
1.550999946069844260e+00
1.561890664777555227e+00
1.572477100731366040e+00
1.583023318595917495e+00
1.593346578398860292e+00
1.603356726312291647e+00
1.613286419207945910e+00
1.622883674875565285e+00
1.632139189977599658e+00
1.641051214186449725e+00
1.649637753486484781e+00
1.658057800971828977e+00
1.666067004891858661e+00
1.673494571526153329e+00
1.680475559001707753e+00
1.687012403266979765e+00
1.693009602524804924e+00
1.698462770552659595e+00
1.703425485004316897e+00
1.707882902111623968e+00
1.711831231874591852e+00
1.715284929089858412e+00
1.718339584095638584e+00
1.720872405081258938e+00
1.722999192366673427e+00
1.724609205015442903e+00
1.725768512985039749e+00
1.726555258893179179e+00
1.726846159037583872e+00
1.726879352749106644e+00
1.726509129584174351e+00
1.725791342031204767e+00
1.724796794464577898e+00
1.723485239137360958e+00
1.721844362917401838e+00
1.719952999987522047e+00
1.717823965623655802e+00
1.715452796025929372e+00
1.712839792970717090e+00
1.709991245921069769e+00
1.706919905663885295e+00
1.703668485495193341e+00
1.700240831117339146e+00
1.696603200093112385e+00
1.692694329325778568e+00
1.688661684552252185e+00
1.684382962754912061e+00
1.679839049772676729e+00
1.674992150463012308e+00
1.669831820017280366e+00
1.664335965383620497e+00
1.658497745032709858e+00
1.652314593108888285e+00
1.645767850440077451e+00
1.638844587582570123e+00
1.631520792051310176e+00
1.623690887366342039e+00
1.615306662498500634e+00
1.606073050263237212e+00
1.595876138405792233e+00
1.584925232879400792e+00
1.569376237296716159e+00
