2.355712367052170908e+00
2.353520071454523688e+00
2.349241643927185486e+00
2.343184471405118874e+00
2.335687299144458606e+00
2.326972307233977855e+00
2.317074845949167017e+00
2.306043090372257076e+00
2.293944417837826766e+00
2.280889311971078470e+00
2.267008077296215340e+00
2.252498448970462697e+00
2.237602609361066364e+00
2.222539291731629341e+00
2.207577893241778888e+00
2.192953681541282673e+00
2.178862236485312298e+00
2.165527518548090669e+00
2.153078906288247829e+00
2.141564718011566892e+00
2.131034465468707673e+00
2.121525385097744021e+00
7.351694034961577034e-308
7.036289366903793130e-308
6.753836420529786066e-308
6.499810250945837508e-308
6.269708508415923618e-308
6.062487122851755674e-308
5.874026972897434787e-308
5.703772975562698899e-308
5.548382493564003683e-308
5.405588391443842717e-308
5.276824311821241722e-308
5.158883011232884210e-308
5.052918709513547890e-308
4.957160176124197792e-308
4.869235281864649474e-308
4.789169814219720484e-308
4.714978749791523145e-308
4.646505636096065985e-308
4.582637985630312559e-308
4.523446645977898349e-308
4.467941111141095126e-308
4.415969131041627761e-308
4.367584927700588269e-308
4.321433644848808350e-308
4.278688767977316483e-308
4.238325483792230686e-308
4.201041667730614577e-308
4.165460311029120887e-308
4.133265650380506768e-308
4.102582767422567934e-308
4.073984251188416764e-308
4.047365073386460953e-308
4.023187843577026566e-308
4.000240613765747872e-308
3.978566840877823450e-308
3.958555021033654742e-308
3.939614949829843513e-308
3.920647977273870295e-308
3.902218177933149384e-308
3.885763410228330530e-308
3.870215629989211837e-308
3.853549565148630042e-308
3.838667056733663203e-308
3.827960714555701244e-308
3.815806135284844171e-308
3.802501217573091934e-308
3.795610681859883419e-308
3.789837754532941470e-308
3.778461736830987189e-308
3.772222254236037810e-308
3.771133593077157613e-308
3.762874286400125083e-308
3.759030932385339998e-308
3.763006755052522895e-308
3.759145482973391493e-308
3.755113674224722661e-308
3.757210397779146507e-308
3.757056867098211258e-308
3.754441593431722484e-308
3.754409838464523866e-308
3.755970979708228029e-308
3.756494605457311881e-308
3.756510430547062916e-308
3.759382386453344342e-308
3.762335635663192491e-308
3.764449425282623802e-308
3.766465710469017326e-308
3.769380211241054399e-308
3.772261395121592930e-308
3.774017610558224935e-308
3.775637676830747288e-308
3.776296149062360464e-308
3.776739305111315183e-308
3.776672661606296888e-308
3.775783469324270058e-308
3.775183014764323663e-308
3.775785361494775781e-308
3.776382407958196429e-308
3.777748510484154884e-308
3.779453222047586068e-308
3.781628456357476024e-308
3.786720103612851599e-308
3.791636634587619937e-308
3.797121066276158384e-308
3.803024279801118898e-308
3.808894445486252531e-308
3.816594263436591572e-308
3.824621273093390772e-308
3.832455043736973475e-308
3.839420446774230959e-308
3.846216564095601788e-308
3.853846904584967366e-308
3.863562021992915593e-308
3.873279674803143264e-308
3.882587698403674259e-308
3.891259438526477548e-308
3.899989547933136893e-308
3.909191881709575266e-308
3.920115266112449616e-308
3.931226677389065916e-308
3.941962306576225839e-308
3.950565438278620309e-308
3.958755980960524444e-308
3.967218481754033811e-308
3.978632448225023474e-308
3.992054297200525853e-308
4.005638318412105380e-308
4.017475460351492886e-308
4.026133275615897386e-308
4.035503103230809125e-308
4.044208437104343915e-308
4.059828073258056196e-308
4.076466004238151991e-308
4.093947932264231414e-308
4.107772049205011722e-308
4.113648975232822086e-308
4.118789183456477874e-308
4.123212047633074302e-308
4.134276914716757154e-308
4.155537718603875097e-308
4.176216895549404302e-308
4.197720271744293714e-308
4.211933757144536492e-308
4.216652068174442433e-308
4.221760814039904357e-308
4.227006440650370809e-308
4.236903781692390445e-308
4.263029805887931368e-308
4.287666935069874064e-308
4.313124289363462805e-308
4.338683392412287643e-308
4.350594520962015712e-308
4.353804712970269068e-308
4.357953004614172291e-308
4.361905017198418102e-308
4.369131651883740397e-308
4.387094174597431366e-308
4.405249665050666711e-308
4.423998876394940968e-308
4.442963809766226981e-308
4.455654297210121089e-308
4.463695548627187272e-308
4.472495507484096237e-308
4.481346224249568609e-308
4.493046923204908059e-308
4.511534428988600067e-308
4.530471921786307746e-308
4.550043586863812686e-308
4.570281731699272611e-308
4.584838835041444635e-308
4.595517476683990680e-308
4.607342279902408967e-308
4.618920014742270849e-308
4.631546355816378316e-308
4.647091344604560728e-308
4.663249168267852308e-308
4.679866447817780705e-308
4.696654734890396350e-308
4.709914734290377640e-308
4.721138184577625750e-308
4.733426646456284903e-308
4.745838954554816622e-308
4.758216038630965669e-308
4.769904029445659596e-308
4.782196108047537183e-308
4.794869603707324627e-308
4.807426106474701695e-308
4.817571100381141737e-308
4.826782247860954210e-308
4.836402642405537419e-308
4.846365812955119256e-308
4.855553614878652641e-308
4.863689614537100716e-308
4.872479857090001870e-308
4.881481562795449132e-308
4.890635077442421109e-308
4.900148804948623970e-308
4.910216536566539701e-308
4.920482577581998835e-308
4.931068234055190936e-308
4.942206334162984418e-308
4.953755995135912751e-308
4.965614890369884457e-308
4.977838163078155440e-308
4.989754637120324036e-308
4.999858284227777143e-308
5.010282057276436161e-308
5.020973120940272564e-308
5.031470700968798147e-308
5.040100662072013344e-308
5.048016723951630415e-308
5.056293994733530787e-308
5.064609873876024532e-308
5.072696905221817750e-308
5.080320990553479733e-308
5.088197646236526009e-308
5.096271733918362965e-308
5.103923762049653828e-308
5.109090794106250136e-308
5.113988980758412230e-308
5.118891806760326890e-308
5.123979834496721677e-308
5.128055639856379713e-308
5.131533798387166053e-308
5.135034393454945412e-308
5.138699680575804774e-308
5.142463483044716736e-308
5.146357658369395946e-308
5.150391743365359320e-308
5.154498523522982086e-308
5.159015818367238525e-308
5.165940881893419997e-308
5.172984529517830641e-308
5.180167284698198436e-308
5.187402382807471842e-308
5.193384206965073101e-308
5.198961269560181217e-308
5.204714800960863198e-308
5.210573832133771424e-308
5.219126529931139644e-308
5.230582939628505630e-308
5.241949749579601671e-308
5.253628419233049752e-308
5.265565757490657632e-308
5.277651360592650601e-308
5.290051043603092416e-308
5.302706686284305982e-308
5.315690595268247514e-308
5.334554139153181604e-308
5.353789498109497026e-308
5.373450610350116855e-308
5.393552527379662309e-308
5.408916869813028278e-308
5.423133489658978716e-308
5.437739458782504385e-308
5.452339202737089434e-308
5.473355402078175320e-308
5.499432439376901681e-308
5.525776344305328729e-308
5.552965154626063597e-308
5.578184999854683033e-308
5.599556920625593531e-308
5.621546737724932320e-308
5.643642238307657642e-308
5.670114573747000653e-308
5.701793792363469511e-308
5.734113872738549605e-308
5.767962458328953929e-308
5.797121741778125033e-308
5.824146582016431964e-308
5.852002217805890628e-308
5.879758513069816350e-308
5.917070230424039246e-308
5.959876759436539413e-308
6.003461794200811805e-308
6.048650475454106147e-308
6.091437878161725102e-308
6.132550494456522258e-308
6.175193884514258588e-308
6.218633067197292645e-308
6.266415897694045212e-308
6.320000093976024383e-308
6.374947977108084835e-308
6.431750460811928753e-308
6.490776860314273031e-308
6.553007833466073674e-308
6.617334118281077436e-308
6.683877521245969856e-308
6.753836230320179350e-308
6.833873467399491442e-308
6.920692331672526195e-308
7.010546089159040865e-308
7.104362441171338074e-308
7.204546257591118981e-308
7.312114787909716020e-308
7.424420151888990347e-308
7.542042829902159016e-308
7.666325347964055602e-308
7.800184774055206756e-308
7.941050859930841530e-308
8.089506865492659526e-308
8.246009805357181611e-308
8.412679107044722381e-308
8.589754155830195916e-308
8.776898913221387747e-308
8.975919458875744040e-308
9.189017173012034854e-308
9.417766752355225393e-308
9.662073151946093827e-308
9.923046747541848598e-308
1.020514729317393060e-307
1.051133151704525449e-307
1.084120132113212454e-307
1.119784751358405954e-307
1.158590285734709400e-307
1.201290446388611347e-307
1.247801591162014394e-307
1.298705989287147408e-307
1.354462383761603520e-307
1.415639728073881667e-307
1.483503571545283540e-307
1.558894338236135034e-307
1.643100293573521599e-307
1.737906878381953795e-307
1.845123685974714417e-307
1.967716296848097872e-307
2.109653829798771346e-307
2.274725516426843603e-307
2.469548638195107645e-307
2.701273103909203284e-307
2.982116842030758172e-307
3.331263433858724163e-307
3.771568511066280219e-307
4.342408718557250504e-307
5.123488275691683184e-307
6.243576639782602628e-307
7.983535688878669502e-307
1.109224389830962993e-306
1.817340860101520631e-306
5.019801405468522715e-306
3.141592653589793116e+00
3.141592653589793116e+00
3.141592653589793116e+00
3.141592653589793116e+00
3.141592653589793116e+00
3.141592653589793116e+00
3.141592653589793116e+00
3.141592653589793116e+00
3.141592653589793116e+00
3.141592653589793116e+00
3.141592653589793116e+00
3.141592653589793116e+00
3.141592653589793116e+00
3.141592653589793116e+00
3.141592653589793116e+00
3.141592653589793116e+00
3.141592653589793116e+00
3.141592653589793116e+00
3.141592653589793116e+00
3.141592653589793116e+00
3.141592653589793116e+00
3.141592653589793116e+00
3.141592653589793116e+00
3.141592653589793116e+00
3.141592653589793116e+00
3.141592653589793116e+00
3.141592653589793116e+00
3.141592653589793116e+00
3.141592653589793116e+00
3.141592653589793116e+00
3.141592653589793116e+00
3.141592653589793116e+00
3.141592653589793116e+00
3.141592653589793116e+00
3.141592653589793116e+00
3.141592653589793116e+00
3.141592653589793116e+00
3.141592653589793116e+00
3.141592653589793116e+00
3.141592653589793116e+00
3.141592653589793116e+00
3.141592653589793116e+00
3.141592653589793116e+00
3.141592653589793116e+00
3.141592653589793116e+00
3.141592653589793116e+00
3.141592653589793116e+00
3.141592653589793116e+00
3.141592653589793116e+00
3.141592653589793116e+00
3.141592653589793116e+00
3.141592653589793116e+00
3.141592653589793116e+00
3.141592653589793116e+00
3.141592653589793116e+00
3.141592653589793116e+00
3.141592653589793116e+00
3.141592653589793116e+00
