1.197787305243769567e-306
7.562106302656399561e-307
5.885394488090451546e-307
5.088018559267471940e-307
4.669304661080513058e-307
4.420068340162582603e-307
4.247187961363567437e-307
4.121615244242526642e-307
4.031039082477310601e-307
3.980788106716003924e-307
3.982774580581524460e-307
4.047262905844856252e-307
4.175865882466417375e-307
4.376955862086906451e-307
2.337041981152477188e+00
2.336350012526341668e+00
2.335547293001180691e+00
2.334515277152763968e+00
2.333057415779320465e+00
2.330932752115731255e+00
2.327916024530237937e+00
2.323745940653600073e+00
2.318213836429642960e+00
2.311046511471037235e+00
2.302005009110413614e+00
2.290799176735645926e+00
2.277246101185454119e+00
2.261207883509339656e+00
2.242590913223520666e+00
2.221554697048255811e+00
2.198590100940853276e+00
2.173947303430298295e+00
2.148385670837948069e+00
2.123213892436583095e+00
2.098603226889952822e+00
2.075702451414872307e+00
2.054833196732925860e+00
2.035886271021070115e+00
2.019571706711511538e+00
2.004952724045352408e+00
1.992561566237957216e+00
1.981598142581349142e+00
1.972459924648163776e+00
1.964317620610455117e+00
3.868071142286320097e-01
3.808032360714604381e-01
3.758076205194166852e-01
3.715022374245328107e-01
3.678170550926593840e-01
3.647027538974472183e-01
3.620124478205036800e-01
3.597132842996936253e-01
3.577880884223805236e-01
3.561658614615499374e-01
3.548836950178244076e-01
5.140374855493241098e-308
5.025668069858734417e-308
4.916181330567167527e-308
4.818155190068406745e-308
4.726914077306913733e-308
4.642753866575720570e-308
4.567364059790531712e-308
4.494505339351302502e-308
4.430528495835522386e-308
4.370244050406384550e-308
4.313477218104785863e-308
4.263616766264521745e-308
4.214705620155695647e-308
4.170462232527095301e-308
4.129855524930363028e-308
4.090146203550753168e-308
4.054236754535107354e-308
4.020310592840947110e-308
3.987232904543628230e-308
3.957680215108023752e-308
3.928527040275248448e-308
3.901200734202489782e-308
3.876520953834550689e-308
3.851538143010523858e-308
3.829749789525711080e-308
3.808954169745308808e-308
3.788393826613001440e-308
3.770802033192721405e-308
3.753039555893346668e-308
3.736679150244707601e-308
3.722122786874776758e-308
3.707503987561050800e-308
3.694731127376205603e-308
3.682891758039809747e-308
3.671478414113155639e-308
3.661855164172781343e-308
3.652533940478254144e-308
3.644171863570011700e-308
3.636827811385306548e-308
3.629590198261815751e-308
3.623707832691419721e-308
3.617888908533785552e-308
3.612813107455677235e-308
3.608186079697554082e-308
3.603549054576545706e-308
3.599436558139463129e-308
3.595380153537072543e-308
3.592008178042967465e-308
3.588707736408770640e-308
3.585892466662748407e-308
3.583161948922027493e-308
3.581007267342843967e-308
3.579261095871246351e-308
3.578507249408134426e-308
3.578190923967317373e-308
3.578460737392769131e-308
3.578839691774667456e-308
3.579578986266796488e-308
3.580623372280770103e-308
3.581771778520161532e-308
3.583269015366028970e-308
3.584629874746182181e-308
3.586827316976123676e-308
3.588982580477479388e-308
3.591242181050607894e-308
3.593895335858543047e-308
3.596439827315150256e-308
3.599565247702716421e-308
3.602842514977797401e-308
3.606069533093062170e-308
3.609565121711507384e-308
3.613017490018817434e-308
3.616533307484727025e-308
3.620441884626632421e-308
3.624405801025745559e-308
3.628349849289165097e-308
3.632676500941772314e-308
3.636958454303441220e-308
3.641200516160913080e-308
3.645646444868317433e-308
3.650009503462053471e-308
3.654342305225563900e-308
3.658698991887504584e-308
3.662898789917355850e-308
3.666961140552914717e-308
3.671085659629819911e-308
3.675628324043499095e-308
3.680041477603579235e-308
3.684457749274768255e-308
3.689122998566788830e-308
3.693805408720048071e-308
3.698339479590722775e-308
3.702926068286229503e-308
3.708111236240035051e-308
3.713131451593387538e-308
3.718177554680749806e-308
3.723436203008103462e-308
3.728960375555269047e-308
3.734449671278345218e-308
3.739975660688692863e-308
3.745629003537997844e-308
3.751338360875833179e-308
3.756977373830687350e-308
3.762699000545553431e-308
3.768783551183610078e-308
3.774832574529007675e-308
3.780901177721920522e-308
3.787132953982952107e-308
3.793684309298597230e-308
3.800170368106921687e-308
3.806653430549408363e-308
3.813440743815963684e-308
3.820131191522669075e-308
3.826684394963829540e-308
3.833382162433071124e-308
3.840415641924946331e-308
3.847423662103320339e-308
3.854349675284819176e-308
3.861562857928872117e-308
3.868975798017941308e-308
3.876256795978007849e-308
3.883572867131369436e-308
3.891249106059196046e-308
3.899192996689657348e-308
3.907129894900048351e-308
3.915233799754799567e-308
3.923187049189532796e-308
3.930961886116866852e-308
3.938986347515333586e-308
3.946836414101508846e-308
3.954560358415281627e-308
3.962494951916652954e-308
3.970467988593176022e-308
3.978559597665016060e-308
3.987183217714728501e-308
3.995771650637526961e-308
4.004312358476374732e-308
4.013150389857146858e-308
4.022047456106286076e-308
4.031550470334028505e-308
4.042320001553560477e-308
4.053237506310369359e-308
4.064036667254064997e-308
4.074906279149126031e-308
4.085671947548770751e-308
4.097180473767686445e-308
4.108670203551512439e-308
4.120371496148572949e-308
4.132300050682087596e-308
4.144820546646464132e-308
4.157569134296453007e-308
4.170625979102293152e-308
4.183737053270288840e-308
4.196680342696750361e-308
4.209992981084999354e-308
4.223443660411061813e-308
4.237852059119888667e-308
4.252790995316283211e-308
4.268082978466482686e-308
4.283215194637297787e-308
4.298100712784512395e-308
4.313497480023302024e-308
4.329043138239358315e-308
4.345723862217391487e-308
4.363338160881752891e-308
4.381170615268455283e-308
4.398800073851207226e-308
4.416269765939543210e-308
4.434498723137167625e-308
4.452733735699444227e-308
4.471788659076948427e-308
4.491618563765296238e-308
4.511763347816160009e-308
4.531382404529094206e-308
4.550759370715285090e-308
4.570925630846741701e-308
4.591086266286262340e-308
4.611676881367439749e-308
4.633522160772568276e-308
4.655236458905452032e-308
4.677174512147561957e-308
4.699660055978312465e-308
4.722896138426152140e-308
4.746447235621009441e-308
4.771303993046339358e-308
4.797328954923804492e-308
4.823567950732171694e-308
4.850786632681599450e-308
4.878921440225559324e-308
4.907790884877316798e-308
4.938122730695119536e-308
4.971055017430049105e-308
5.004744611548972425e-308
5.039889880405845702e-308
5.077462581052819775e-308
5.116789322408133023e-308
5.157253447092503729e-308
5.200356517856520218e-308
5.246786123200154853e-308
5.294618970336531631e-308
5.344340352901255805e-308
5.396571380866951674e-308
5.450858633176151764e-308
5.507065060486122311e-308
5.565430902237434027e-308
5.626494187094933139e-308
5.689745024691644802e-308
5.755277108924811390e-308
5.823104947792988341e-308
5.894081634294207824e-308
5.967294272038007933e-308
6.044419748091257806e-308
6.125733497042579122e-308
6.210062838124814496e-308
6.298530725804754890e-308
6.392515393875050104e-308
6.491145414778302338e-308
6.593897731685922541e-308
6.703616433532112356e-308
6.819888513436765172e-308
6.941600317748248158e-308
7.069882899936922710e-308
7.207027328389768345e-308
7.351178898235679556e-308
7.503027669815513009e-308
7.664056739363332998e-308
7.835762840733495571e-308
8.016162735732820488e-308
8.208399508504071204e-308
8.413748698776488840e-308
8.632348725903321715e-308
8.864778172594297842e-308
9.117442550964326923e-308
9.388647915443401727e-308
9.678606178769341814e-308
9.993824589695419970e-308
1.033877576756950045e-307
1.070901168344971435e-307
1.110989865467359879e-307
1.155255158831158380e-307
1.203486007243743927e-307
1.256226088118758560e-307
1.313844892659446600e-307
1.377350397854867937e-307
1.447389473400233178e-307
1.525172021613977800e-307
1.611750302501158709e-307
1.709107065244763115e-307
1.819046312487977260e-307
1.944058079088104170e-307
2.087061427592207791e-307
2.253449916772457037e-307
2.447927819996467865e-307
2.679866105966254683e-307
2.960533392783913786e-307
3.308411364700493417e-307
3.747857945511990804e-307
4.325467395383007817e-307
5.116152948352594642e-307
6.263837544335910782e-307
8.069523188870867356e-307
1.136274321420403970e-306
1.921891559944561745e-306
6.185685209664206521e-306
3.141592653589793116e+00
3.141592653589793116e+00
3.141592653589793116e+00
3.141592653589793116e+00
3.141592653589793116e+00
3.141592653589793116e+00
3.141592653589793116e+00
3.141592653589793116e+00
3.141592653589793116e+00
3.141592653589793116e+00
3.141592653589793116e+00
3.141592653589793116e+00
3.141592653589793116e+00
3.141592653589793116e+00
3.141592653589793116e+00
3.141592653589793116e+00
3.141592653589793116e+00
3.141592653589793116e+00
3.141592653589793116e+00
3.141592653589793116e+00
3.141592653589793116e+00
3.141592653589793116e+00
3.141592653589793116e+00
3.141592653589793116e+00
3.141592653589793116e+00
3.141592653589793116e+00
3.141592653589793116e+00
3.141592653589793116e+00
3.141592653589793116e+00
3.141592653589793116e+00
3.141592653589793116e+00
3.141592653589793116e+00
3.141592653589793116e+00
3.141592653589793116e+00
3.141592653589793116e+00
3.141592653589793116e+00
3.141592653589793116e+00
3.141592653589793116e+00
3.141592653589793116e+00
3.141592653589793116e+00
3.141592653589793116e+00
3.141592653589793116e+00
3.141592653589793116e+00
3.141592653589793116e+00
3.141592653589793116e+00
3.141592653589793116e+00
3.141592653589793116e+00
3.141592653589793116e+00
3.141592653589793116e+00
3.141592653589793116e+00
3.141592653589793116e+00
3.141592653589793116e+00
3.141592653589793116e+00
3.141592653589793116e+00
3.141592653589793116e+00
3.141592653589793116e+00
3.141592653589793116e+00
3.141592653589793116e+00
3.141592653589793116e+00
3.141592653589793116e+00
3.141592653589793116e+00
3.141592653589793116e+00
3.141592653589793116e+00
3.141592653589793116e+00
3.141592653589793116e+00
3.141592653589793116e+00
3.141592653589793116e+00
3.141592653589793116e+00
3.141592653589793116e+00
3.141592653589793116e+00
3.141592653589793116e+00
3.141592653589793116e+00
3.141592653589793116e+00
3.141592653589793116e+00
3.141592653589793116e+00
3.141592653589793116e+00
3.141592653589793116e+00
3.141592653589793116e+00
3.141592653589793116e+00
3.141592653589793116e+00
3.141592653589793116e+00
