2.352029918664340524e+00
2.346638971186493450e+00
2.341533180838564210e+00
2.336898658849514199e+00
2.332462101827258660e+00
2.327991865075015099e+00
2.323302425883524869e+00
2.318280561581424593e+00
2.312842801490647915e+00
2.306967493350851051e+00
2.300626538481669314e+00
2.293818184147709438e+00
2.286574480352872918e+00
2.278923583081064130e+00
2.270896952881245490e+00
1.396348347740264560e-307
1.319387742638009751e-307
1.249857206888529491e-307
1.186877389198414978e-307
1.129593848751328158e-307
1.077178454678720118e-307
1.029023894522792050e-307
9.847096097286820268e-308
9.439193498536356753e-308
9.063197986856908270e-308
8.716044910447377525e-308
8.395189668788111127e-308
8.102190325025926867e-308
7.827976983686741633e-308
7.574016672885875696e-308
7.336585388329997531e-308
7.114831346794296699e-308
6.906008419776494692e-308
6.711874907378643517e-308
6.532683448091967682e-308
6.363349338756388151e-308
6.209277476211602740e-308
6.065262428720401905e-308
5.931078887551927990e-308
5.806442345205220677e-308
5.688641201741911216e-308
5.577206681359406439e-308
5.470623736948610135e-308
5.370483463907505051e-308
5.275907273704801465e-308
5.187306684367876949e-308
5.103566130548548472e-308
5.024800629378963541e-308
4.950692306248478796e-308
4.881268618048307608e-308
4.816271854898792644e-308
4.755512704574349032e-308
4.698911288571373098e-308
4.645355472474754208e-308
4.594302296894689805e-308
4.545632432921698190e-308
4.499983017341532440e-308
4.455629730983330864e-308
4.412723116119164595e-308
4.373698771805579288e-308
4.335912600548966308e-308
4.298402009570766589e-308
4.263204587403480939e-308
4.233307972573594866e-308
4.202296356211152493e-308
4.168837441486667088e-308
4.143468434402446861e-308
4.121443521900311272e-308
4.090395882873149203e-308
4.062980094424631107e-308
4.046624421905616568e-308
4.022039205716452893e-308
3.990651109205194173e-308
3.977765769553991781e-308
3.962647786531821651e-308
3.938872527936564263e-308
3.926281463584596144e-308
3.915903811799312719e-308
3.902007508598764262e-308
3.890594088040277027e-308
3.883470293640817539e-308
3.875607079549214266e-308
3.867762965214703275e-308
3.862297470565921398e-308
3.857942651115394740e-308
3.854029093726820996e-308
3.850274576138587939e-308
3.847242995861179846e-308
3.844481892653644484e-308
3.841701210170731773e-308
3.838961530492766097e-308
3.836881518855964849e-308
3.835108694532127444e-308
3.833851932452804228e-308
3.832506853908417951e-308
3.831432569263449296e-308
3.831296952108328382e-308
3.830676883536807855e-308
3.830657647677143839e-308
3.830877795226085630e-308
3.830826898001044075e-308
3.831090526779014665e-308
3.831327842470165446e-308
3.831384915051016416e-308
3.831464329649375631e-308
3.831373159193367503e-308
3.831268570381642375e-308
3.831130381797213262e-308
3.831020300583099154e-308
3.831080980829652795e-308
3.830849948195002719e-308
3.832538113618742388e-308
3.834772467259483035e-308
3.837061405168380151e-308
3.840466447228718750e-308
3.844422964383334219e-308
3.848256040145969900e-308
3.852943242885472374e-308
3.857969248318003084e-308
3.863472151614749487e-308
3.866659741493266895e-308
3.869082122547356627e-308
3.871303985321686011e-308
3.875100049736085238e-308
3.880462823619570431e-308
3.885831402476734530e-308
3.890600696085345425e-308
3.894201123069977610e-308
3.897672700737918625e-308
3.901000672239882484e-308
3.908532095951955064e-308
3.918110391299745922e-308
3.927485136107344192e-308
3.936291698105567354e-308
3.940988844850288703e-308
3.945925609768406881e-308
3.949950762649935960e-308
3.959190802830280383e-308
3.973418765516947196e-308
3.986965142844450830e-308
4.001757054169663641e-308
4.009089272863421123e-308
4.012498529823960486e-308
4.016957779382537905e-308
4.021392648291408291e-308
4.032201441109117406e-308
4.047321948937031789e-308
4.062168438756407051e-308
4.077230769371427358e-308
4.087312814845458620e-308
4.091892204681988280e-308
4.097013003400902857e-308
4.101883293660023679e-308
4.109420839474830553e-308
4.122958351855089377e-308
4.136624229553931152e-308
4.150521024439948885e-308
4.162873781673353626e-308
4.170076444265495055e-308
4.175704183692576116e-308
4.181460577952579234e-308
4.187157866703021961e-308
4.195173151406603882e-308
4.205736088642182466e-308
4.216405963799578733e-308
4.227409641653833908e-308
4.236965866304993649e-308
4.242345930806606924e-308
4.248305339354285544e-308
4.254267056028595494e-308
4.261207926681767011e-308
4.271009972673806078e-308
4.281630826228433748e-308
4.292865231083656126e-308
4.304265441602185750e-308
4.313258130866347998e-308
4.320667940236606771e-308
4.328819053748569389e-308
4.337012597873518121e-308
4.344627604944551700e-308
4.353264371346784041e-308
4.361962550141106342e-308
4.370913018999041564e-308
4.380101015960924350e-308
4.387565827453710866e-308
4.394772212966614229e-308
4.401849800392286720e-308
4.409181821887249486e-308
4.418408239535723112e-308
4.429011807273836734e-308
4.439536951178416252e-308
4.451085488387627613e-308
4.464287388134154229e-308
4.475727564257782223e-308
4.487828622674938361e-308
4.499933705744423657e-308
4.512124985342571659e-308
4.526621431617989790e-308
4.541762406306850678e-308
4.557293364087703897e-308
4.573177950972597405e-308
4.586583105699955374e-308
4.598588364049841709e-308
4.611743981895381892e-308
4.622168877845071339e-308
4.630982651794073941e-308
4.636303423157003732e-308
4.641882559821540130e-308
4.647806332340137350e-308
4.654267004678126428e-308
4.659831670624451240e-308
4.665408003416618992e-308
4.671164753422800443e-308
4.677019448459682221e-308
4.683379784842711520e-308
4.690392581895120285e-308
4.697177390383627358e-308
4.707826950246622941e-308
4.719844777663010415e-308
4.728900046851622756e-308
4.738377506093067445e-308
4.748032997838899765e-308
4.757995779027127603e-308
4.767347480797686070e-308
4.776695253513103078e-308
4.786079607665390544e-308
4.795726150624112031e-308
4.806403153565277136e-308
4.818003231390819784e-308
4.829840699602460789e-308
4.839935450692931980e-308
4.846638336815163692e-308
4.855140266152739133e-308
4.863853040341063370e-308
4.872782068441038201e-308
4.881336968266440779e-308
4.892884473965079068e-308
4.905923963944147761e-308
4.919317242325053449e-308
4.933102381783569656e-308
4.946573151265943399e-308
4.959240148866750230e-308
4.973023802905483370e-308
4.986685570134233505e-308
5.004832721507878480e-308
5.027533549745399109e-308
5.050829968848095377e-308
5.074837731306340146e-308
5.099749265576890094e-308
5.123629419822011936e-308
5.146561473216096124e-308
5.170279024518798987e-308
5.194801624818268700e-308
5.220556854587195948e-308
5.251378585260468419e-308
5.283019653167119457e-308
5.315602622867214186e-308
5.349512770923249172e-308
5.375952582923560083e-308
5.392139453908650366e-308
5.409433552325827273e-308
5.427294924086983562e-308
5.447403328879466152e-308
5.469744848241212653e-308
5.492699721992957519e-308
5.516051599274973348e-308
5.541259490834312597e-308
5.570891074702842458e-308
5.601816338188356812e-308
5.633346611992997772e-308
5.668599265324459874e-308
5.708701442397904680e-308
5.750201645431294565e-308
5.793673469958375530e-308
5.844120828270970949e-308
5.896897144190683946e-308
5.951229005426737687e-308
6.007097040027576640e-308
6.066365780144001564e-308
6.130970815033290997e-308
6.198718738640705306e-308
6.268344068730328354e-308
6.340037950718514072e-308
6.412666337336540135e-308
6.487307378170320852e-308
6.564677781217543126e-308
6.645594314646459503e-308
6.731506858044542938e-308
6.821155110906039198e-308
6.914550102272838497e-308
7.006350308727675844e-308
7.088909031298444006e-308
7.175024426854136879e-308
7.264009198282052925e-308
7.356909410069819826e-308
7.455937702817524339e-308
7.559927305293806513e-308
7.668462491901915982e-308
7.782078825547841822e-308
7.901687767095215320e-308
8.027361367567762274e-308
8.159540146834683070e-308
8.299710371805451560e-308
8.446182963127963259e-308
8.600466208900126281e-308
8.766966839235715422e-308
8.942990071200372415e-308
9.130442160771312035e-308
9.351197727971249628e-308
9.592932005785786058e-308
9.851764295245505111e-308
1.012758289855655034e-307
1.042205001908023506e-307
1.074457772230450012e-307
1.109595542632818557e-307
1.147459365895891647e-307
1.188243112393618041e-307
1.233964231288520731e-307
1.284432986724799277e-307
1.339439163234444641e-307
1.400192760833415312e-307
1.469200548241565429e-307
1.546593972272859680e-307
1.632985301074935353e-307
1.730504202323312693e-307
1.843517589858984176e-307
1.971946588173409091e-307
2.112950430570982511e-307
2.276839164458082729e-307
2.472571007698568428e-307
2.706518048817747621e-307
2.992565043887469898e-307
3.358135447966677520e-307
3.828425930767761858e-307
4.456313338743682425e-307
5.347876847238622088e-307
6.699134288243861888e-307
8.967414957269051765e-307
1.375744511546644095e-306
3.018292502058770150e-306
3.141592653589793116e+00
3.141592653589793116e+00
3.141592653589793116e+00
3.141592653589793116e+00
3.141592653589793116e+00
3.141592653589793116e+00
3.141592653589793116e+00
3.141592653589793116e+00
3.141592653589793116e+00
3.141592653589793116e+00
3.141592653589793116e+00
3.141592653589793116e+00
3.141592653589793116e+00
3.141592653589793116e+00
3.141592653589793116e+00
3.141592653589793116e+00
3.141592653589793116e+00
3.141592653589793116e+00
3.141592653589793116e+00
3.141592653589793116e+00
3.141592653589793116e+00
3.141592653589793116e+00
3.141592653589793116e+00
3.141592653589793116e+00
3.141592653589793116e+00
3.141592653589793116e+00
3.141592653589793116e+00
3.141592653589793116e+00
3.141592653589793116e+00
3.141592653589793116e+00
3.141592653589793116e+00
3.141592653589793116e+00
3.141592653589793116e+00
3.141592653589793116e+00
3.141592653589793116e+00
3.141592653589793116e+00
3.141592653589793116e+00
3.141592653589793116e+00
3.141592653589793116e+00
3.141592653589793116e+00
3.141592653589793116e+00
3.141592653589793116e+00
3.141592653589793116e+00
3.141592653589793116e+00
3.141592653589793116e+00
3.141592653589793116e+00
3.141592653589793116e+00
3.141592653589793116e+00
3.141592653589793116e+00
3.141592653589793116e+00
3.141592653589793116e+00
3.141592653589793116e+00
3.141592653589793116e+00
3.141592653589793116e+00
3.141592653589793116e+00
3.141592653589793116e+00
3.141592653589793116e+00
3.141592653589793116e+00
3.141592653589793116e+00
8.508326883395375823e-306
