3.141592653589793116e+00
3.141592653589793116e+00
3.141592653589793116e+00
5.588576804933506972e-306
2.078358807227294480e-306
1.200418748146389676e-306
8.241152240141418629e-307
6.214060418234352215e-307
4.970959198240360768e-307
4.137191006310113325e-307
3.540236074649611844e-307
3.094203358098132498e-307
2.747233520088043527e-307
2.470967342129651779e-307
2.245161484588485662e-307
2.058534459946084603e-307
1.901695781647917790e-307
1.767041889225117590e-307
1.651316778564391670e-307
1.550677531731205625e-307
1.462872149094969488e-307
1.386607792765798421e-307
1.320139311572794458e-307
1.261775855607377461e-307
1.209942899495873000e-307
1.163614406880285157e-307
1.122217173809764195e-307
1.085127934510297687e-307
1.047752147679788523e-307
1.012764966288373341e-307
9.804878355670418203e-308
9.503446153900062002e-308
9.222434570358385929e-308
8.962653807542245670e-308
8.729043303343612014e-308
8.509917274307843106e-308
8.308533487647814060e-308
8.112731112336291955e-308
7.919789893499964502e-308
7.742349097078115585e-308
7.583506141027157630e-308
7.431620027506162463e-308
7.296423804388333014e-308
7.170193641838332492e-308
7.049731309172937478e-308
6.937610853059782486e-308
6.822222581908766400e-308
6.708203790737836031e-308
6.603596367304675788e-308
6.505553598425731461e-308
6.412167015820315940e-308
6.327044773536834880e-308
6.244833048788934648e-308
6.163967396083730194e-308
6.085386403804504791e-308
6.005838587433897932e-308
5.924983877150989722e-308
5.845436918147491007e-308
5.769458030414932610e-308
5.693920364681023644e-308
5.620649570207156266e-308
5.546615763339704919e-308
5.475939977436144940e-308
5.407571904615236344e-308
5.341435651374203365e-308
5.275085580648758828e-308
5.210467807267440428e-308
5.150213111633912613e-308
5.091021355889520059e-308
5.033337654896213497e-308
4.978488940960716900e-308
4.925872245338783627e-308
4.873091625230353534e-308
4.818323236199028411e-308
4.765124884836220302e-308
4.711818603197586499e-308
4.660480972217008427e-308
4.610016486042798066e-308
4.561181523725943335e-308
4.518853481765334610e-308
4.478710114738848412e-308
4.439158881070011307e-308
4.397602476873084825e-308
4.356924839286707117e-308
4.315495005299911170e-308
4.273186500232348769e-308
4.225541880354258763e-308
4.180831281981270008e-308
4.139499230781934684e-308
4.100138673734451211e-308
4.063229154800940560e-308
4.027172173092375752e-308
3.995187408016148848e-308
3.969758507943742890e-308
3.945916999122909007e-308
3.922634015851594374e-308
3.900370109565441694e-308
3.878288199543455948e-308
3.856689211667194009e-308
3.835943661448024402e-308
3.812938944922179671e-308
3.787793347239673682e-308
3.764597774627128434e-308
3.740811938831704457e-308
3.717919736471441288e-308
3.697051391941034128e-308
3.678175007225134318e-308
3.659924275566798200e-308
3.646049316975864542e-308
3.634478456045868117e-308
3.622349410047116239e-308
3.610957425688518599e-308
3.600499669703138236e-308
3.589038405090323715e-308
3.579804255384854539e-308
3.571764539298277133e-308
3.561426761877897869e-308
3.550502885671684014e-308
3.543189373219049507e-308
3.536143206183052442e-308
3.529369299624935193e-308
3.522429685200457503e-308
3.515469038753513460e-308
3.508798359482146211e-308
3.502715649604000642e-308
3.506689553255742489e-308
3.510518911165404185e-308
3.514909547777460626e-308
3.523195023581806467e-308
3.534199156624755416e-308
3.546140784840852946e-308
3.557538877252767675e-308
3.572161949997794255e-308
3.590030268007558090e-308
3.598614732192414782e-308
3.607372617183292374e-308
3.615744318587280635e-308
3.623987796712804226e-308
3.632432489671522705e-308
3.641233426554620932e-308
3.649529716391997703e-308
3.658403662487208126e-308
3.667771151520581045e-308
3.681435474667413845e-308
3.698895550679341109e-308
3.718917893769523615e-308
3.739269856259993649e-308
3.760332153695586583e-308
3.782135792844298086e-308
3.805017525311737076e-308
3.829672653286234066e-308
3.855456307901601955e-308
3.881557797754508558e-308
3.906090088966627953e-308
3.932298721572674630e-308
3.959274838690180001e-308
3.987353503983128731e-308
4.016857033358993693e-308
4.047017699841629175e-308
4.076635355671922625e-308
4.107800676733682080e-308
4.140592648673053619e-308
4.175580789443371392e-308
4.215084288385031173e-308
4.251361350746073535e-308
4.287845582742835489e-308
4.326716750558054806e-308
4.366542587386989202e-308
4.408061284360182300e-308
4.448680092561184435e-308
4.484943006180516140e-308
4.522726400839781922e-308
4.562514479974225652e-308
4.600690651045924430e-308
4.640034057169800697e-308
4.675922037266103492e-308
4.713555740481811093e-308
4.753008859894904965e-308
4.794438312697620997e-308
4.837240279098070607e-308
4.874440743316767334e-308
4.907807798268207769e-308
4.942190481006370948e-308
4.978855520075947136e-308
5.018838732201437332e-308
5.044740753288264038e-308
5.063695754514974330e-308
5.084985569808408903e-308
5.104975732342038461e-308
5.125028098230597493e-308
5.139956821850922236e-308
5.150262991923581479e-308
5.159156813324226828e-308
5.168188708902632285e-308
5.177611368122682156e-308
5.181454906393155064e-308
5.180425694763100174e-308
5.179675612967144612e-308
5.178113673951166368e-308
5.175356685997000916e-308
5.170277379337615681e-308
5.160369511619358577e-308
5.149281624686513148e-308
5.137119807688437813e-308
5.124740699748560441e-308
5.110851031553947224e-308
5.091613568163775756e-308
5.072581214090749921e-308
5.053183679936215921e-308
5.033148990202613365e-308
5.013701289938419590e-308
4.996106036665165800e-308
4.978232690877829475e-308
4.960386063978777407e-308
4.942232647906122018e-308
4.925292008691143706e-308
4.910140922881708025e-308
4.894804512611923339e-308
4.879512707768080687e-308
4.864178502683255688e-308
4.849856546789381765e-308
4.836151693716592337e-308
4.822309129177432623e-308
4.808337080399619655e-308
4.794586419860532296e-308
4.782845846694646652e-308
4.772292150089498996e-308
4.761808538207467847e-308
4.751114534155616611e-308
4.741769324658595262e-308
4.735495346276764997e-308
4.729513895679948583e-308
4.723550367193132064e-308
4.717700983989636684e-308
4.714692968373564441e-308
4.713641821304818268e-308
4.712641936578200503e-308
4.711721444202952471e-308
4.710862101657427966e-308
4.711479858665710659e-308
4.712549989972313937e-308
4.713688938767563706e-308
4.715403620934216565e-308
4.718210672755587166e-308
4.721869880505853101e-308
4.725568581184613579e-308
4.729348373205442664e-308
4.733291266014405157e-308
4.738438020957816521e-308
4.743917457655074584e-308
4.749576265154158047e-308
4.755206197826285278e-308
4.761210898904260392e-308
4.767477699735122415e-308
4.773798683652797949e-308
4.779605188907347656e-308
4.785286533990580808e-308
4.791784101282530016e-308
4.798415191151229233e-308
4.805185262951938314e-308
4.812074545471278899e-308
4.820053498493932174e-308
4.828519982812278964e-308
4.837088026484294558e-308
4.845799008509172624e-308
4.854741284762602192e-308
4.864180359781053059e-308
4.873904856205334260e-308
4.883747706102187867e-308
4.895193965319847085e-308
4.908431615261162361e-308
4.921952079967530118e-308
4.935830205407671858e-308
4.950735411394833828e-308
4.966911564269841087e-308
4.983502120670064289e-308
5.000593163238532838e-308
5.018394138048162904e-308
5.037719900570925869e-308
5.057706637182038907e-308
5.078205911563760119e-308
5.099358941105106427e-308
5.121947353098268090e-308
5.145153065644130107e-308
5.168685061977100608e-308
5.194602780002242404e-308
5.225251045451725630e-308
5.256418965662204547e-308
5.288808027361428308e-308
5.324674551539917745e-308
5.361868375290538461e-308
5.400188281142972258e-308
5.441856165083192117e-308
5.487215298759812093e-308
5.534726762169873160e-308
5.583983831998303278e-308
5.638415129317937780e-308
5.697036454981462110e-308
5.757815141697165142e-308
5.822220524112905060e-308
5.893623385181581715e-308
5.968571786769985774e-308
6.047096964097765714e-308
6.132070532053149690e-308
6.224867022266554840e-308
6.321957116510505688e-308
6.424734471859927748e-308
6.537389147772786396e-308
6.658557492298915169e-308
6.787040576744031419e-308
6.923370414473159826e-308
7.072720030110047412e-308
7.232588714771059835e-308
7.402855807567479025e-308
7.585996515248502298e-308
7.785621633785928270e-308
7.999858441507589126e-308
8.230037559363774812e-308
8.482399188070713128e-308
8.758624928624373353e-308
9.058170071240964666e-308
9.386660324367936811e-308
9.756750155383987137e-308
1.016270791361343368e-307
1.061126474412382193e-307
1.111574548361079845e-307
1.168350407424267722e-307
1.231820463660482532e-307
1.303249837864637833e-307
1.383326233302828501e-307
1.474681759038312863e-307
1.579182459604650457e-307
1.698729551754835906e-307
1.838138148823763483e-307
2.002445174867091895e-307
2.196659988359053003e-307
2.430535836384443651e-307
2.721184524889184811e-307
3.087313148923060492e-307
3.564481190519504945e-307
4.218934494028954865e-307
5.140739175822460954e-307
6.574069932908450499e-307
9.125107739510775792e-307
1.475768935311052491e-306
3.934327965538876764e-306
3.141592653589793116e+00
3.141592653589793116e+00
3.141592653589793116e+00
3.141592653589793116e+00
3.141592653589793116e+00
3.141592653589793116e+00
3.141592653589793116e+00
3.141592653589793116e+00
3.141592653589793116e+00
3.141592653589793116e+00
3.141592653589793116e+00
3.141592653589793116e+00
3.141592653589793116e+00
3.141592653589793116e+00
3.141592653589793116e+00
3.141592653589793116e+00
3.141592653589793116e+00
3.141592653589793116e+00
3.141592653589793116e+00
3.141592653589793116e+00
3.141592653589793116e+00
3.141592653589793116e+00
3.141592653589793116e+00
3.141592653589793116e+00
3.141592653589793116e+00
3.141592653589793116e+00
3.141592653589793116e+00
3.141592653589793116e+00
3.141592653589793116e+00
3.141592653589793116e+00
3.141592653589793116e+00
3.141592653589793116e+00
3.141592653589793116e+00
3.141592653589793116e+00
3.141592653589793116e+00
3.141592653589793116e+00
3.141592653589793116e+00
3.141592653589793116e+00
3.141592653589793116e+00
3.141592653589793116e+00
3.141592653589793116e+00
3.141592653589793116e+00
3.141592653589793116e+00
3.141592653589793116e+00
3.141592653589793116e+00
3.141592653589793116e+00
3.141592653589793116e+00
3.141592653589793116e+00
3.141592653589793116e+00
3.141592653589793116e+00
3.141592653589793116e+00
3.141592653589793116e+00
3.141592653589793116e+00
3.141592653589793116e+00
