2.352825927477936840e+00
2.347609627994961201e+00
2.342221961343369241e+00
2.337307999798504454e+00
2.332795988662148545e+00
2.328605576908787889e+00
2.324543467096655824e+00
2.320497499478856973e+00
2.316402514777816002e+00
2.312192681556513030e+00
2.307814558606372746e+00
2.303264355015198550e+00
2.298518858402117448e+00
2.293581364534319267e+00
2.288457032156661963e+00
2.283149727625118253e+00
2.277684195453720584e+00
2.272063820077258267e+00
2.266311740556084864e+00
2.260445007372702264e+00
2.254484217689148640e+00
2.248437515456558788e+00
2.242335284681179708e+00
2.236206337424076818e+00
2.230082511141435297e+00
2.223990308235459956e+00
1.047865770510842694e-307
1.011587328640859707e-307
9.776328478604083770e-308
9.460493622682636121e-308
9.163461792472249261e-308
8.881813093985647116e-308
8.613728624802122781e-308
8.352185017823694174e-308
8.103459316811685424e-308
7.864179807394821048e-308
7.640762355504414251e-308
7.432377457888208821e-308
7.239697248277626445e-308
7.058271110327022598e-308
6.887777636370082281e-308
6.725982796100948876e-308
6.570890625656352445e-308
6.425107623349260857e-308
6.287422524918287822e-308
6.159806315033031339e-308
6.041392215084114813e-308
5.935138664498637113e-308
5.833513461306781852e-308
5.735454224006688383e-308
5.643588698621974664e-308
5.552884697771140768e-308
5.465524483228806210e-308
5.382408589840794351e-308
5.303902725103459070e-308
5.229821037486220389e-308
5.160711021425110840e-308
5.094688250094540220e-308
5.032072130134889369e-308
4.972333396616405990e-308
4.915505982748980650e-308
4.860150861378966140e-308
4.807950959667702007e-308
4.757274653752189134e-308
4.709336450335659571e-308
4.663153982070215722e-308
4.618561620077174599e-308
4.574494761941211129e-308
4.533736557139808198e-308
4.493792035294803714e-308
4.454261736617939087e-308
4.416698985845199083e-308
4.381100556794211074e-308
4.350391070097801383e-308
4.321939086544333708e-308
4.296647639328761608e-308
4.272473343248652351e-308
4.248662812723486353e-308
4.226423915898624671e-308
4.201447199821157935e-308
4.175941635815321649e-308
4.150884123312816747e-308
4.126515258949379107e-308
4.102619190605475423e-308
4.079146130306697625e-308
4.056488971486352802e-308
4.038918464351151611e-308
4.021230302094839475e-308
4.004793796261774527e-308
3.988741498653711545e-308
3.974432462870597603e-308
3.961110074101134209e-308
3.948747505882240166e-308
3.935993220457853251e-308
3.923150210512390309e-308
3.912326731738967614e-308
3.901977837360541031e-308
3.892500452771013764e-308
3.883858415467550990e-308
3.875255949801056798e-308
3.870137613338145583e-308
3.868394277830358254e-308
3.866185768718675581e-308
3.865310423913082941e-308
3.864040743479686216e-308
3.863088437224997706e-308
3.862210605422373785e-308
3.861056799606278332e-308
3.857429664109744888e-308
3.852990409670365847e-308
3.848214907464747921e-308
3.844068362843658042e-308
3.841061667834245223e-308
3.837753051916475636e-308
3.835113190667517885e-308
3.833387812171813725e-308
3.833193503166666007e-308
3.834711699780037905e-308
3.836056725509460785e-308
3.837406528735371966e-308
3.838578440023930890e-308
3.840365172846673323e-308
3.842383530254838820e-308
3.844296718091947813e-308
3.846312468836556068e-308
3.849451210211358508e-308
3.852609049388620841e-308
3.855852664992572159e-308
3.859379442859664299e-308
3.863020606463060709e-308
3.866943207929918604e-308
3.870804490796888404e-308
3.874707184815306078e-308
3.878664007510791718e-308
3.881315246759003278e-308
3.883891848190440817e-308
3.887407769069247044e-308
3.891469382466546644e-308
3.895367622543242971e-308
3.899090300101471938e-308
3.903197265377942383e-308
3.907688539353674184e-308
3.912169813044080471e-308
3.917176205302468437e-308
3.922041399777220030e-308
3.926028900164899009e-308
3.930132412846422604e-308
3.934299803022868499e-308
3.938349308360546949e-308
3.941654379990535753e-308
3.944769631199436823e-308
3.947872418583389414e-308
3.950887891798010761e-308
3.953579936516369237e-308
3.956709947258513073e-308
3.959809313794909443e-308
3.962846874110558822e-308
3.965773103206226244e-308
3.969992475996963618e-308
3.975211467783333448e-308
3.980568874742785189e-308
3.985973399595778461e-308
3.991639223910402232e-308
4.000078990940639637e-308
4.009627495013616252e-308
4.019164282257685339e-308
4.028899931822093258e-308
4.038912591625212166e-308
4.049061363608413235e-308
4.059342534998524623e-308
4.069682823320918049e-308
4.080086870713857028e-308
4.090922871912073343e-308
4.098758861477938587e-308
4.105678614640049813e-308
4.112665029716822701e-308
4.119797659506173253e-308
4.127071438792510497e-308
4.134415284204618920e-308
4.141847504816976925e-308
4.149332432608077660e-308
4.156894034076798661e-308
4.164583974359785035e-308
4.171895762646671890e-308
4.179894836419731124e-308
4.187951178432364257e-308
4.196111055413514675e-308
4.204129465197884800e-308
4.210510116364867404e-308
4.215800642221477138e-308
4.221322180785747826e-308
4.226928138145872814e-308
4.232590740431333155e-308
4.238208074596737596e-308
4.243546539131579178e-308
4.248511173726976271e-308
4.253539342580104553e-308
4.258886380975802640e-308
4.265059075749578035e-308
4.271619981622906747e-308
4.278436388041797479e-308
4.285477961127518268e-308
4.292306675101401077e-308
4.297838043908759421e-308
4.303249267268300649e-308
4.308894623316986145e-308
4.315660373974254337e-308
4.322876890481555211e-308
4.330809936482682436e-308
4.339001556805669295e-308
4.347340458651253331e-308
4.355891302915503862e-308
4.364025588572279370e-308
4.371621599504674798e-308
4.379320564059310098e-308
4.387130859139659888e-308
4.395342987878944848e-308
4.401717578531487242e-308
4.406947804713064855e-308
4.412286163394060692e-308
4.417792554039643217e-308
4.423497758672157016e-308
4.430340738319968939e-308
4.437446294792671281e-308
4.444861640628567611e-308
4.452432221281876249e-308
4.460229397679250862e-308
4.468674392672204638e-308
4.477704611328901695e-308
4.486986563943672033e-308
4.496453494805910565e-308
4.508115142626216458e-308
4.520836187193286015e-308
4.533758918721016130e-308
4.547338316411046324e-308
4.561421102248087429e-308
4.577395763935574755e-308
4.593720447880712714e-308
4.610308928217896431e-308
4.627503014720083116e-308
4.643961691951866074e-308
4.659483404317826807e-308
4.675695624508169316e-308
4.692315380329121430e-308
4.709304794522467255e-308
4.722037045779020432e-308
4.735268549085811284e-308
4.748718478658031479e-308
4.762586965759208494e-308
4.775687525609314801e-308
4.788328049183854422e-308
4.801853352170069357e-308
4.815819461485064316e-308
4.830082697265295261e-308
4.846512154820008613e-308
4.863198380008207214e-308
4.880195801035720737e-308
4.897831531383050185e-308
4.917406232514754912e-308
4.937800738286749218e-308
4.958772949362009417e-308
4.980409764589423793e-308
5.002274995844818871e-308
5.024370148297372475e-308
5.047149231220522278e-308
5.070534209947276607e-308
5.095162502955178372e-308
5.121497446532798490e-308
5.148605367470485128e-308
5.177194787693526655e-308
5.207554861788810697e-308
5.241938935982620234e-308
5.277577598637493253e-308
5.314520413535197385e-308
5.353098104338213624e-308
5.395717130014993619e-308
5.440230645468336542e-308
5.486634262255231083e-308
5.534494689883454087e-308
5.581403273193952583e-308
5.629810168589417608e-308
5.679992126702183040e-308
5.732411884364395683e-308
5.786798173028930044e-308
5.841916539970675207e-308
5.899175174222082545e-308
5.960126081180317536e-308
6.024535902040659333e-308
6.091228008395932007e-308
6.160687113366743174e-308
6.230149299217931959e-308
6.302476932325533534e-308
6.377927394087816743e-308
6.455600593260090785e-308
6.535160334986698179e-308
6.618647233027555410e-308
6.705245942815232018e-308
6.797869017721341613e-308
6.896533887936496964e-308
7.000474396055036426e-308
7.111786106225268224e-308
7.232969587886445332e-308
7.361719956388588659e-308
7.496725840932693305e-308
7.639097632221988077e-308
7.792650389037752412e-308
7.955712500331948736e-308
8.127932578490789889e-308
8.310190608564897672e-308
8.506442688208412569e-308
8.716268079425490717e-308
8.938980714645985236e-308
9.177169722819300325e-308
9.437274218899766023e-308
9.717117529397579401e-308
1.001767556610850931e-307
1.034166043575855817e-307
1.069962999161947911e-307
1.108162955908091185e-307
1.149622200860886714e-307
1.195356753294682036e-307
1.246109231568890498e-307
1.301630003463324486e-307
1.362926085286972087e-307
1.432395274510825739e-307
1.510774538444247764e-307
1.598542935832229604e-307
1.698441064339690657e-307
1.815492463378112142e-307
1.951577355453616794e-307
2.110141543115218869e-307
2.301500178674826495e-307
2.539000466870217085e-307
2.832394598288130837e-307
3.206131434872691888e-307
3.726647557636442094e-307
4.450920252533930366e-307
5.526518838139382166e-307
7.434175512812786952e-307
1.133919569567853357e-306
2.407704417565961317e-306
3.141592653589793116e+00
3.141592653589793116e+00
3.141592653589793116e+00
3.141592653589793116e+00
3.141592653589793116e+00
3.141592653589793116e+00
3.141592653589793116e+00
3.141592653589793116e+00
3.141592653589793116e+00
3.141592653589793116e+00
3.141592653589793116e+00
3.141592653589793116e+00
3.141592653589793116e+00
3.141592653589793116e+00
3.141592653589793116e+00
3.141592653589793116e+00
3.141592653589793116e+00
3.141592653589793116e+00
3.141592653589793116e+00
3.141592653589793116e+00
3.141592653589793116e+00
3.141592653589793116e+00
3.141592653589793116e+00
3.141592653589793116e+00
3.141592653589793116e+00
3.141592653589793116e+00
3.141592653589793116e+00
3.141592653589793116e+00
3.141592653589793116e+00
3.141592653589793116e+00
3.141592653589793116e+00
3.141592653589793116e+00
3.141592653589793116e+00
3.141592653589793116e+00
3.141592653589793116e+00
3.141592653589793116e+00
3.141592653589793116e+00
3.141592653589793116e+00
3.141592653589793116e+00
3.141592653589793116e+00
3.141592653589793116e+00
3.141592653589793116e+00
3.141592653589793116e+00
3.141592653589793116e+00
3.141592653589793116e+00
3.141592653589793116e+00
3.141592653589793116e+00
3.141592653589793116e+00
3.141592653589793116e+00
3.141592653589793116e+00
3.141592653589793116e+00
3.141592653589793116e+00
3.141592653589793116e+00
3.141592653589793116e+00
3.141592653589793116e+00
3.141592653589793116e+00
3.141592653589793116e+00
3.141592653589793116e+00
6.706554557364989786e-306
