2.358494813268632750e+00
2.359212331152437336e+00
2.356691287045981742e+00
2.351169500225864351e+00
2.343255983088616823e+00
2.333391307945293036e+00
2.321860725838329920e+00
2.308939222226416010e+00
2.294893939103654912e+00
2.280043084058658742e+00
2.264705752279160489e+00
2.249183753437090871e+00
2.233804872605506642e+00
2.218802280963628970e+00
2.204376923045781922e+00
2.190685840220774949e+00
2.177816848258872007e+00
2.165895364619390584e+00
2.154956546288143038e+00
7.933625605412464502e-308
7.544444317578085218e-308
7.202089411924926791e-308
6.899113990817754452e-308
6.629322805414628015e-308
6.387260227921002983e-308
6.168629925041616623e-308
5.970057625377313856e-308
5.789900730521547239e-308
5.625652350325343946e-308
5.475260542056655353e-308
5.338137713267870583e-308
5.210351955886466929e-308
5.095361005129226792e-308
4.990079313169172285e-308
4.895944487624989392e-308
4.811320050507622858e-308
4.734703423367978830e-308
4.665567925843078613e-308
4.601539057182259661e-308
4.541698044983071238e-308
4.486337254688139880e-308
4.433665247195219172e-308
4.384547236465524806e-308
4.339006954845401299e-308
4.298864553348137266e-308
4.261694339412990513e-308
4.229305787801523747e-308
4.199099846409039872e-308
4.171240353224203723e-308
4.144946199841050783e-308
4.121257424161807293e-308
4.099324532612003796e-308
4.079389184850137943e-308
4.061185881367321813e-308
4.046181028162855017e-308
4.033929810703186864e-308
4.023518271290500467e-308
4.014808965684480173e-308
4.007593528701033553e-308
3.999979008751038347e-308
3.992845326948547028e-308
3.986477169954372671e-308
3.980677854933497341e-308
3.972679186025490550e-308
3.964750741860037980e-308
3.960283762251276660e-308
3.953085278679873779e-308
3.942346822768872341e-308
3.938950640041539672e-308
3.937661644416066679e-308
3.928057662681329297e-308
3.923615196770269586e-308
3.925206936148867519e-308
3.915239009734262093e-308
3.911199829534108802e-308
3.917686529342506529e-308
3.913606341635705583e-308
3.909279363250391000e-308
3.912754176959449628e-308
3.912682217456198021e-308
3.909879940791769140e-308
3.908327345784779415e-308
3.907532153289949187e-308
3.903336470492208679e-308
3.897987760306993080e-308
3.892078506463165445e-308
3.885342990866293089e-308
3.880240716494226604e-308
3.875390863607679492e-308
3.872516495310972459e-308
3.869732134857842836e-308
3.867223262175727994e-308
3.864739125728550707e-308
3.863447646814834688e-308
3.863341809694904135e-308
3.863646950176238733e-308
3.864736648237189291e-308
3.866295896852083545e-308
3.868388830796509149e-308
3.870945691466516857e-308
3.873949771646093288e-308
3.876872840096236529e-308
3.879794427253372399e-308
3.881479774530033272e-308
3.882680374113826655e-308
3.882127468673797357e-308
3.880882585906240741e-308
3.879533238635296918e-308
3.881526498996023485e-308
3.883144311632549468e-308
3.884860345617417435e-308
3.887586588037338012e-308
3.890777527630627966e-308
3.895375191278763291e-308
3.903025902462648459e-308
3.910693212874603479e-308
3.918006000696816123e-308
3.924239610211692648e-308
3.930269432072947679e-308
3.937031016517389576e-308
3.944091259478155494e-308
3.950589205258017007e-308
3.956420353183086429e-308
3.959148208551065960e-308
3.961186960303629060e-308
3.962726975734701544e-308
3.966347551413866828e-308
3.970039517242043749e-308
3.973570852587371566e-308
3.975481590411186748e-308
3.977533717358394987e-308
3.980061553823066499e-308
3.984147355040753488e-308
3.992594225704394702e-308
4.001484049047748310e-308
4.010935146391211070e-308
4.017955803544000162e-308
4.022587119543345028e-308
4.027899456147173063e-308
4.033685465415857922e-308
4.043514640385421083e-308
4.055402465055167448e-308
4.067239338242143797e-308
4.078291262368700957e-308
4.084878195193565142e-308
4.090091944094194522e-308
4.095856926671142219e-308
4.103001635469971425e-308
4.116043360510249704e-308
4.133810778152406503e-308
4.151324554269949180e-308
4.169311265925016046e-308
4.187404246011560513e-308
4.201572085525927344e-308
4.215180236615618380e-308
4.229037815527954493e-308
4.243153194065715109e-308
4.257634830989102218e-308
4.274388420466964621e-308
4.291604655940317618e-308
4.309020621138520175e-308
4.326838254136790961e-308
4.343322765660353569e-308
4.359428033329018701e-308
4.376312860008928304e-308
4.393767474028318255e-308
4.411692143444949990e-308
4.429678458155750242e-308
4.448303670686703514e-308
4.467584242791399777e-308
4.488237013828877231e-308
4.507383858113968126e-308
4.524613604716648067e-308
4.543210910880719523e-308
4.562502831150682071e-308
4.582449713281083610e-308
4.603462267437330177e-308
4.625885862262957889e-308
4.649231243614719406e-308
4.673996239524674290e-308
4.695926939281292430e-308
4.713568809405570473e-308
4.732383770816919795e-308
4.752080081761989732e-308
4.771681045633524382e-308
4.786679337755643525e-308
4.800863951742279916e-308
4.816192166520786738e-308
4.832056857645057040e-308
4.846773446170823282e-308
4.860543339000381685e-308
4.875209262540990722e-308
4.890487137207595085e-308
4.906236512036176908e-308
4.921144815130120829e-308
4.936027875357665220e-308
4.951413839196937948e-308
4.967559490642603772e-308
4.981113190132476566e-308
4.992024471603473074e-308
5.003272576626200948e-308
5.014892494785534262e-308
5.026169999401200290e-308
5.035305490234837239e-308
5.044390843519846247e-308
5.053753562475587007e-308
5.063452759385904669e-308
5.071238438200560839e-308
5.077709371885575765e-308
5.084491253700008215e-308
5.091554684327421897e-308
5.097312994729631748e-308
5.100462776960224006e-308
5.103747628615509336e-308
5.107135566285028513e-308
5.110259152664780366e-308
5.111748602283331185e-308
5.112794335593650784e-308
5.113909942545694753e-308
5.115109270291401387e-308
5.114713498944163591e-308
5.112759808107086742e-308
5.111180582549407366e-308
5.109020650083162389e-308
5.106793333387879743e-308
5.104390953725056903e-308
5.101810427160495506e-308
5.099160392836137385e-308
5.096590852636811872e-308
5.094454244671990464e-308
5.092213434180282276e-308
5.089821861497395962e-308
5.087418619288930733e-308
5.085509476578366636e-308
5.084020323375216435e-308
5.082482109740751157e-308
5.080802124555115290e-308
5.079504503509129071e-308
5.078973331344225526e-308
5.078181260384384045e-308
5.077361530533364609e-308
5.077306889282917618e-308
5.080437363535763865e-308
5.083461409030012779e-308
5.086459959630269751e-308
5.089650205113037197e-308
5.094670095033857073e-308
5.099933810486140128e-308
5.105339569762500321e-308
5.111062955391428784e-308
5.119749431111029364e-308
5.129673048493792228e-308
5.139741993067652809e-308
5.149943353929761461e-308
5.161772700090454229e-308
5.174932136167692784e-308
5.188384373998248872e-308
5.201999282046406786e-308
5.218142792588766844e-308
5.237062800663949093e-308
5.256167218640062282e-308
5.275545898053919034e-308
5.293098355009443850e-308
5.308282319736645807e-308
5.323948005269354617e-308
5.339516397978028012e-308
5.358754800596859703e-308
5.381068238304494527e-308
5.403309763989607049e-308
5.426520312682196711e-308
5.447937497440364752e-308
5.469204861982982334e-308
5.491006376972629030e-308
5.513217739463072318e-308
5.535348048987126484e-308
5.557745271519873170e-308
5.580686776618609556e-308
5.604316785301423217e-308
5.630958255295390099e-308
5.659644132806110918e-308
5.688906554757224016e-308
5.719160537747199082e-308
5.754227507541065694e-308
5.794305479504810651e-308
5.835310333521256669e-308
5.877506856403417276e-308
5.922549370048563100e-308
5.972814897204078853e-308
6.024451471188536094e-308
6.077893291797205707e-308
6.134146804945834038e-308
6.196343793075046242e-308
6.261674888878063121e-308
6.329398965670661235e-308
6.400118777986579728e-308
6.476957024105631531e-308
6.559043114270348585e-308
6.644521845090940184e-308
6.733884604758711644e-308
6.828087425977717901e-308
6.928461375490058653e-308
7.033219476363887974e-308
7.143283626820503285e-308
7.259086210586215796e-308
7.382835453899293658e-308
7.513378735953711616e-308
7.650874991517563174e-308
7.796419549447763743e-308
7.954159705494154072e-308
8.122369613965206066e-308
8.301178373012878177e-308
8.491586293341533927e-308
8.698925034640983807e-308
8.921625169119594003e-308
9.160165984929324512e-308
9.417071805026637922e-308
9.700440406931116820e-308
1.000987058149890694e-307
1.034506616199404322e-307
1.070818936003668352e-307
1.111574444414336288e-307
1.156316558460898177e-307
1.205539415665415032e-307
1.259777742330464884e-307
1.320505221448770750e-307
1.388211813084654198e-307
1.463798175460146274e-307
1.549507866993013261e-307
1.647152117198319845e-307
1.758491949141725768e-307
1.887457338417054469e-307
2.037824066829707404e-307
2.214739390981129979e-307
2.427489786333301600e-307
2.683715868037931065e-307
3.001689192311243681e-307
3.406985241201792249e-307
3.929183189869507847e-307
4.644289471652840004e-307
5.675817455689431224e-307
7.270674651454384339e-307
1.012650946411918821e-306
1.666895262630577823e-306
4.705024880168822660e-306
3.141592653589793116e+00
3.141592653589793116e+00
3.141592653589793116e+00
3.141592653589793116e+00
3.141592653589793116e+00
3.141592653589793116e+00
3.141592653589793116e+00
3.141592653589793116e+00
3.141592653589793116e+00
3.141592653589793116e+00
3.141592653589793116e+00
3.141592653589793116e+00
3.141592653589793116e+00
3.141592653589793116e+00
3.141592653589793116e+00
3.141592653589793116e+00
3.141592653589793116e+00
3.141592653589793116e+00
3.141592653589793116e+00
3.141592653589793116e+00
3.141592653589793116e+00
3.141592653589793116e+00
3.141592653589793116e+00
3.141592653589793116e+00
3.141592653589793116e+00
3.141592653589793116e+00
3.141592653589793116e+00
3.141592653589793116e+00
3.141592653589793116e+00
3.141592653589793116e+00
3.141592653589793116e+00
3.141592653589793116e+00
3.141592653589793116e+00
3.141592653589793116e+00
3.141592653589793116e+00
3.141592653589793116e+00
3.141592653589793116e+00
3.141592653589793116e+00
3.141592653589793116e+00
3.141592653589793116e+00
3.141592653589793116e+00
3.141592653589793116e+00
3.141592653589793116e+00
3.141592653589793116e+00
3.141592653589793116e+00
3.141592653589793116e+00
3.141592653589793116e+00
3.141592653589793116e+00
3.141592653589793116e+00
3.141592653589793116e+00
3.141592653589793116e+00
3.141592653589793116e+00
3.141592653589793116e+00
3.141592653589793116e+00
3.141592653589793116e+00
3.141592653589793116e+00
