2.353291679248875390e+00
2.348961335913788417e+00
2.344077936166592213e+00
2.338850473481090653e+00
2.333161453242910799e+00
2.326930399513480907e+00
2.320028236157576362e+00
2.312377089246449469e+00
2.303950625896021620e+00
2.294755570736551231e+00
2.284810007107410890e+00
2.274202957207922982e+00
2.263005299778944490e+00
2.251300330444585107e+00
2.239191840415165835e+00
2.226813942335160945e+00
2.214321610842452603e+00
2.201908224603036590e+00
2.189758390602997373e+00
2.178004684406600333e+00
2.166761666116013618e+00
8.492738536241441289e-308
8.094631212163748379e-308
7.732947282267225499e-308
7.403313331252604201e-308
7.102674580874190578e-308
6.828197257081627835e-308
6.580343397593729362e-308
6.353236677085600960e-308
6.147462405969631804e-308
5.958912262868048153e-308
5.787150912071267679e-308
5.629894881749359394e-308
5.485820952987995498e-308
5.353989770137547298e-308
5.231636196977235453e-308
5.119833929732790421e-308
5.015548135027874424e-308
4.919357004831613989e-308
4.830479850970807376e-308
4.748399187471597510e-308
4.671593315429029189e-308
4.600955966154332171e-308
4.535434809498082633e-308
4.474235752755102208e-308
4.418313145137932606e-308
4.365414664796628622e-308
4.315998199309731619e-308
4.270073754989435290e-308
4.226448740578914031e-308
4.186496369797282404e-308
4.148609076311208252e-308
4.113633059087735950e-308
4.080814578417912910e-308
4.049911398769020243e-308
4.021703745934574330e-308
3.996158526782823668e-308
3.972854282746470187e-308
3.950901097664683805e-308
3.932959843958221050e-308
3.916756709463861915e-308
3.900608865809245105e-308
3.885595722180365630e-308
3.874299669354710557e-308
3.862328438769885428e-308
3.847545382419823901e-308
3.837582032603664706e-308
3.830107419347281775e-308
3.816827383725971255e-308
3.804729319304264761e-308
3.800802156179112982e-308
3.790861710620847899e-308
3.776922614610757697e-308
3.774111477531486115e-308
3.769018899882277848e-308
3.756885162164519966e-308
3.751957564323313145e-308
3.748200649173556091e-308
3.739099396176560112e-308
3.732088433185652809e-308
3.727389602638272492e-308
3.721309991962972000e-308
3.713976081392511050e-308
3.708275100885496001e-308
3.703131509028498147e-308
3.697402138994017336e-308
3.691845233650490829e-308
3.687965488539677200e-308
3.684465999822149091e-308
3.682103764338740910e-308
3.679886205901372524e-308
3.678661492612536591e-308
3.677822746078337961e-308
3.677511409609352494e-308
3.677525957916275882e-308
3.678180383485932896e-308
3.680701401580865191e-308
3.682863696133809737e-308
3.687565986024519780e-308
3.692897736869973542e-308
3.698021551311965437e-308
3.704630785785812485e-308
3.710708932135942892e-308
3.716983287971416343e-308
3.723355306496396947e-308
3.729177551092681962e-308
3.734836518490990217e-308
3.740528827308792719e-308
3.746030180404469850e-308
3.751597403726934710e-308
3.757136439228743060e-308
3.764517799465598376e-308
3.772176372338237986e-308
3.779916908934868909e-308
3.787773591326230225e-308
3.795632556910020225e-308
3.803456397893787094e-308
3.811437218427139107e-308
3.818979761409694229e-308
3.827344581754650577e-308
3.835148987677434565e-308
3.842549961766625173e-308
3.850467057149229400e-308
3.861070629436655517e-308
3.872995743554631693e-308
3.884914844721775982e-308
3.895395974484217596e-308
3.903508505336641127e-308
3.912148970972078955e-308
3.920656391026577951e-308
3.933136546849453181e-308
3.945093420797770474e-308
3.957678380583090691e-308
3.966316983707179263e-308
3.971383497184766425e-308
3.976611436126838868e-308
3.981697354879653063e-308
3.998785516351338492e-308
4.019294648073937578e-308
4.040368069176056505e-308
4.058006631004033700e-308
4.061369740450990206e-308
4.061548760684072716e-308
4.061841070295292657e-308
4.067086910181282452e-308
4.088885336842250065e-308
4.113404105679279868e-308
4.138295838041463141e-308
4.161634274736878041e-308
4.170006212943988386e-308
4.172588141913131560e-308
4.175626065203111508e-308
4.178449045151455603e-308
4.189300571954590104e-308
4.211445848498575617e-308
4.232998452002154977e-308
4.255427657875980734e-308
4.275388296832976848e-308
4.282744364936347230e-308
4.288280815532414409e-308
4.294072948272084634e-308
4.300111910145100756e-308
4.312268685152322607e-308
4.330254491753214894e-308
4.348123572996697602e-308
4.366624622557864448e-308
4.382906341408091648e-308
4.393351916319340605e-308
4.404375882213203547e-308
4.415598436404699577e-308
4.426899770997223010e-308
4.440366490463330604e-308
4.454769360283722105e-308
4.469210859931711566e-308
4.484672894438917138e-308
4.498791998882084820e-308
4.510207467584475723e-308
4.522155207672119573e-308
4.534538337085540346e-308
4.547435274181897837e-308
4.561557570482187875e-308
4.576146523161879934e-308
4.591002187035489566e-308
4.606302928701759059e-308
4.620580862015215009e-308
4.633914830480884855e-308
4.647734083243589017e-308
4.661929814650330330e-308
4.675923492590003235e-308
4.688549403854726773e-308
4.702131383425750192e-308
4.716099102517118071e-308
4.729814045568784854e-308
4.741287828802804411e-308
4.752498195734021996e-308
4.764052086650845766e-308
4.775903371642002333e-308
4.785132316393686729e-308
4.790391652908407986e-308
4.796227654473983122e-308
4.802102492212898014e-308
4.808234856539430779e-308
4.813758213369125821e-308
4.819171322555623335e-308
4.824743004529416201e-308
4.830651029239476130e-308
4.837380795006932639e-308
4.844735499517311884e-308
4.852397647108427585e-308
4.859930046842647014e-308
4.868039261681627844e-308
4.877916360801604846e-308
4.888144899415732138e-308
4.898414133881939168e-308
4.908664271992631165e-308
4.917820128591928546e-308
4.927095096561842912e-308
4.936543953452170442e-308
4.946188309170893529e-308
4.954759432161458277e-308
4.962526938724813394e-308
4.970750634851932941e-308
4.979039127566576084e-308
4.987046380543193326e-308
4.993720739483345532e-308
5.000956989620976280e-308
5.008359638064759599e-308
5.015667941345230893e-308
5.023115093923583916e-308
5.030923312223135412e-308
5.038937717520034395e-308
5.047082459605519156e-308
5.055981643794194103e-308
5.065685053299562796e-308
5.075546615896408184e-308
5.085618800349057092e-308
5.095799310943727305e-308
5.105785978797613254e-308
5.116008908397598414e-308
5.126451704539587100e-308
5.137119003694405429e-308
5.148292663504134008e-308
5.159854170065854081e-308
5.171673249432674526e-308
5.183622151803385663e-308
5.196833643473091377e-308
5.211028894639238468e-308
5.225299999770060000e-308
5.240181358195535632e-308
5.254968345817775201e-308
5.268355293281906685e-308
5.282002219802501070e-308
5.296203280379903157e-308
5.310613291965741831e-308
5.332995403394444848e-308
5.355968146207948175e-308
5.379655427153652110e-308
5.403937782191544768e-308
5.429143128374532808e-308
5.455115060823607618e-308
5.481484003570555914e-308
5.508545674416506730e-308
5.539429173910433671e-308
5.576810588931501121e-308
5.615035540075683624e-308
5.654599940381006509e-308
5.693544027198936686e-308
5.730417128103526441e-308
5.768321892760600013e-308
5.806712586009270186e-308
5.851651363998035145e-308
5.902171090086346779e-308
5.954338393980062002e-308
6.008477983170445813e-308
6.061368288567905236e-308
6.113833080281549907e-308
6.168087983820098424e-308
6.224028242800614636e-308
6.283701918485889966e-308
6.347356021570544949e-308
6.413215822371439116e-308
6.481546125566804102e-308
6.551139075676788043e-308
6.619755218513678948e-308
6.690545006921365034e-308
6.764099284500385805e-308
6.840335594734910578e-308
6.919161674824454386e-308
7.000475762467959607e-308
7.084931596414375339e-308
7.173238128496384648e-308
7.264206182029504911e-308
7.357986549573259956e-308
7.455422796081525883e-308
7.557252013983307837e-308
7.662753496843430318e-308
7.770566134724320071e-308
7.883270880650444889e-308
8.000886951796105172e-308
8.124776574972123886e-308
8.259978489594267030e-308
8.403554778280331616e-308
8.554507385942532199e-308
8.713119591894545909e-308
8.887598997096510860e-308
9.079749321822593652e-308
9.281488164092523877e-308
9.496003044341386025e-308
9.726210333129350533e-308
9.978187729146330001e-308
1.024578929584106436e-307
1.053202519271465039e-307
1.084056605274929100e-307
1.117598854016331751e-307
1.153647497726359766e-307
1.192626181622127451e-307
1.234919261713537735e-307
1.281225844993124130e-307
1.331577393982383623e-307
1.386652466388521936e-307
1.447369179874363169e-307
1.515213852754481216e-307
1.590461649548844335e-307
1.674194682217303169e-307
1.769198926842267036e-307
1.878725117782619852e-307
2.003458814002235800e-307
2.146691119547029077e-307
2.317070285286534720e-307
2.518774137704903326e-307
2.760775249729668033e-307
3.056198891633189621e-307
3.425413582646801633e-307
3.899561109603186601e-307
4.528008950838428708e-307
5.393416284666065978e-307
6.671004093144475458e-307
8.756487512946741792e-307
1.278931320521555702e-306
2.373390928511703109e-306
1.750226850052579051e-305
3.141592653589793116e+00
3.141592653589793116e+00
3.141592653589793116e+00
3.141592653589793116e+00
3.141592653589793116e+00
3.141592653589793116e+00
3.141592653589793116e+00
3.141592653589793116e+00
3.141592653589793116e+00
3.141592653589793116e+00
3.141592653589793116e+00
3.141592653589793116e+00
3.141592653589793116e+00
3.141592653589793116e+00
3.141592653589793116e+00
3.141592653589793116e+00
3.141592653589793116e+00
3.141592653589793116e+00
3.141592653589793116e+00
3.141592653589793116e+00
3.141592653589793116e+00
3.141592653589793116e+00
3.141592653589793116e+00
3.141592653589793116e+00
3.141592653589793116e+00
3.141592653589793116e+00
3.141592653589793116e+00
3.141592653589793116e+00
3.141592653589793116e+00
3.141592653589793116e+00
3.141592653589793116e+00
3.141592653589793116e+00
3.141592653589793116e+00
3.141592653589793116e+00
3.141592653589793116e+00
3.141592653589793116e+00
3.141592653589793116e+00
3.141592653589793116e+00
3.141592653589793116e+00
3.141592653589793116e+00
3.141592653589793116e+00
3.141592653589793116e+00
3.141592653589793116e+00
3.141592653589793116e+00
3.141592653589793116e+00
3.141592653589793116e+00
3.141592653589793116e+00
3.141592653589793116e+00
3.141592653589793116e+00
3.141592653589793116e+00
3.141592653589793116e+00
3.141592653589793116e+00
3.141592653589793116e+00
3.141592653589793116e+00
3.141592653589793116e+00
3.141592653589793116e+00
3.141592653589793116e+00
3.141592653589793116e+00
1.918278334430918785e-305
