2.684294669302718539e+00
2.679142412644461402e+00
2.674652312527284970e+00
2.670424009940071564e+00
2.666725460072082665e+00
2.663423943703425056e+00
2.660239906720621050e+00
2.657096576599280002e+00
2.653725676850148929e+00
2.649781579829772138e+00
2.645053465897120315e+00
2.639318762670188612e+00
2.632320972663645620e+00
2.623799289367714227e+00
2.613312336447088491e+00
2.600318493777687756e+00
2.584049408176155360e+00
2.563841667258002666e+00
2.538621138560507973e+00
2.507397732634399024e+00
2.469372891633597966e+00
2.424731796002129958e+00
2.375402971150383458e+00
2.325112663466832874e+00
2.277672286010186564e+00
2.235909614460066752e+00
2.200985664294056399e+00
2.172450059675986811e+00
2.149324290545984173e+00
2.130482467752056408e+00
2.114994995650534726e+00
2.102140784824302333e+00
2.091310082537749082e+00
2.082083347401134432e+00
2.074311853330737421e+00
2.067588335177155123e+00
2.061664054783374667e+00
2.056461636535575455e+00
2.051903694268610856e+00
2.047892847003513594e+00
2.044313811378457579e+00
2.041138470029783214e+00
2.038338963360275535e+00
2.035817819566640097e+00
2.033595507220111287e+00
2.031562223589179261e+00
2.029812339657633746e+00
2.028305620313802571e+00
2.026980198801425104e+00
2.025830091208023376e+00
2.024810786494100512e+00
2.023920601809196640e+00
2.023103350542001522e+00
2.022373613931250702e+00
2.021693786197413800e+00
2.021074013855471918e+00
2.020542531355131288e+00
2.020073220399250413e+00
2.019643040370730169e+00
4.474081686117317036e-308
4.401216169662245496e-308
4.333455737036934257e-308
4.271051523013579377e-308
4.212046820222820776e-308
4.158039122611479656e-308
4.106268138233005733e-308
4.059025104219889713e-308
4.013542544753870199e-308
3.970840919956254249e-308
3.928611083958273422e-308
3.888615519086721630e-308
3.849810650416901775e-308
3.812844392896718555e-308
3.777263324029249181e-308
3.742729637221389235e-308
3.709094478665951817e-308
3.677188687626749247e-308
3.647869128057695497e-308
3.619285541727023771e-308
3.592339416173427440e-308
3.565812589084039140e-308
3.543591539525213649e-308
3.523735592093788780e-308
3.504477249117582350e-308
3.485866372250122382e-308
3.467828195092471985e-308
3.454040783691793149e-308
3.441335789655400084e-308
3.429443144250715958e-308
3.418379959032535280e-308
3.408260839852802695e-308
3.400613943794332300e-308
3.392932162894420049e-308
3.386249833336264146e-308
3.380233835552695403e-308
3.374810887158239683e-308
3.370390372288064158e-308
3.366036997067149193e-308
3.362319348089400774e-308
3.358912908333481827e-308
3.355429330503596902e-308
3.352238329521583765e-308
3.349460351357085280e-308
3.347055839473616928e-308
3.346206641904620833e-308
3.345367409328593160e-308
3.344753696740657196e-308
3.344942158801665399e-308
3.345094999652979096e-308
3.345333638504197633e-308
3.346346784304592699e-308
3.347521915026764402e-308
3.348778709099038755e-308
3.350414958994044929e-308
3.352019016145203499e-308
3.353803838899755570e-308
3.355974573429289241e-308
3.358206777979696691e-308
3.360430568884365650e-308
3.362675157136675342e-308
3.364851054602455150e-308
3.366961065150088587e-308
3.369088983758689095e-308
3.371047767662751393e-308
3.373408088901731120e-308
3.375836090671931026e-308
3.378084202226254146e-308
3.380199545239946947e-308
3.382414490386502325e-308
3.384890060421170028e-308
3.387941827146101492e-308
3.391262773920517278e-308
3.394584261684154828e-308
3.398607754768832288e-308
3.403408936199387540e-308
3.408022105917801317e-308
3.412675564109719481e-308
3.417538976430086398e-308
3.422392093862477753e-308
3.427272432173367604e-308
3.432408838271536520e-308
3.437833581643057285e-308
3.443437783339677575e-308
3.449054728701289005e-308
3.454770221932899763e-308
3.460752574892974567e-308
3.467077504229099507e-308
3.473653101442902009e-308
3.480732017851073976e-308
3.488090808571075327e-308
3.495504598459295907e-308
3.502863373738451373e-308
3.509616723080460545e-308
3.516100022911775235e-308
3.522581291134676575e-308
3.529203195986280269e-308
3.536544133802895146e-308
3.544361920973149179e-308
3.552049996552645682e-308
3.559702894271492138e-308
3.566670701856958683e-308
3.573199233598742767e-308
3.579881984094477218e-308
3.586393618427914730e-308
3.594030817013578733e-308
3.602468514084027876e-308
3.610779569443646449e-308
3.619469559816244098e-308
3.626603589524384436e-308
3.633124893576548490e-308
3.639938103598077886e-308
3.646768807553737175e-308
3.654904561895745395e-308
3.664677875965903284e-308
3.674664031746087452e-308
3.684742532970345413e-308
3.694170413458448044e-308
3.699924986464682607e-308
3.706090371740288761e-308
3.711956163098171917e-308
3.719263540604642486e-308
3.731734301240570797e-308
3.745537961818702250e-308
3.759249578698273618e-308
3.774304920555750538e-308
3.784617285438077716e-308
3.789738905205631746e-308
3.795837761955979562e-308
3.802075111208998482e-308
3.807605418846756238e-308
3.820674420051384415e-308
3.836833022592518134e-308
3.852916472389817501e-308
3.869407412062372228e-308
3.885224872073351091e-308
3.892804046471869468e-308
3.899875026786304568e-308
3.907169104744690497e-308
3.914735765946538308e-308
3.923824565975512863e-308
3.935902949143031678e-308
3.948019399613111110e-308
3.960587469393560139e-308
3.972039587797999255e-308
3.979361226311830832e-308
3.985266786068855171e-308
3.991571406165009057e-308
3.997524382452814446e-308
4.005769162366444615e-308
4.016531069700269855e-308
4.027431793036661234e-308
4.038755851385999848e-308
4.049461130092931802e-308
4.058372820851396051e-308
4.066956752757204760e-308
4.075853989940121319e-308
4.084732624366584454e-308
4.095265520110688297e-308
4.106489316102332759e-308
4.117954913507618560e-308
4.129639305884311927e-308
4.140761411315684565e-308
4.151075483029338742e-308
4.161659834901030191e-308
4.172462418472719245e-308
4.183555129621695398e-308
4.194991277811687385e-308
4.206730190032981718e-308
4.218831645937105938e-308
4.231133596447284696e-308
4.243674206428573478e-308
4.256583019163184613e-308
4.269855249145194264e-308
4.283440071374812626e-308
4.297701818722643352e-308
4.312506683364248937e-308
4.327645205443662111e-308
4.343196115931721452e-308
4.357403195991432612e-308
4.371684219388929032e-308
4.386376959776252017e-308
4.401310478446014409e-308
4.416138441620484159e-308
4.431443785047289816e-308
4.447143465679989203e-308
4.463041182051481683e-308
4.478973765100427033e-308
4.495239919527008628e-308
4.512030006644231715e-308
4.529055725674206227e-308
4.545615795721518965e-308
4.562707828083640136e-308
4.580417297624366503e-308
4.598822363723270688e-308
4.618937234267493764e-308
4.640387973585594931e-308
4.662240594164391837e-308
4.685801586897086649e-308
4.712064646048838695e-308
4.739480552256241440e-308
4.767633163572201464e-308
4.797129732674460375e-308
4.828079046679796804e-308
4.860262146033546546e-308
4.893504414769922212e-308
4.928052366703994050e-308
4.963610682294717994e-308
5.000353314934540431e-308
5.038577720741932478e-308
5.078954841648272794e-308
5.120543314219683453e-308
5.163727002745994442e-308
5.208861064560762006e-308
5.255772800264214504e-308
5.304348894718943969e-308
5.354927752445873422e-308
5.408454591903196231e-308
5.464921927373589380e-308
5.523419299639584544e-308
5.584452033991774747e-308
5.648461205719887387e-308
5.715746903949489557e-308
5.785498237898155012e-308
5.860005842361010581e-308
5.939526597877512799e-308
6.022743831066564605e-308
6.109645145045400125e-308
6.197364640855415972e-308
6.289239938521156608e-308
6.385382897541479607e-308
6.486964422966592926e-308
6.595406721288826178e-308
6.708688173321904125e-308
6.827229871318667419e-308
6.950760367502562007e-308
7.080287272744587186e-308
7.216655443049169781e-308
7.364356741034048550e-308
7.524101840215803383e-308
7.692232988598943727e-308
7.870849095387052325e-308
8.058377581698468556e-308
8.256470042966736569e-308
8.466759633138461466e-308
8.699502809740828390e-308
8.949836102348540227e-308
9.217724489229381194e-308
9.506117800883818524e-308
9.816784666624588580e-308
1.015032958685238518e-307
1.051143189491835827e-307
1.090861126686941339e-307
1.134308456160288922e-307
1.181786594311147272e-307
1.234000725382571083e-307
1.292907439463594189e-307
1.358168963868167692e-307
1.431032335111245270e-307
1.515571239680911384e-307
1.612879764260621162e-307
1.723117012588405749e-307
1.852272615559317895e-307
2.006393094173229868e-307
2.187788225882632282e-307
2.407680289121485824e-307
2.681147334617586469e-307
3.026535084486670965e-307
3.474388950917649830e-307
4.083286605874311232e-307
4.955326347185510016e-307
6.304803811036168862e-307
8.675334183416518825e-307
1.391538160231557875e-306
3.525419484780612468e-306
3.141592653589793116e+00
3.141592653589793116e+00
3.141592653589793116e+00
3.141592653589793116e+00
3.141592653589793116e+00
3.141592653589793116e+00
3.141592653589793116e+00
3.141592653589793116e+00
3.141592653589793116e+00
3.141592653589793116e+00
3.141592653589793116e+00
3.141592653589793116e+00
3.141592653589793116e+00
3.141592653589793116e+00
3.141592653589793116e+00
3.141592653589793116e+00
3.141592653589793116e+00
3.141592653589793116e+00
3.141592653589793116e+00
3.141592653589793116e+00
3.141592653589793116e+00
3.141592653589793116e+00
3.141592653589793116e+00
3.141592653589793116e+00
3.141592653589793116e+00
3.141592653589793116e+00
3.141592653589793116e+00
3.141592653589793116e+00
3.141592653589793116e+00
3.141592653589793116e+00
3.141592653589793116e+00
3.141592653589793116e+00
3.141592653589793116e+00
3.141592653589793116e+00
3.141592653589793116e+00
3.141592653589793116e+00
3.141592653589793116e+00
3.141592653589793116e+00
3.141592653589793116e+00
3.141592653589793116e+00
3.141592653589793116e+00
3.141592653589793116e+00
3.141592653589793116e+00
3.141592653589793116e+00
3.141592653589793116e+00
3.141592653589793116e+00
3.141592653589793116e+00
3.141592653589793116e+00
3.141592653589793116e+00
3.141592653589793116e+00
3.141592653589793116e+00
3.141592653589793116e+00
3.141592653589793116e+00
3.141592653589793116e+00
3.141592653589793116e+00
3.141592653589793116e+00
3.141592653589793116e+00
3.141592653589793116e+00
3.141592653589793116e+00
3.141592653589793116e+00
3.141592653589793116e+00
3.141592653589793116e+00
3.141592653589793116e+00
3.141592653589793116e+00
3.141592653589793116e+00
3.141592653589793116e+00
