2.078765420180780860e-308
2.082105653378366417e-308
2.083804385111366255e-308
2.086229178745214961e-308
2.090809473253717427e-308
2.098937118688235828e-308
2.111554631554355477e-308
2.129044730106603346e-308
2.151324364422138025e-308
2.179300551393088001e-308
2.211830304255878325e-308
2.249359262162349617e-308
2.291401230145851050e-308
2.337828122052175942e-308
2.388819654069414706e-308
2.444241146509032890e-308
2.504932839662415418e-308
2.569638095381391471e-308
2.638270397165333890e-308
2.710784792529199016e-308
2.787072772384147537e-308
2.867234319519346696e-308
2.951273779772154166e-308
3.039176553821357285e-308
3.131172030273682710e-308
3.227307796358172186e-308
3.327357712999104035e-308
3.431065746766204543e-308
3.538445610499762527e-308
3.649272379217088797e-308
3.763151852945808746e-308
3.878554518577914311e-308
3.995166042224491212e-308
4.113085126381607355e-308
4.230068535404926163e-308
4.345962565327256296e-308
4.457202578610855283e-308
4.563028933623533118e-308
4.662918388078684415e-308
4.753746002705887747e-308
4.835938160484600206e-308
4.906091755817485435e-308
4.962839859283492334e-308
5.007009794521100138e-308
5.035393894165210645e-308
5.049807504134549991e-308
5.045502365548711299e-308
5.029663073148610312e-308
4.994963141843006996e-308
4.952739866017507469e-308
4.895510656088440839e-308
4.833449392870220068e-308
4.758941069375421810e-308
4.686429275100683398e-308
4.603290858583173181e-308
4.521908581343596396e-308
4.439435510225405091e-308
4.354907975733828601e-308
4.274417699410330940e-308
4.192441335264291059e-308
4.112843928516417202e-308
4.035363555311952138e-308
3.960507129135537366e-308
3.891000215180441780e-308
3.823744208277412322e-308
3.762122777882131692e-308
3.703667748277940237e-308
3.650428960047182474e-308
3.601661536587290686e-308
3.556811697253662478e-308
3.515315418644380628e-308
3.476640865656230841e-308
3.443613657296196489e-308
3.412587754707156085e-308
3.385255573886127228e-308
3.361075085402688858e-308
3.339193481909335694e-308
3.322209853950213368e-308
3.306762310641477541e-308
3.296462999508689349e-308
3.288327854707604137e-308
3.286369064856529984e-308
3.286809233952562385e-308
3.289695089037957339e-308
3.294184662656952610e-308
3.299237393649519388e-308
3.314263472754901808e-308
3.332393209447967865e-308
3.350764666465540472e-308
3.372511070487321292e-308
3.394455096359015852e-308
3.421799253957444611e-308
3.453219990602589436e-308
3.488332182245350204e-308
3.523788768331303578e-308
3.561862576328619273e-308
3.604569705401801802e-308
3.649352873883770018e-308
3.696085064841965535e-308
3.747982615868382378e-308
3.803865487815936243e-308
3.861985296405848854e-308
3.927649700050880570e-308
4.000166391222184631e-308
4.078345031935817762e-308
4.162257445398963967e-308
4.251529917649784324e-308
4.345935065702522134e-308
4.446029917077457122e-308
4.553162949027353360e-308
4.666497789737420950e-308
4.783135250949872324e-308
4.909242069675180858e-308
5.039210154204857648e-308
5.167594452931030137e-308
5.309024706512655937e-308
5.448021000103584310e-308
5.583288196155654710e-308
5.731081596605525783e-308
5.879308771015807744e-308
6.026361318427650985e-308
6.157129874000740551e-308
6.296945668134394398e-308
6.441982014878884395e-308
6.551677785231957119e-308
6.661267053430652784e-308
6.762097271288260345e-308
6.829858092162707727e-308
6.905720560918870524e-308
6.972090219318466991e-308
7.020377904702044621e-308
7.055626118835952753e-308
7.067620016146466129e-308
7.085039300424498691e-308
7.086985706700078285e-308
7.064570437231663081e-308
7.028399136302513962e-308
6.981499594342508839e-308
6.917543897915085497e-308
6.855694317532596537e-308
6.784437210792736608e-308
6.707157407478963733e-308
6.622748285896174926e-308
6.533220514497039536e-308
6.441103716120981292e-308
6.351100457008862403e-308
6.258789851364075580e-308
6.166196226410522341e-308
6.073625069522597282e-308
5.982877124559800880e-308
5.893872118543925076e-308
5.804718968257891993e-308
5.717812418084931743e-308
5.636954019588651390e-308
5.564738031384008925e-308
5.496411815336472990e-308
5.429171151830515722e-308
5.361781901116638699e-308
5.299712413610244255e-308
5.239185272991289944e-308
5.179279246306438556e-308
5.125842753367238920e-308
5.084790792393749675e-308
5.042546170254095039e-308
5.002223287901745186e-308
4.961939206401723178e-308
4.914119778801521602e-308
4.868467126984204849e-308
4.824029445834173239e-308
4.779355212735538049e-308
4.756342142559582847e-308
4.736222200588079555e-308
4.715942538648249051e-308
4.698586182896599351e-308
4.664189544571668513e-308
4.624178483797011147e-308
4.585338019158375366e-308
4.545028576117503286e-308
4.522494099649985328e-308
4.517683047211306631e-308
4.512492518650918050e-308
4.507760233372188872e-308
4.498653180458638024e-308
4.477645451570081127e-308
4.455445595771445582e-308
4.433417830418455990e-308
4.412662635796474147e-308
4.395295954746932003e-308
4.380819276792849332e-308
4.365509804028062290e-308
4.351558164635124737e-308
4.337843719531109983e-308
4.326129522661388860e-308
4.316203561326194895e-308
4.307220717293251859e-308
4.298196871197645521e-308
4.288982708398812990e-308
4.284765949581675489e-308
4.281733631569689049e-308
4.278496213521910169e-308
4.275176203711928332e-308
4.272434021733672890e-308
4.269910015947213358e-308
4.267243707439285261e-308
4.264594826226349501e-308
4.262307311289014182e-308
4.261525668256737793e-308
4.261003042720039387e-308
4.260447610872937814e-308
4.260031233948454454e-308
4.259614269702501804e-308
4.259222490021248938e-308
4.258873553797654291e-308
4.258507950590318718e-308
4.258032181760207468e-308
4.258212231812869030e-308
4.258653124359196115e-308
4.259077846319238123e-308
4.259437109307931212e-308
4.260328050690266043e-308
4.262091331895922509e-308
4.263958017586183811e-308
4.265776416192925539e-308
4.268669663196150718e-308
4.272300719344997727e-308
4.275758684362416928e-308
4.279438850376981232e-308
4.283857794335685642e-308
4.289113826919996674e-308
4.294443557102158319e-308
4.299918876650929726e-308
4.305718363745865651e-308
4.312351365138550782e-308
4.319437859808272393e-308
4.326769047781455419e-308
4.334082012176076305e-308
4.342159360204291412e-308
4.350777046447919804e-308
4.359546589981833066e-308
4.368417968193675062e-308
4.377284718353506799e-308
4.386071057624656931e-308
4.394992717609632884e-308
4.404095417844487205e-308
4.412208472838035977e-308
4.420124812191897937e-308
4.428171448468949078e-308
4.436342622754899894e-308
4.444132599339868825e-308
4.451629329382379148e-308
4.459299037275174281e-308
4.467377636585920889e-308
4.476735355064056969e-308
4.486357229811112753e-308
4.496118994767568578e-308
4.506728849277835710e-308
4.518581880647617140e-308
4.531117968562610493e-308
4.544008296212511037e-308
4.557414714290424752e-308
4.572957337871963573e-308
4.589373385302743775e-308
4.606144735176284887e-308
4.623313714867528690e-308
4.641698227760828569e-308
4.661136247658673728e-308
4.680667288073902228e-308
4.702135830955626419e-308
4.726038510365694314e-308
4.750691152047556331e-308
4.776087015377039039e-308
4.803767626083878624e-308
4.833401272686428378e-308
4.864059482570828264e-308
4.896670511466764934e-308
4.934183100848567828e-308
4.972694724789519558e-308
5.012713358996901868e-308
5.054831168275303279e-308
5.098139249308475212e-308
5.142956958217608956e-308
5.189798476091209425e-308
5.242775606556065295e-308
5.298344828250713072e-308
5.356355789139398514e-308
5.415287691270932597e-308
5.473913575010145932e-308
5.534987690281443213e-308
5.598769437919232559e-308
5.669934401354901682e-308
5.746420179389105226e-308
5.826403957886414421e-308
5.908881313502573658e-308
5.992351014870102776e-308
6.079940989677446797e-308
6.171852617567651066e-308
6.272998704190264568e-308
6.381564442140658806e-308
6.495605988931405358e-308
6.616067378453207450e-308
6.744997182180500457e-308
6.881523647476311011e-308
7.025613796924217438e-308
7.185178974088008825e-308
7.355486074443018311e-308
7.536131834905025814e-308
7.732647287547036250e-308
7.945020108426345223e-308
8.172546658954452610e-308
8.420664301909731442e-308
8.696985476719252801e-308
8.994389729211850871e-308
9.317460588876560702e-308
9.682121619483000607e-308
1.007921073446687729e-307
1.051481066405365672e-307
1.100676933255175826e-307
1.155432422201196485e-307
1.216212053996693217e-307
1.284390387224610963e-307
1.361089738067751998e-307
1.447797257594463484e-307
1.546449449106251715e-307
1.659120484269439718e-307
1.789565867569718241e-307
1.942210321815804219e-307
2.122565829958024145e-307
2.338897244792017416e-307
2.604288372930707494e-307
2.933888409494196978e-307
3.359058347052620715e-307
3.926135122061186285e-307
4.712651061405054855e-307
5.898463381564707241e-307
7.867375286793556571e-307
1.173502849403259961e-306
2.324662942096440605e-306
8.032770864494445015e-305
3.141592653589793116e+00
3.141592653589793116e+00
3.141592653589793116e+00
3.141592653589793116e+00
3.141592653589793116e+00
3.141592653589793116e+00
3.141592653589793116e+00
3.141592653589793116e+00
3.141592653589793116e+00
3.141592653589793116e+00
3.141592653589793116e+00
3.141592653589793116e+00
3.141592653589793116e+00
3.141592653589793116e+00
3.141592653589793116e+00
3.141592653589793116e+00
3.141592653589793116e+00
3.141592653589793116e+00
3.141592653589793116e+00
3.141592653589793116e+00
3.141592653589793116e+00
3.141592653589793116e+00
3.141592653589793116e+00
3.141592653589793116e+00
3.141592653589793116e+00
3.141592653589793116e+00
3.141592653589793116e+00
3.141592653589793116e+00
3.141592653589793116e+00
3.141592653589793116e+00
3.141592653589793116e+00
3.141592653589793116e+00
3.141592653589793116e+00
3.141592653589793116e+00
3.141592653589793116e+00
3.141592653589793116e+00
3.141592653589793116e+00
3.141592653589793116e+00
3.141592653589793116e+00
3.141592653589793116e+00
3.141592653589793116e+00
3.141592653589793116e+00
3.141592653589793116e+00
3.141592653589793116e+00
3.141592653589793116e+00
3.141592653589793116e+00
3.141592653589793116e+00
3.141592653589793116e+00
3.141592653589793116e+00
3.141592653589793116e+00
3.141592653589793116e+00
3.141592653589793116e+00
3.141592653589793116e+00
3.141592653589793116e+00
3.141592653589793116e+00
3.141592653589793116e+00
3.141592653589793116e+00
3.141592653589793116e+00
3.141592653589793116e+00
3.141592653589793116e+00
3.141592653589793116e+00
3.141592653589793116e+00
