1.430923594411066258e-01 4.811440162094348522e-03
1.689197804411114168e-01 1.910463701064672726e-02
1.949777476625372818e-01 3.918301501573452639e-02
2.198124614708680258e-01 6.361857000086403036e-02
2.425517607207333115e-01 9.123846293716751654e-02
2.628621467939304956e-01 1.205926639337832201e-01
2.810313525120291533e-01 1.510961689468179880e-01
2.973345994371822676e-01 1.821293690247528518e-01
3.121176066707639363e-01 2.129961682336096451e-01
3.256994057823502930e-01 2.433937299806534782e-01
3.384543260105457030e-01 2.730654528786498059e-01
3.506516656628684281e-01 3.016323602365924561e-01
3.624534675035543385e-01 3.289775142567942789e-01
3.738514976433306991e-01 3.548523424789405412e-01
3.848118002965587037e-01 3.791711480551528957e-01
3.952045702371033142e-01 4.017383997747149826e-01
4.050222918829283758e-01 4.225833209772443255e-01
4.143040563066986426e-01 4.417108439781384788e-01
4.230257914914565820e-01 4.590621682651769286e-01
4.312395742389822928e-01 4.747563021615870960e-01
4.389229159842862327e-01 4.888665622331060945e-01
4.460321629964277834e-01 5.014879895119715991e-01
4.525438176065171847e-01 5.127252738628002016e-01
4.584308974891483368e-01 5.226755180057757189e-01
4.637076941635763783e-01 5.314290554160751023e-01
4.684277442979902784e-01 5.390897442961418706e-01
4.726671710374803492e-01 5.457712375616990963e-01
4.764844533755185907e-01 5.515675657789590458e-01
4.799522212353108386e-01 5.564013534710517961e-01
4.832557736872284959e-01 5.604846178333714457e-01
4.864088155095276922e-01 5.639652587868093647e-01
4.894872985787356856e-01 5.670721789899079157e-01
4.923729075165322322e-01 5.694899789122754852e-01
4.953792806088338496e-01 5.715819668063020220e-01
4.981598420398977711e-01 5.732305621181331690e-01
5.008073768763119382e-01 5.744904695948344076e-01
5.033410543099899881e-01 5.755491376831793904e-01
5.057130925060765447e-01 5.762748648960509534e-01
5.080432899134845748e-01 5.769686801552633693e-01
5.102331612140086348e-01 5.774305023629340283e-01
5.123085607555178944e-01 5.778144420566339035e-01
5.142458904005319242e-01 5.779410365608310673e-01
5.159245732796486905e-01 5.778514098926900155e-01
5.173123633152750811e-01 5.776133371187680554e-01
5.184505626865653083e-01 5.771461784528952865e-01
5.194640925005611365e-01 5.766265875136569186e-01
5.203818687373121810e-01 5.758499511922172687e-01
5.213010699497081513e-01 5.750000084568477332e-01
5.221447081484233976e-01 5.739846380795178282e-01
5.229795678338258202e-01 5.729463614168599506e-01
5.235932645173271283e-01 5.715793492853555868e-01
5.241108446414894928e-01 5.701532519654279874e-01
5.245253171190084052e-01 5.686150380016294914e-01
5.249519897975987170e-01 5.670474678895857101e-01
5.254346380070422651e-01 5.655535375412640287e-01
5.258911505337542369e-01 5.639222524928919622e-01
5.263582557507396897e-01 5.622427031733594482e-01
5.269190465530088074e-01 5.605241074482272268e-01
5.275187124469991051e-01 5.588378716078149511e-01
5.280984875911858278e-01 5.570056880543423627e-01
5.287473839120694352e-01 5.551973537840015904e-01
5.290638041622728327e-01 5.530925309791343558e-01
5.293907558204749009e-01 5.510510064168314681e-01
5.296280045000797410e-01 5.488935670778487541e-01
5.299322088822071564e-01 5.468080320935897465e-01
5.302275030510309461e-01 5.446592751356801321e-01
5.304386794526289028e-01 5.424692297164560584e-01
5.305082813879142822e-01 5.402465295845413351e-01
5.306838152917798812e-01 5.381864478757628634e-01
5.307747285608249710e-01 5.361329739154847562e-01
5.307577281361631760e-01 5.341131856097584008e-01
5.306995419181996798e-01 5.321989876137339648e-01
5.306966354986322187e-01 5.304059091611073029e-01
5.305091843706130073e-01 5.284114897925705767e-01
5.301809050949158886e-01 5.263923996491872703e-01
5.298113036743246074e-01 5.244239811885247349e-01
5.292929339193510607e-01 5.223522256236863281e-01
5.287151072132612040e-01 5.202357006352733571e-01
5.280689723511942102e-01 5.180436348693984172e-01
5.272974542292403477e-01 5.159028514015783218e-01
5.262475437602520678e-01 5.136045335604104700e-01
5.251929038168751118e-01 5.113096756526452902e-01
5.240876170635494491e-01 5.089252403709649819e-01
5.229880054595876793e-01 5.065410994671514233e-01
5.217192672283491595e-01 5.039840104569891510e-01
5.204229777656942391e-01 5.013751906232295497e-01
5.190414783459547099e-01 4.984875420285506675e-01
5.176348353009923020e-01 4.956756919285009166e-01
5.159531096833041008e-01 4.927966082833269423e-01
5.142610649881321772e-01 4.899480323966873274e-01
5.123556063327820986e-01 4.870905252924545570e-01
5.102919782639155910e-01 4.841608315344984592e-01
5.082146999061125658e-01 4.813523138954395875e-01
5.060565874523870189e-01 4.786833379009273748e-01
5.039115332488592891e-01 4.760672610669907656e-01
5.018806880145720850e-01 4.734322479757163693e-01
4.999163562235455771e-01 4.708852854729939086e-01
4.980253216856717069e-01 4.683199140367969582e-01
4.962017989178482136e-01 4.657690179826557419e-01
4.944230052287295063e-01 4.632649843265685408e-01
4.927944495240502154e-01 4.606065706077618893e-01
4.913314336221977774e-01 4.579145706326218646e-01
4.899128040998438349e-01 4.553162472648962789e-01
4.887157281458147651e-01 4.526006192054574107e-01
4.874757812669797685e-01 4.499415632237226959e-01
4.864576663520137068e-01 4.473744458210885400e-01
4.857228058607311327e-01 4.449296104982179978e-01
4.850052557283511812e-01 4.425437336118930309e-01
4.843582192622004623e-01 4.402861222876534031e-01
4.839201377946603655e-01 4.381711156766031623e-01
4.835152333613164100e-01 4.360863363639477241e-01
4.831285423247403399e-01 4.339640776967886859e-01
4.827243826149862915e-01 4.318146173014938416e-01
4.823739852219197655e-01 4.296388198581128082e-01
4.820342256910100098e-01 4.276891102811807843e-01
4.817017536644946918e-01 4.258559127656551535e-01
4.814530282523423743e-01 4.240316818668412036e-01
4.812674268938904598e-01 4.222658003088313738e-01
4.811245553832129707e-01 4.207235538295897581e-01
4.810016504469512011e-01 4.192225819888422689e-01
4.808416568421537418e-01 4.177242836276293669e-01
4.810944167375659219e-01 4.163847497310686485e-01
4.815823172969484478e-01 4.151172890473207588e-01
4.820693028575813166e-01 4.138482179911354697e-01
4.826852182254562362e-01 4.126906152567238473e-01
4.835877960326455116e-01 4.121155248888647149e-01
4.844712262178638706e-01 4.115300339333470836e-01
4.854151081095887665e-01 4.109881348002468737e-01
4.863930834070955278e-01 4.106427301269218177e-01
4.873367643207509037e-01 4.104103567162888377e-01
4.882933474928835560e-01 4.102223696829122024e-01
4.892610535391822557e-01 4.099964148838208811e-01
4.900160583577848339e-01 4.098770657264123596e-01
4.905712619283350007e-01 4.098823667913792379e-01
4.916775267505960056e-01 4.096821824190089445e-01
4.927563506011574113e-01 4.094659046689836379e-01
4.935224994222682793e-01 4.092327009379671532e-01
4.940973225931268864e-01 4.090018348596099473e-01
4.946685816320188778e-01 4.087585958832808397e-01
4.952021468423928319e-01 4.085002644658861648e-01
4.956163010715621819e-01 4.082974197160987306e-01
4.957769748336303683e-01 4.081973084674176411e-01
4.959261535980042379e-01 4.080916730353451594e-01
4.956842238809488488e-01 4.079604464162906452e-01
4.952376135172904537e-01 4.079708575908024826e-01
4.948664379683188064e-01 4.083066753802682691e-01
4.945125979801895943e-01 4.086203790260258817e-01
4.941110683784104562e-01 4.089629419629246532e-01
4.936714739051544232e-01 4.093326871409644907e-01
4.931654142855239620e-01 4.098449337967946526e-01
4.925750647766745649e-01 4.105002365970249478e-01
4.919559597754287195e-01 4.111776447844388560e-01
4.913621240498909359e-01 4.118467582724508746e-01
4.909731832397127294e-01 4.125933085620008267e-01
4.904862259598677943e-01 4.135341923285945076e-01
4.899886512307221054e-01 4.144788160997803228e-01
4.894740284554011112e-01 4.154426554940566230e-01
4.889491445498712063e-01 4.165083921350318796e-01
4.883741887031437523e-01 4.176578738252185730e-01
4.876848444081649525e-01 4.190365650115178697e-01
4.869389206536960391e-01 4.205921488953265897e-01
4.861671718735514069e-01 4.222239164305017778e-01
4.853209728135293721e-01 4.239185685503154555e-01
4.842614832330549568e-01 4.257305955184534918e-01
4.832114901450023092e-01 4.279081509547401629e-01
4.821548909543904027e-01 4.302293881733716963e-01
4.810525662273331671e-01 4.326096146006200294e-01
4.799332954237756632e-01 4.351153482699184893e-01
4.787787341611828285e-01 4.377405881055023151e-01
4.777175943574206718e-01 4.405062752966060202e-01
4.768961126427692099e-01 4.434906459425486114e-01
4.760954528304264244e-01 4.466392680080574773e-01
4.752645577345927519e-01 4.499008118892858232e-01
4.745428196572916701e-01 4.531741448998150568e-01
4.738839956318361413e-01 4.565803787624061472e-01
4.736324938799659767e-01 4.600075940461378909e-01
4.733676962810767774e-01 4.635551925452108812e-01
4.730985753342983324e-01 4.672176010593083184e-01
4.728911806602311696e-01 4.709818278137597458e-01
4.727277206056833547e-01 4.748381845372884880e-01
4.729997618427796979e-01 4.784452325084825874e-01
4.735452486342632272e-01 4.819204072189914312e-01
4.741107969196070027e-01 4.854846616676528614e-01
4.746648376237477263e-01 4.891796975683802007e-01
4.751671013330244220e-01 4.930626216231113745e-01
4.758723569421503541e-01 4.964084756080848204e-01
4.766694730614198239e-01 4.994884769308932659e-01
4.774618164912337592e-01 5.027124818615065216e-01
4.783162497952104797e-01 5.059597128545382239e-01
4.792187085287478165e-01 5.093003263641575629e-01
4.801710601776897902e-01 5.123768163467654624e-01
4.811822679365863609e-01 5.152316041501202593e-01
4.822697190307022597e-01 5.180583821340106754e-01
4.833801229261629473e-01 5.209456831261969345e-01
4.845403953098639249e-01 5.239178499633453390e-01
4.859320544745543424e-01 5.265483438872894384e-01
4.874754156490166412e-01 5.288561757422473031e-01
4.890181457069135984e-01 5.312245127398498301e-01
4.906444545930704337e-01 5.335991987778475609e-01
4.923958287043901372e-01 5.359709538484832558e-01
4.942612439099395294e-01 5.381935434078888303e-01
4.963267140375490771e-01 5.400403067053927142e-01
4.984904023039823384e-01 5.418844046494285527e-01
5.007414255107234258e-01 5.437155102348569802e-01
5.030327039391396804e-01 5.455807733855086994e-01
5.053377219923338437e-01 5.473250000159683992e-01
5.076251942703707831e-01 5.486243745547749739e-01
5.099504838035026077e-01 5.499775144495301360e-01
5.123174311520143354e-01 5.513430676706625455e-01
5.146835923223129772e-01 5.526259612282544698e-01
5.168884270658852254e-01 5.537382912366395349e-01
5.186841700936304367e-01 5.544779790049695345e-01
5.205175110698903040e-01 5.552266889769218450e-01
5.223174703499398053e-01 5.559179174468167339e-01
5.241803180860528100e-01 5.566542450114357887e-01
5.258560007301847916e-01 5.572578411699813383e-01
5.272199076148322838e-01 5.576349410279785035e-01
5.286255166277267215e-01 5.580121244356645027e-01
5.300474750167227800e-01 5.583805256046017185e-01
5.314687775530241298e-01 5.587307143964799216e-01
5.327007714183640275e-01 5.588953675833425727e-01
5.338133939906188896e-01 5.589396201592959912e-01
5.349710075710036872e-01 5.590234618705279823e-01
5.360981281725774039e-01 5.590437116169815202e-01
5.372047229761536258e-01 5.590532044559879399e-01
5.380699897493850248e-01 5.589675765163564236e-01
5.388327241652227650e-01 5.588329406830042645e-01
5.396026316412594337e-01 5.586929816342252053e-01
5.403895178638791208e-01 5.585508489477042371e-01
5.410985071868376073e-01 5.584144577310119484e-01
5.416290296825974071e-01 5.582979986585941967e-01
5.421461431833449751e-01 5.581835347071775200e-01
5.426659959283346435e-01 5.580666322197954665e-01
5.431926888037665879e-01 5.579474002046972414e-01
5.435441436423351647e-01 5.577921439951059046e-01
5.437709428743791040e-01 5.576118206873146299e-01
5.439837604473851673e-01 5.574146510067966576e-01
5.441836312013542676e-01 5.572027423382385214e-01
5.443753605958887576e-01 5.569899871965063864e-01
5.443379098748500899e-01 5.566861009847252628e-01
5.442145472643944437e-01 5.563267320975873176e-01
5.440907985719252160e-01 5.559641345433679049e-01
5.439491022155669153e-01 5.555967013073632721e-01
5.438439073495210385e-01 5.552605297406173479e-01
5.437862698836877229e-01 5.549634351371178775e-01
5.437216630396258799e-01 5.546585604564336913e-01
5.436750195986951306e-01 5.543629094814307434e-01
5.436700118608230881e-01 5.540946907649896280e-01
5.439067014541943967e-01 5.540854692939498616e-01
5.442025667836269953e-01 5.541361461607435812e-01
5.445029849791787058e-01 5.542248121068577005e-01
5.448118726829949132e-01 5.542886194473752859e-01
5.450441884580139451e-01 5.544068526794420082e-01
5.451654338181816106e-01 5.545738493793320734e-01
5.452783130285834279e-01 5.547408679471963477e-01
5.454085702106401534e-01 5.549015651821169737e-01
5.454854508123738732e-01 5.550251814223822189e-01
5.453982943950739237e-01 5.550799834984249115e-01
5.452975049371200367e-01 5.551346739073659275e-01
5.451892369732566079e-01 5.551841268670585361e-01
5.450682747067567835e-01 5.552109277461757531e-01
5.448416673612690442e-01 5.552701708062608432e-01
5.445747782534910986e-01 5.553406446883363268e-01
5.443113814502242853e-01 5.554189956272427287e-01
5.440317335755758821e-01 5.554763987710169548e-01
5.438440621452167445e-01 5.556908847204448110e-01
5.437672144711032107e-01 5.560616139644671829e-01
5.436994840146898156e-01 5.564436708622702010e-01
5.436171590182634628e-01 5.568189433398946786e-01
5.436223611175163839e-01 5.573128723316906896e-01
5.437717016077258103e-01 5.579772876828221762e-01
5.439264158769182567e-01 5.586559902461263327e-01
5.440863008218258523e-01 5.593457078929632287e-01
5.443104545014878504e-01 5.601135577336783244e-01
5.446206611429824651e-01 5.610131122848802665e-01
5.449419776408059857e-01 5.619379461101710049e-01
5.452792279113034546e-01 5.628808890612377880e-01
5.456245894320643774e-01 5.638655718798928351e-01
5.459861018826676071e-01 5.649618348109342048e-01
5.463691871180332837e-01 5.661000187976654718e-01
5.467630608861746566e-01 5.672598441520402268e-01
5.471527645745277724e-01 5.684451961891630045e-01
5.475223201642853699e-01 5.697165411531834867e-01
5.478997798259962471e-01 5.710261450280936790e-01
5.483012075382158734e-01 5.723596432842805726e-01
5.486529607098920014e-01 5.738291616144598484e-01
5.488804784915107815e-01 5.755536817864173038e-01
5.491277419281274108e-01 5.772848378590048624e-01
5.493636381744035901e-01 5.790662209940239391e-01
5.495182977780549427e-01 5.810043169649102834e-01
5.496721640664575803e-01 5.829860492570994035e-01
5.498291872758869214e-01 5.850027914245885530e-01
5.499844923287691145e-01 5.871154276746073375e-01
5.501346571116593198e-01 5.893270210811675236e-01
5.502859323794888624e-01 5.916019385740026726e-01
5.504364408263903163e-01 5.939169890674436125e-01
5.504577966012955681e-01 5.963464700087138803e-01
5.504107979615854296e-01 5.988665165302945459e-01
5.503702737072008189e-01 6.014292142149677556e-01
5.502817362763817721e-01 6.040382195446429847e-01
5.500103789033695678e-01 6.066863451127804119e-01
5.497159825138600020e-01 6.093801669637272100e-01
5.494154572713578766e-01 6.121296489424827847e-01
5.490537196894266225e-01 6.149506031056100053e-01
5.485727009392937781e-01 6.178647696398266165e-01
5.480907802173444754e-01 6.208313621643538616e-01
5.475978762453478366e-01 6.238575473009203565e-01
5.469624711992626676e-01 6.269589210647567024e-01
5.462427799349445223e-01 6.301182275841458180e-01
5.454985582153942802e-01 6.333299152495626139e-01
5.447403763863791770e-01 6.366064170329214233e-01
5.436868946061194086e-01 6.398250491973399567e-01
5.425726820167611208e-01 6.430746071386261864e-01
5.414311970962610854e-01 6.463721705116073357e-01
5.402294892808621185e-01 6.496864138521956100e-01
5.389180870707365179e-01 6.529553527537215185e-01
5.375713297945841074e-01 6.562532179535293109e-01
5.361950198779167343e-01 6.595922866602579315e-01
5.348187262999827274e-01 6.629405282628876295e-01
5.334195927196858644e-01 6.663018067392081356e-01
5.319794063260583350e-01 6.696908191958799161e-01
5.305172896910497204e-01 6.730820903658902843e-01
5.290433093542684651e-01 6.764309478097849659e-01
5.275317713374616524e-01 6.797558814783801751e-01
5.259722998222238211e-01 6.830576530814558289e-01
5.243293999516361881e-01 6.862358013413559776e-01
5.226030049658946242e-01 6.892531710966424141e-01
5.208186306752222716e-01 6.921989231298300016e-01
5.189616258459919251e-01 6.949841780374654832e-01
5.170167386519539665e-01 6.973775270454709574e-01
5.149924775869385574e-01 6.996054539949455586e-01
5.129006666780275836e-01 7.016295864237623858e-01
5.107907400993286773e-01 7.031769257046531774e-01
5.086021118798768059e-01 7.043922964337715475e-01
5.063216423196098548e-01 7.053185680144153924e-01
5.039144684556240428e-01 7.056845988647501011e-01
5.013781180594270026e-01 7.055337348981051138e-01
4.987415681131933676e-01 7.050583995694762462e-01
4.958077931184675102e-01 7.037677665974071406e-01
4.926994804785910231e-01 7.019121303597077866e-01
4.894573635641551457e-01 6.995933236512352771e-01
4.859386754103216521e-01 6.963594176636546118e-01
4.822593413101603499e-01 6.925736402358118049e-01
4.784400999973739688e-01 6.882118273604008740e-01
4.744276410855409187e-01 6.828981959446305261e-01
4.702950450914411551e-01 6.771790246477528141e-01
4.660643281251419801e-01 6.706880452395677095e-01
4.617276444504704314e-01 6.636319165967534683e-01
4.573208913981633983e-01 6.560930930750740186e-01
4.529068184864941671e-01 6.478960556429582685e-01
4.484002359488861167e-01 6.393862090115052244e-01
4.440171975972986851e-01 6.303030201762054308e-01
4.396141653821328266e-01 6.209441533823838455e-01
4.353128474438675566e-01 6.111221620529788678e-01
4.310444691582981935e-01 6.010276832330951891e-01
4.269322362643275248e-01 5.905132920842817157e-01
4.228482492131644399e-01 5.797855506226374800e-01
4.188502280983843473e-01 5.685981522952835432e-01
4.148622608036020010e-01 5.570396819607023042e-01
4.108896944643362081e-01 5.451610799532667917e-01
4.068820637772785909e-01 5.327425318634294582e-01
4.028559475641995125e-01 5.199921914873135709e-01
3.988036741050559053e-01 5.067014541599645927e-01
3.947552462006623797e-01 4.930753431066483561e-01
3.908251230286395872e-01 4.789512586271268413e-01
3.870179677816790731e-01 4.644975462589359672e-01
3.834134501187261845e-01 4.496359114015492375e-01
3.800600080683799176e-01 4.343057597345544307e-01
3.769369005930325867e-01 4.186366468707239941e-01
3.741216069599606620e-01 4.025751583221379715e-01
3.717586814963437236e-01 3.859891678391512704e-01
3.698826024704103821e-01 3.690175354144906716e-01
3.686430668160467494e-01 3.516119870940433434e-01
3.681864265881523712e-01 3.337501547656023249e-01
3.686857087904760744e-01 3.154440270340067021e-01
3.703746700954047011e-01 2.966834396507815330e-01
3.733865850259561192e-01 2.775169625694420827e-01
3.779185506054838495e-01 2.580641898583361793e-01
3.841675075144282969e-01 2.383520366580834937e-01
3.923446253655052396e-01 2.185298941183705379e-01
4.027251278628889430e-01 1.986869024684459473e-01
4.153607632349310963e-01 1.789778337299690880e-01
4.302556874063487857e-01 1.596497372789195679e-01
4.475799475226392432e-01 1.408386025469240133e-01
4.675304805269449582e-01 1.228213554882549435e-01
4.899026139322169571e-01 1.056820019637181723e-01
5.144256065279596557e-01 8.964893155327610663e-02
5.406533915792507416e-01 7.491680714856849277e-02
5.681497104276476140e-01 6.165254764348817446e-02
5.960693429127408294e-01 5.006001568787267486e-02
6.233994688827654285e-01 3.997899748454759178e-02
6.486914876879570357e-01 3.160519686593226546e-02
6.705136202168100468e-01 2.471163671273399892e-02
6.866542145601878255e-01 1.919308263675599535e-02
6.945586994603204500e-01 1.481736832690432396e-02
6.908394472756839155e-01 1.125243944499589900e-02
6.703499738832325860e-01 8.260347526935040222e-03
6.269382701471755137e-01 5.324869399594331885e-03
5.535946710115982050e-01 2.345091545667106221e-03
4.061849019001294581e-01 0.000000000000000000e+00
