9.256350095864307459e-02 5.877707217490611702e-03
1.143657812476996799e-01 2.468782109378446499e-02
1.451441389976750596e-01 5.288308358641968104e-02
1.764490020227937883e-01 8.783815628991069324e-02
2.055241864553822850e-01 1.265380632744325107e-01
2.312248901544252111e-01 1.663036667941107105e-01
2.532527341581094493e-01 2.054859166657933556e-01
2.714481528994406867e-01 2.427907807757364311e-01
2.857733500459405662e-01 2.774095928278378920e-01
2.964030846790879914e-01 3.088838601306631015e-01
3.035043031817041825e-01 3.370768478915662780e-01
3.074502230766114619e-01 3.620442447010076559e-01
3.086466492613139101e-01 3.839207586112802773e-01
3.075527731625811168e-01 4.029712988323845835e-01
3.045584265868264140e-01 4.194725226967467857e-01
2.999865988382940385e-01 4.336458078054256648e-01
2.941770608992955172e-01 4.458063295199600207e-01
2.873179305691154761e-01 4.561318671111345702e-01
2.796335947442281089e-01 4.647966310283495606e-01
2.736911773880278398e-01 4.720163068799964057e-01
2.893207327289015751e-01 4.779923230669962386e-01
3.040073842435419005e-01 4.828858529622142570e-01
3.177625074228020985e-01 4.868233268312898709e-01
3.305549120518270767e-01 4.899068650529256885e-01
3.423573123960726439e-01 4.922250341541344887e-01
3.532631511922272871e-01 4.939071484209332508e-01
3.634003287610747535e-01 4.950685157049445340e-01
3.727742052150870289e-01 4.957488869801267573e-01
3.814664205522275697e-01 4.960461227057938460e-01
3.895469827043646638e-01 4.959321625412990708e-01
3.971185645482777637e-01 4.955187023993009032e-01
4.043617117697775321e-01 4.949057151353519757e-01
4.110043435751383201e-01 4.939387365811958586e-01
4.172777836571542887e-01 4.928990655045938918e-01
4.230566975162054488e-01 4.917262648916927992e-01
4.283155574428316736e-01 4.904147676170386716e-01
4.332129312393614429e-01 4.890641971639594354e-01
4.375836123501274377e-01 4.876112199113702417e-01
4.416016968400577891e-01 4.861003130410824213e-01
4.451888520119148818e-01 4.844646701361433605e-01
4.482680014620407105e-01 4.826914760099004220e-01
4.507779646359755255e-01 4.806780433530547514e-01
4.526971639455609209e-01 4.784526192416825863e-01
4.543001529034216834e-01 4.761502737707620225e-01
4.556907942773198439e-01 4.739251045191305578e-01
4.567808030631231864e-01 4.716212700866143637e-01
4.577814139829312068e-01 4.694550880987338193e-01
4.585721930214768371e-01 4.672521404355445829e-01
4.592142086761495934e-01 4.650454027865371653e-01
4.597330251818756430e-01 4.628498361723958898e-01
4.601119068548862323e-01 4.606253562609191610e-01
4.603185508363077383e-01 4.584032276293098507e-01
4.603501704791952420e-01 4.561665104407723881e-01
4.602696734350069097e-01 4.539290582524648232e-01
4.601425908227428918e-01 4.518204695844376118e-01
4.601499338998623623e-01 4.499553652959243366e-01
4.603541038292559562e-01 4.482703084219934464e-01
4.604285017124544188e-01 4.465534293404677113e-01
4.605937541903870613e-01 4.449850222906131525e-01
4.605666564701663690e-01 4.432824282269977045e-01
4.605283766769635578e-01 4.416421200245265188e-01
4.602081347312549919e-01 4.398728101725457029e-01
4.597919405142008031e-01 4.380939217211022307e-01
4.596016430597147373e-01 4.363790257913305326e-01
4.593552217753884559e-01 4.346269377589224159e-01
4.588909484766821034e-01 4.328550405571220394e-01
4.587466049663130874e-01 4.312023023127502519e-01
4.590076074598538614e-01 4.297004196943642884e-01
4.586525862927874342e-01 4.281680183198712242e-01
4.582407799312026575e-01 4.267154170079191511e-01
4.586848582656150031e-01 4.257421627944313336e-01
4.587058963549580093e-01 4.244133620641732940e-01
4.580773475645509851e-01 4.226102340301204352e-01
4.588728868734026634e-01 4.219646866526115536e-01
4.591965991155403382e-01 4.211078741069337883e-01
4.585979021709359893e-01 4.197158345500704435e-01
4.590901321343164865e-01 4.189777014652585341e-01
4.597083879791753480e-01 4.183585741467055752e-01
4.595549646747080219e-01 4.173993713440696807e-01
4.595898648416147925e-01 4.165722191228404814e-01
4.598330319250588105e-01 4.159003662223405007e-01
4.596049564852637270e-01 4.149589777853220918e-01
4.592034155870291512e-01 4.139359232665190680e-01
4.590916092337244958e-01 4.130014536177135098e-01
4.590947789741779417e-01 4.121106390009894316e-01
4.591170119051933840e-01 4.111328756443448085e-01
4.593325543724818827e-01 4.102392464671235084e-01
4.596543106591833849e-01 4.095114504623987850e-01
4.600268855379819888e-01 4.088382027842328292e-01
4.602261317950595565e-01 4.081278673332310314e-01
4.604538318429844956e-01 4.074447599001729259e-01
4.608333029095880717e-01 4.068585292169304979e-01
4.612603805061067930e-01 4.063161206619818611e-01
4.616871352378547622e-01 4.057619353848314070e-01
4.621010163881617006e-01 4.052867738333156278e-01
4.624491799086431487e-01 4.047767301988258737e-01
4.626334461223402528e-01 4.042238473467256732e-01
4.627857425758074017e-01 4.036511130244618828e-01
4.628692760687481700e-01 4.029584664317783504e-01
4.629136678687707507e-01 4.022674336825343699e-01
4.629124875333284761e-01 4.015858052033221548e-01
4.628817330843391087e-01 4.008910629367950507e-01
4.628534246961044651e-01 4.001699136546058022e-01
4.629364450622328042e-01 3.993631107507732425e-01
4.630755526996461757e-01 3.985716054220996840e-01
4.636291018610305681e-01 3.980183554630716825e-01
4.643801801061065437e-01 3.975860637790259999e-01
4.651370311508029598e-01 3.971287042226444575e-01
4.657112490340431510e-01 3.967795209493656383e-01
4.663176659806143043e-01 3.963956026075084460e-01
4.670533595332987398e-01 3.961804925013922563e-01
4.679395652530287109e-01 3.962554044212285853e-01
4.688587527099968288e-01 3.963683597084662336e-01
4.697127886884351344e-01 3.964337216223010607e-01
4.704967412040698127e-01 3.964955046010857909e-01
4.712613866960155828e-01 3.965665878922391419e-01
4.722586676795021976e-01 3.968542568814152349e-01
4.736028129318945457e-01 3.973196612396328042e-01
4.749661243237121022e-01 3.977940136043293662e-01
4.761300908523952158e-01 3.981462489653447290e-01
4.770818904167890562e-01 3.983438318259089339e-01
4.780132466579857797e-01 3.984847581918512516e-01
4.789654119823745226e-01 3.987537141244619221e-01
4.798746095104035603e-01 3.991724356235076820e-01
4.807484425684467322e-01 3.995259647870966213e-01
4.816065964096735152e-01 3.998344977588182969e-01
4.824871121454697986e-01 4.000802807824928586e-01
4.833856644902042587e-01 4.003353588295542331e-01
4.842490962927353815e-01 4.005314140064626938e-01
4.855003243717090911e-01 4.008936572007247845e-01
4.868981640964816782e-01 4.013755003528335918e-01
4.883022879323567489e-01 4.018999063959220464e-01
4.895669728857434677e-01 4.023772623323875752e-01
4.904509264101143406e-01 4.027851719172980682e-01
4.913111322262402325e-01 4.031906362065450500e-01
4.921329902391381461e-01 4.035642561129458294e-01
4.935215574043887443e-01 4.043132624057236835e-01
4.953862217902155196e-01 4.053817045002839903e-01
4.971923539476210685e-01 4.064278132167511437e-01
4.989413192046825429e-01 4.074190440362122634e-01
4.999704481998136218e-01 4.077859980510964988e-01
5.006968335756172284e-01 4.078833843342369314e-01
5.014855724041105134e-01 4.080294426648257144e-01
5.023214794164119201e-01 4.081992269198612688e-01
5.035998485332826569e-01 4.091940454081928191e-01
5.049982132413413094e-01 4.103496738234675423e-01
5.063882508415192829e-01 4.115124494539136868e-01
5.077086973148332572e-01 4.126791707745411930e-01
5.081640448474100680e-01 4.136599537908197677e-01
5.079440014130296444e-01 4.144975300265857920e-01
5.078161151862869982e-01 4.153658514613751684e-01
5.076801314574185264e-01 4.162501333578345064e-01
5.075498659425646819e-01 4.172166930422663844e-01
5.076314843255735898e-01 4.187642405361807763e-01
5.077566892301447199e-01 4.203678815514777511e-01
5.078788723095302160e-01 4.219927030274862045e-01
5.080053489955900226e-01 4.236430965670230919e-01
5.081194457872731940e-01 4.251279509361723941e-01
5.081879605162185065e-01 4.263972734839959755e-01
5.082681495246608172e-01 4.277201693753655554e-01
5.083386892654482292e-01 4.290745391863684532e-01
5.084264655092631813e-01 4.304858636160371343e-01
5.087443776448272725e-01 4.322289459584066074e-01
5.092132410498854123e-01 4.342011846466780622e-01
5.096853988711872452e-01 4.362097589579939094e-01
5.101720234588986713e-01 4.382795400752140247e-01
5.106583405972895395e-01 4.403047513852159089e-01
5.111102565832431610e-01 4.420369099291329151e-01
5.115727232300039118e-01 4.437983731582097469e-01
5.120474032583242074e-01 4.456064672158703277e-01
5.125593355484856506e-01 4.475038910249654611e-01
5.130929779370075883e-01 4.494623150577071180e-01
5.136353473065924380e-01 4.514613185023214625e-01
5.142225584168995667e-01 4.535494138782691365e-01
5.148352344052493645e-01 4.557039395961302586e-01
5.153895693907613040e-01 4.578466043900883409e-01
5.156489885176109844e-01 4.597546802619202344e-01
5.158402255108448520e-01 4.616525128783813270e-01
5.160424131948936344e-01 4.636100987497742687e-01
5.162416479557857540e-01 4.656357753916759434e-01
5.163848761254878905e-01 4.675474251888703803e-01
5.164691658632512006e-01 4.693011549602064680e-01
5.165639945444333581e-01 4.711243924662337212e-01
5.166543923116759807e-01 4.730069766730973235e-01
5.168026808931449612e-01 4.749207737378094429e-01
5.172441810512702354e-01 4.767175181225579705e-01
5.177961074954340326e-01 4.785276518898368692e-01
5.183858321271672676e-01 4.804162387288254954e-01
5.189644142641396396e-01 4.823482274760670374e-01
5.197200255864606877e-01 4.843566871024826415e-01
5.207139090734591580e-01 4.864912918328672675e-01
5.217189597596370021e-01 4.887100600047005750e-01
5.227503013625482975e-01 4.910033499262327905e-01
5.237824738974689032e-01 4.933420700397107006e-01
5.246920120385816233e-01 4.955606825474411781e-01
5.255859494920633868e-01 4.977777740322749112e-01
5.265049891888424760e-01 5.000544000839614034e-01
5.274466156243928783e-01 5.024123372334101667e-01
5.283062405310592347e-01 5.044568658009059847e-01
5.290830846786627184e-01 5.061844117509830543e-01
5.298861077517015294e-01 5.079528051018585844e-01
5.307092930572784306e-01 5.097748119500231656e-01
5.315401460092729069e-01 5.115051234800702673e-01
5.323517514014770580e-01 5.128200174687973512e-01
5.331729216964528062e-01 5.140868248079527580e-01
5.340106638855344201e-01 5.153860867380988253e-01
5.348658347383814515e-01 5.167298581175476802e-01
5.355757930284460455e-01 5.179224689427606165e-01
5.361953692731229459e-01 5.190064014439751405e-01
5.368294297168957341e-01 5.201082460503367866e-01
5.375118820974551515e-01 5.212969847415050983e-01
5.381267641945676194e-01 5.224116111610882518e-01
5.386067138407253374e-01 5.233740316706541051e-01
5.391358421961625069e-01 5.243861831221044989e-01
5.396801731652098866e-01 5.254247176946195141e-01
5.402376686010558204e-01 5.264464013753830107e-01
5.408876059297749173e-01 5.273006419599303163e-01
5.415980644894733409e-01 5.281052520463865863e-01
5.423178513168701587e-01 5.289279726289614070e-01
5.430560695819399708e-01 5.297609933483956590e-01
5.438610647439052759e-01 5.304424525520349265e-01
5.447185970578488634e-01 5.310032792054570905e-01
5.455892874233574386e-01 5.316059903356176175e-01
5.464688365667972336e-01 5.321779114749385364e-01
5.473012764182078049e-01 5.327030808076661517e-01
5.479980720563734087e-01 5.330978141752893418e-01
5.486916396483139113e-01 5.334892682211744841e-01
5.493964005003997286e-01 5.338867663759033766e-01
5.500795680855508074e-01 5.342800153119705575e-01
5.505766896836659097e-01 5.346218005426875974e-01
5.510226139110787624e-01 5.349411758254001281e-01
5.514827652957511317e-01 5.352609062440577548e-01
5.519478348308679561e-01 5.355878676168482899e-01
5.523607251509092819e-01 5.359274062239608449e-01
5.527293499659516884e-01 5.362735778064411374e-01
5.531049772754229599e-01 5.366235581331054716e-01
5.534998359088623143e-01 5.369780615530110879e-01
5.539081060685359104e-01 5.373452037675694459e-01
5.543355527390402271e-01 5.377295241449346896e-01
5.547765570705249782e-01 5.381051204495673757e-01
5.552243977297280919e-01 5.384835116142253630e-01
5.556799389853699367e-01 5.388827675359120217e-01
5.561681195297258906e-01 5.393115066933517054e-01
5.566542398529300550e-01 5.397327610006197318e-01
5.571536445800088222e-01 5.401564913342422614e-01
5.576529798099081336e-01 5.405753980017549143e-01
5.581279334943896053e-01 5.409902096047972675e-01
5.586123289796861568e-01 5.414168079121841615e-01
5.590974983960692590e-01 5.418467234540341737e-01
5.595769320317925954e-01 5.422765843659012042e-01
5.599546228132523673e-01 5.428102749467422772e-01
5.602969425522219549e-01 5.433875966760738363e-01
5.606466909149603328e-01 5.439718113884224326e-01
5.610002118271796290e-01 5.445606915718985697e-01
5.613012315881423797e-01 5.452712059710034254e-01
5.615659696434370796e-01 5.460659815194746081e-01
5.618356752986078950e-01 5.468637378728106180e-01
5.621114846709168722e-01 5.476747357247916392e-01
5.623149408956505946e-01 5.484792217133223069e-01
5.624423895070620461e-01 5.492806953993630836e-01
5.625752924939958488e-01 5.500911122624150273e-01
5.627136526333426092e-01 5.509027882730402892e-01
5.628212140542308006e-01 5.515866998560809975e-01
5.628761461437972180e-01 5.521080622180862818e-01
5.629335189252374638e-01 5.526473568365088962e-01
5.629928041581633291e-01 5.531716424599150139e-01
5.629672440203533634e-01 5.537871784520073115e-01
5.628733827641798637e-01 5.544772804619749751e-01
5.627751214802537705e-01 5.551549104036234139e-01
5.626822095413470670e-01 5.558501457402776902e-01
5.625277393256271630e-01 5.565560187454061669e-01
5.623532386447264164e-01 5.572689629384072196e-01
5.621763141302177358e-01 5.579916352274242319e-01
5.620007654460712487e-01 5.587263539573976701e-01
5.619039660624083332e-01 5.596862363500610948e-01
5.618395325912739491e-01 5.607490282083257283e-01
5.617710269905920040e-01 5.618200220488971386e-01
5.617036538102622156e-01 5.629122279669488416e-01
5.616480581383881399e-01 5.641760803455089235e-01
5.615969764390770225e-01 5.655479180040668963e-01
5.615439982481216230e-01 5.669317210128973494e-01
5.614928805300805070e-01 5.683424819763276403e-01
5.614248653872933037e-01 5.699464310318055338e-01
5.613401891962790380e-01 5.717430474019051800e-01
5.612603097937606256e-01 5.735526233260881401e-01
5.611831640516563580e-01 5.753915679170119590e-01
5.610385819884503578e-01 5.772946847566694517e-01
5.607683021913714150e-01 5.793163210442416888e-01
5.605138481418467933e-01 5.813627489559711758e-01
5.602523678700201959e-01 5.834428512593656801e-01
5.599860877541816828e-01 5.855772071574988358e-01
5.596955538280372622e-01 5.878342741916984249e-01
5.593892992609017512e-01 5.901466408659570284e-01
5.590782625538752715e-01 5.924928387409962305e-01
5.587674353496747681e-01 5.948823245519720970e-01
5.583396123030490710e-01 5.973253696692483183e-01
5.578263839414644432e-01 5.998109519333039152e-01
5.573108757623621567e-01 6.023397859743083727e-01
5.567883288579624779e-01 6.049090686732564448e-01
5.562301288254066778e-01 6.074932646901496369e-01
5.556068432220921949e-01 6.100635521413168005e-01
5.549809530903998533e-01 6.126670540756674610e-01
5.543405216913332989e-01 6.153131536912548327e-01
5.536749862634517960e-01 6.179925182064767153e-01
5.529360960022544624e-01 6.206340864463361084e-01
5.521830747572773479e-01 6.233098925830978798e-01
5.514137907849294695e-01 6.260230698917002012e-01
5.506253037193622468e-01 6.287812502029855866e-01
5.498181149935310597e-01 6.316416704795441150e-01
5.489911772778390819e-01 6.345607583928825068e-01
5.481441476839824523e-01 6.375239649254083041e-01
5.472834140033393524e-01 6.405340384963806866e-01
5.464317078626214075e-01 6.436526569384449781e-01
5.455759772875220515e-01 6.468302790440964012e-01
5.446939429328958582e-01 6.500418385452867431e-01
5.437899913074859537e-01 6.533064708957007083e-01
5.426770183380543733e-01 6.564332761108728764e-01
5.414604974201399079e-01 6.595229159091371418e-01
5.402105960716818700e-01 6.626202016903417480e-01
5.389436010682129297e-01 6.657632223111815684e-01
5.374282182691538789e-01 6.684588258282009310e-01
5.358477504999766827e-01 6.710665358261421742e-01
5.342183251721585036e-01 6.736449844270373521e-01
5.325478850260837449e-01 6.761116773039441696e-01
5.308294781271813978e-01 6.781946107459236872e-01
5.290548263719621058e-01 6.801690790300226608e-01
5.272466670960294088e-01 6.820739012107431831e-01
5.252528296368896843e-01 6.836615673138639604e-01
5.230922857209302501e-01 6.849454222312519880e-01
5.208771029834264876e-01 6.860925814178041593e-01
5.185252127555466384e-01 6.869681096353867922e-01
5.158583185359821854e-01 6.872230465692985568e-01
5.130871946835844355e-01 6.872112760988885460e-01
5.102346825851791223e-01 6.869722973945443512e-01
5.071971415149747475e-01 6.858758155372390863e-01
5.040494125269330272e-01 6.844123454869509571e-01
5.008125139127157510e-01 6.826478007531523451e-01
4.974012979127795386e-01 6.799626228744223289e-01
4.938822924919799573e-01 6.768673849813277021e-01
4.902377964630813545e-01 6.733222601946711183e-01
4.863819913597000610e-01 6.690114183285368332e-01
4.824203494079197796e-01 6.643231856087895570e-01
4.783109356171115767e-01 6.590960888366872439e-01
4.740278382926021994e-01 6.532683913918595486e-01
4.696654837832304752e-01 6.470887014382292746e-01
4.652200303768094791e-01 6.402950901982418230e-01
4.606994869101712631e-01 6.331680900231945186e-01
4.561975161522487943e-01 6.254848452793021485e-01
4.516610179628736121e-01 6.174483229811412732e-01
4.471832357188205709e-01 6.089606218034991914e-01
4.427223099898194292e-01 6.001104023344601135e-01
4.383382718152381563e-01 5.907694815621070683e-01
4.339966912811517030e-01 5.810657875201340472e-01
4.297305372799787859e-01 5.708948232239856591e-01
4.255119223884505919e-01 5.602720326894141678e-01
4.213196918157581239e-01 5.492063930212054412e-01
4.171829146672677013e-01 5.376644041011575670e-01
4.131048680631955738e-01 5.257009382140889198e-01
4.090627948296873262e-01 5.132616640882645687e-01
4.051560537892128222e-01 5.002579783943648106e-01
4.013245585326750131e-01 4.869815965809400349e-01
3.978076677403767913e-01 4.730069300451268388e-01
3.944957354909626734e-01 4.587691417040872799e-01
3.915724468700290117e-01 4.440081784879426063e-01
3.889299874357362574e-01 4.289789129318495875e-01
3.869114572633892690e-01 4.133745467836262844e-01
3.853313360400001941e-01 3.975520016500301845e-01
3.845834393153214070e-01 3.812518067754101514e-01
3.844813606913533022e-01 3.647123827225997594e-01
3.854489992904154838e-01 3.477836421610366879e-01
3.874795310104029444e-01 3.305735131588660725e-01
3.904920760559124071e-01 3.131900842871603308e-01
3.950133368096517827e-01 2.954831645979886234e-01
4.008241243764036899e-01 2.776195778797043157e-01
4.078885953782681040e-01 2.597036899347279215e-01
4.165638424744545487e-01 2.416907188700624931e-01
4.269035091431729878e-01 2.236898759164850925e-01
4.387454032257004366e-01 2.058760382821081536e-01
4.522309557679142777e-01 1.882932469358643834e-01
4.674403190265714603e-01 1.710512824987804048e-01
4.844517952157459950e-01 1.542437554454096083e-01
5.032782374767660327e-01 1.379601159513727526e-01
5.237075409039264606e-01 1.223885477636511704e-01
5.455990967552635240e-01 1.076012930535693440e-01
5.685369577423504683e-01 9.376593476898177626e-02
5.922014766121307394e-01 8.094180175593364279e-02
6.161595808015485343e-01 6.920107139125340756e-02
6.398680023459824007e-01 5.861114428525595471e-02
6.628497228825892540e-01 4.915631393475141525e-02
6.842718877925552112e-01 4.096593875061860235e-02
7.034001249799600730e-01 3.394667669088104883e-02
7.196068485006603677e-01 2.790565087339236597e-02
7.310466918119573609e-01 2.295154593463523407e-02
7.368175121265851946e-01 1.874266249171830864e-02
7.342970274096042305e-01 1.521643565469454028e-02
7.206029844773049753e-01 1.208930307061279949e-02
6.908875856436453855e-01 9.080306735411290686e-03
6.404128572662868280e-01 6.035677831320315247e-03
5.622518417344088970e-01 2.708587007374019077e-03
4.066102683688181951e-01 0.000000000000000000e+00
