1.671756201867850011e-01 6.229673662198969512e-04
1.724741224491938563e-01 3.469150930171176900e-03
1.807861141637360225e-01 7.793937794009602772e-03
1.904253386427490202e-01 1.333381069913098897e-02
2.004635946527850709e-01 1.997742263213729899e-02
2.099197101446390878e-01 2.757746931931516141e-02
2.182606015441647951e-01 3.601789089620115181e-02
2.249446942476965861e-01 4.519984948578312928e-02
2.300175113522353598e-01 5.500256953752715589e-02
2.338961787018637717e-01 6.561099988295489294e-02
2.367719296770705029e-01 7.677617868354659481e-02
2.388885656211091613e-01 8.854849824889832188e-02
2.404464447603961164e-01 1.008667242091162985e-01
2.416616009288866662e-01 1.136437497372132510e-01
2.427048235678762322e-01 1.269506651275892906e-01
2.437690705730329310e-01 1.406265797405579776e-01
2.450437293888858004e-01 1.547174851793054196e-01
2.464946158199239346e-01 1.691491979385727762e-01
2.481609307648235396e-01 1.838128378966040755e-01
2.500550803519842047e-01 1.986728005813042930e-01
2.521562141031316595e-01 2.136721719574778688e-01
2.544860033744877903e-01 2.287861704504151050e-01
2.570449298837864660e-01 2.439869862703747672e-01
2.598276900912465104e-01 2.592448449674299993e-01
2.627111782041687271e-01 2.746166685693731679e-01
2.657276331042272566e-01 2.900575142481943702e-01
2.689805303170245132e-01 3.054742313231651463e-01
2.724449428083754454e-01 3.208506646934998208e-01
2.760741752001896199e-01 3.361376986802738775e-01
2.798862687448370745e-01 3.512914435275781844e-01
2.838875613261667707e-01 3.663188164234387201e-01
2.881571364780049493e-01 3.811389471249827521e-01
2.926382308700024026e-01 3.956724080478342676e-01
2.973247510861291576e-01 4.099659768304268481e-01
3.024874660062271126e-01 4.239213305983025037e-01
3.078125643551434809e-01 4.374544389501723862e-01
3.134241777493733672e-01 4.504427948178928443e-01
3.193548407592343708e-01 4.629210121965674496e-01
3.254569812353746983e-01 4.748120739812789481e-01
3.317716707945922439e-01 4.860047088657457048e-01
3.382524005236670073e-01 4.965539527236205175e-01
3.448636973901542113e-01 5.063115591875145816e-01
3.515885341014370891e-01 5.152454498297422969e-01
3.582931852897642822e-01 5.233463319047362283e-01
3.650598554240384597e-01 5.305773472871337937e-01
3.718063458342473759e-01 5.370345488669602263e-01
3.787434372158879903e-01 5.424666126683618250e-01
3.855061281010030427e-01 5.470556080992089454e-01
3.926197481184088289e-01 5.506304761304425810e-01
3.995655842362326737e-01 5.535372197908006164e-01
4.067584121795868590e-01 5.554717924523938644e-01
4.137625307551570097e-01 5.567951393616881184e-01
4.209915022345566138e-01 5.570987839341062786e-01
4.278623268107977218e-01 5.570801626781978211e-01
4.349440481912066336e-01 5.559872557091314338e-01
4.417263470501056055e-01 5.543843027561451420e-01
4.484126645343283202e-01 5.519409114804172400e-01
4.552289044833386367e-01 5.485587864392549307e-01
4.615971610149627313e-01 5.449459770422466764e-01
4.680179747114505129e-01 5.403707118546878796e-01
4.740846578621462637e-01 5.352814693694345483e-01
4.800617922597418818e-01 5.296581017596232455e-01
4.858726635482321088e-01 5.235788454217742416e-01
4.913007082757966382e-01 5.173714868437372383e-01
4.965729357770177765e-01 5.104053261089556148e-01
5.014484385304757152e-01 5.035711475503442669e-01
5.062191882221913630e-01 4.961618991223281094e-01
5.106244762906053669e-01 4.890404863383958634e-01
5.150954268145253589e-01 4.813793000197006955e-01
5.194583963281562689e-01 4.737636419422326939e-01
5.235647852263393132e-01 4.657212228501673157e-01
5.273109160727873501e-01 4.579281518191906097e-01
5.312554803396150049e-01 4.499951853093799303e-01
5.348577849775502102e-01 4.425743404544924542e-01
5.381109715204832611e-01 4.347635636081079169e-01
5.407596351206004348e-01 4.266336488600319110e-01
5.435366032428312622e-01 4.190504720425987095e-01
5.466740026375267458e-01 4.119536709399712060e-01
5.495383513304856749e-01 4.050021390525458398e-01
5.509002985386675100e-01 3.974385866273427714e-01
5.516689800938325838e-01 3.896063799980539755e-01
5.535118732025305910e-01 3.832503183794249701e-01
5.558180730343891263e-01 3.776736117179099184e-01
5.575434542354096301e-01 3.720097085334292397e-01
5.570576572006888938e-01 3.645470663074424911e-01
5.566773604336956449e-01 3.575146498271342121e-01
5.561975786055889381e-01 3.525694143739162567e-01
5.556040959263698342e-01 3.483006995333136624e-01
5.545149516966524361e-01 3.435399292614034206e-01
5.524705378618963714e-01 3.382944726533085866e-01
5.504709528230180560e-01 3.333808370547879374e-01
5.479597018120276886e-01 3.295210684741247120e-01
5.449490036942887805e-01 3.261220136604106035e-01
5.411977867269323061e-01 3.230909782846874689e-01
5.372613074873622274e-01 3.198788578077106370e-01
5.329994689366450711e-01 3.170693915484719128e-01
5.282922055709801112e-01 3.151199821800660383e-01
5.234258703080479913e-01 3.133799211490189696e-01
5.184093854453599715e-01 3.117666366537511502e-01
5.128791148881997053e-01 3.108939824057874168e-01
5.070010129599287207e-01 3.103326054185109872e-01
5.011114309422919355e-01 3.099385621083463604e-01
4.945880069626720221e-01 3.104375504008041187e-01
4.874652014705334047e-01 3.112978267194244641e-01
4.799613811786995199e-01 3.128789478518482770e-01
4.722745597777111004e-01 3.145911360688646297e-01
4.643025372396096806e-01 3.166432250975600993e-01
4.562302665559219150e-01 3.193425442796597458e-01
4.480402912551810779e-01 3.224711095687742834e-01
4.395565609864868772e-01 3.259346273396341864e-01
4.310519347677092550e-01 3.295160725148174041e-01
4.225413710235967901e-01 3.338129631014873921e-01
4.137616670066771585e-01 3.382948865600884369e-01
4.050506727434026732e-01 3.432634710707322956e-01
3.967058494403583602e-01 3.489580992993384090e-01
3.879992560957359338e-01 3.547833844618808463e-01
3.797826735262004316e-01 3.609954148258145978e-01
3.721643530404659117e-01 3.673822090644787708e-01
3.642499121500909487e-01 3.740037429698568339e-01
3.567837445588023515e-01 3.809230583565049177e-01
3.499559360921563611e-01 3.880339946722627387e-01
3.445230462826399664e-01 3.954519599682222997e-01
3.389776893950098291e-01 4.031268149666247247e-01
3.335628838796593776e-01 4.109305321232935571e-01
3.301934039863062553e-01 4.187837271934292671e-01
3.270114920184723495e-01 4.268881685171388440e-01
3.244254545213451912e-01 4.350885283124721892e-01
3.236083557707337688e-01 4.429410528115261259e-01
3.224853296056974239e-01 4.510298373687388063e-01
3.218968562550575951e-01 4.591383535764301804e-01
3.222141307403173505e-01 4.669414778696270862e-01
3.231631827524430456e-01 4.744582640523340444e-01
3.251866449091129763e-01 4.816230072619841485e-01
3.269203642839530466e-01 4.890004311613335708e-01
3.294439738706239629e-01 4.960258700986587832e-01
3.330985610291072874e-01 5.025652986141770917e-01
3.372309634138476730e-01 5.089367525159481653e-01
3.417585198415367120e-01 5.150255526386566807e-01
3.468919153710685599e-01 5.203441498969657575e-01
3.519416077820535227e-01 5.257826866174120095e-01
3.573186916828153814e-01 5.308971073475196034e-01
3.629347322610906312e-01 5.357807641400516019e-01
3.689409199276375007e-01 5.402198068053106761e-01
3.750621150317731134e-01 5.443489353838693035e-01
3.813164860086540875e-01 5.483545618855275583e-01
3.874406438517425944e-01 5.522436605603963100e-01
3.932250990787651834e-01 5.552289437198104638e-01
3.990667087639037658e-01 5.580664392454997014e-01
4.049529034805615657e-01 5.607689906291869475e-01
4.107681654504817814e-01 5.631070799792610160e-01
4.165822732065403988e-01 5.652342618256784856e-01
4.225145130611064337e-01 5.674174132562133099e-01
4.284190251094041613e-01 5.693803494085899475e-01
4.339539145967372669e-01 5.710588145013237860e-01
4.388957845061045582e-01 5.723383582391965430e-01
4.436878662454863953e-01 5.734548403904887737e-01
4.484946053715183067e-01 5.745408703207938172e-01
4.534193861994673114e-01 5.756568283465846037e-01
4.580868016394492592e-01 5.765305381655666528e-01
4.626381260382697591e-01 5.772628850535993505e-01
4.672214098909391877e-01 5.779718584379176516e-01
4.713635594555690700e-01 5.784765418311345053e-01
4.746583042906428185e-01 5.787084986301486156e-01
4.780913907839114962e-01 5.789809907772476283e-01
4.814246327219704469e-01 5.791943021720133977e-01
4.847627173398709743e-01 5.793758623283590259e-01
4.883493835155235940e-01 5.794586414508473560e-01
4.917543396176137227e-01 5.794215539941862669e-01
4.950861124703291871e-01 5.793274835912125553e-01
4.985352214024014739e-01 5.792757211861696565e-01
5.006352510893210539e-01 5.789998062453698413e-01
5.024575180283654685e-01 5.786605347807203259e-01
5.042877918492545408e-01 5.783107946691071755e-01
5.059277166030049511e-01 5.779294273559535400e-01
5.076030468989244371e-01 5.771166379758434495e-01
5.093572032788892257e-01 5.761759528505108197e-01
5.110722768976162511e-01 5.752195291123742837e-01
5.127569888730351133e-01 5.741689116126766912e-01
5.140115466969519264e-01 5.734245601385289381e-01
5.147429714096902753e-01 5.729570215990352766e-01
5.154169399630480486e-01 5.724436724714349056e-01
5.160876348018866855e-01 5.719335459052202753e-01
5.167854607536929157e-01 5.713180496210457093e-01
5.175871861022300902e-01 5.704608443992295053e-01
5.184158371070336502e-01 5.695829551692063175e-01
5.192475542837734492e-01 5.686992403599788748e-01
5.200220887196036479e-01 5.678033768462280584e-01
5.206285629805784687e-01 5.668401242332046230e-01
5.210891886552105889e-01 5.658137724895363485e-01
5.215965483455196061e-01 5.647879398420390107e-01
5.220340507735703461e-01 5.637468268168199792e-01
5.224533111362491544e-01 5.626943258952777915e-01
5.226954416004203630e-01 5.616081480414739646e-01
5.227964051979219207e-01 5.605080803507501708e-01
5.228375913762581817e-01 5.594094412740531208e-01
5.228767717685545158e-01 5.582996409151003148e-01
5.229456726537997646e-01 5.571942353792053160e-01
5.228246270892158432e-01 5.562401382665820293e-01
5.226681263852084314e-01 5.553272875842473200e-01
5.225035112130980153e-01 5.543951703808838172e-01
5.223224836815073546e-01 5.534481730568500124e-01
5.221944129106167454e-01 5.525659524709153336e-01
5.221026864283220270e-01 5.517405068757716968e-01
5.219971663467770639e-01 5.508929062025935686e-01
5.218966233447603909e-01 5.500402134527586639e-01
5.218352735374971463e-01 5.492074422797227351e-01
5.218220540275354535e-01 5.484790004011035336e-01
5.218182936619735202e-01 5.477696101701645670e-01
5.218139669507511069e-01 5.470482233853931620e-01
5.218135870758526806e-01 5.463139345390488621e-01
5.218174629547773780e-01 5.455724317022015990e-01
5.218282896414409011e-01 5.448247466384328330e-01
5.218379340750065598e-01 5.440492394897844530e-01
5.218464703784930769e-01 5.432604478303800777e-01
5.218553211163498018e-01 5.424702179390408219e-01
5.218360892657573080e-01 5.417194523339703416e-01
5.218189325527208267e-01 5.409718831634937608e-01
5.217996585239759177e-01 5.402148583986513541e-01
5.217816620883839462e-01 5.394401276640686804e-01
5.217409967349255773e-01 5.387340841916505862e-01
5.216910007357704604e-01 5.381067087776757463e-01
5.216401583474936654e-01 5.374784381400432576e-01
5.215877741566425918e-01 5.368335203370145914e-01
5.215289671397267401e-01 5.363006560374609100e-01
5.214583668310193154e-01 5.358403940297656876e-01
5.213802951465555946e-01 5.353480805262309516e-01
5.213061335249282724e-01 5.348701201867441801e-01
5.212483745555843706e-01 5.344767378241175315e-01
5.212084865657149457e-01 5.341970210788566931e-01
5.211646743226130418e-01 5.339136411516873792e-01
5.211242826803006434e-01 5.336354683498562013e-01
5.210959425244254817e-01 5.333916264307816402e-01
5.210993826680452301e-01 5.332552206911688186e-01
5.211246611586759503e-01 5.331674464765263632e-01
5.211673116459456523e-01 5.330968454812693436e-01
5.211965626942540730e-01 5.330089860438732563e-01
5.212755752610014337e-01 5.330335893131895597e-01
5.214235510175051491e-01 5.331585161330967271e-01
5.215942072588160006e-01 5.333011650825431049e-01
5.217461909291283284e-01 5.334233876767361382e-01
5.219668067840305126e-01 5.336343380305363926e-01
5.222867655664047426e-01 5.339349128499716324e-01
5.226059258796769136e-01 5.342301787954544245e-01
5.229248375194267551e-01 5.345264547516511699e-01
5.233701325220347922e-01 5.348406000160429441e-01
5.238651485002457919e-01 5.351711700714977260e-01
5.243659662366189078e-01 5.355053997762649898e-01
5.248832356064453419e-01 5.358396928158289940e-01
5.254953261953103638e-01 5.362685039682539845e-01
5.261229254280583856e-01 5.366738067169197768e-01
5.267615908078178144e-01 5.370916456963634733e-01
5.274174377001183966e-01 5.375579990710745992e-01
5.280614675575145966e-01 5.381972547895321757e-01
5.287003070006421890e-01 5.388590236012817947e-01
5.293502234772650139e-01 5.395232069550898180e-01
5.300223759947488844e-01 5.402906883351731304e-01
5.307167539331775208e-01 5.412295316501345432e-01
5.314292160425664324e-01 5.422495047818693958e-01
5.321575253356770618e-01 5.432961566647357410e-01
5.328960055259965856e-01 5.443850388278350660e-01
5.336262178123252209e-01 5.456946935129571852e-01
5.343573975320369263e-01 5.470797045219724097e-01
5.351052100774196241e-01 5.484833199977825480e-01
5.358204942556842321e-01 5.499093061606290522e-01
5.364054257097460310e-01 5.514357210463367576e-01
5.369635193709109133e-01 5.530186221904895838e-01
5.375614592144477566e-01 5.546124175046900362e-01
5.380582417545305418e-01 5.562658091094215829e-01
5.384500234640301475e-01 5.579943068890523827e-01
5.388471584395843061e-01 5.597562502966648701e-01
5.392511347944799471e-01 5.615502214104175494e-01
5.395916817543908728e-01 5.633622543430196750e-01
5.398972158594904647e-01 5.652065665589959265e-01
5.402128446264643502e-01 5.670913862030901864e-01
5.404793286929825413e-01 5.689964362040060841e-01
5.405396189295519349e-01 5.708780815242507911e-01
5.406220138296341515e-01 5.728025558762007696e-01
5.406961834020187485e-01 5.747588414034501270e-01
5.406400802360140645e-01 5.766610739562424426e-01
5.405328872732839685e-01 5.785340905497363684e-01
5.404333817890953906e-01 5.804444360441702866e-01
5.402938965609288546e-01 5.823811645744993992e-01
5.399569942660317201e-01 5.844130845008711495e-01
5.396067220427500644e-01 5.864824720230404909e-01
5.392418991906010595e-01 5.885932736037712276e-01
5.388065431570194797e-01 5.906892758669060051e-01
5.382908497819427485e-01 5.927299219903992000e-01
5.377694714285061739e-01 5.948081811563894483e-01
5.372261778758534723e-01 5.969222800337302681e-01
5.365961076476638558e-01 5.991560192279149488e-01
5.359190771487420957e-01 6.014616902622533789e-01
5.352293853167023885e-01 6.038056138508265391e-01
5.345393806813161230e-01 6.061466333589449196e-01
5.338706307429563758e-01 6.084342255605481586e-01
5.332000078073186877e-01 6.107563209297138807e-01
5.325065871692746811e-01 6.131176863447949099e-01
5.318270908892349658e-01 6.156008859222314999e-01
5.311515618052786714e-01 6.181421629871799439e-01
5.304582516124347613e-01 6.207139978269377023e-01
5.297005776068668403e-01 6.233075716540297240e-01
5.288434159796524536e-01 6.259149000165665777e-01
5.279581358677368774e-01 6.285496969021857616e-01
5.270604829042435657e-01 6.312147347638114026e-01
5.259550260522037890e-01 6.339684832758027966e-01
5.248127920248774059e-01 6.367678874464548500e-01
5.236546633872315448e-01 6.395703351987390706e-01
5.223968155273652769e-01 6.424687116197477232e-01
5.210793604378699539e-01 6.454352770706636155e-01
5.197307679734913810e-01 6.484166191321427686e-01
5.183457801626469852e-01 6.514397920190394542e-01
5.169138338940109101e-01 6.545483942949614775e-01
5.154496115594748851e-01 6.576419962117736606e-01
5.139467965292585649e-01 6.607323891067541366e-01
5.123780820546158798e-01 6.637969117067280544e-01
5.107688595834233292e-01 6.668253278030223941e-01
5.091112043899204131e-01 6.698149691537317318e-01
5.074482781661726616e-01 6.727157996410273455e-01
5.057316438275529791e-01 6.755285771794254934e-01
5.039648820901512227e-01 6.782442584386058071e-01
5.022373886219233530e-01 6.807976919901234103e-01
5.005260816893214448e-01 6.831498213810727194e-01
4.987349806201978319e-01 6.853537570671092150e-01
4.969527205652592983e-01 6.873122004761641479e-01
4.951923473000743314e-01 6.889339332838947394e-01
4.933472673565446609e-01 6.903459936417829512e-01
4.914342143646650563e-01 6.913885865424952426e-01
4.894315884427611341e-01 6.919698525025432811e-01
4.873519492083168148e-01 6.922441728248285298e-01
4.851434511529025273e-01 6.920589434272950147e-01
4.827529610554522899e-01 6.911954665901919315e-01
4.802666125985681767e-01 6.899657265164271802e-01
4.776583194880605898e-01 6.881971753121635116e-01
4.749182778424526630e-01 6.857068398664539766e-01
4.720722018107896822e-01 6.828237366913549877e-01
4.691480446243478930e-01 6.793531418046179216e-01
4.661793710549011482e-01 6.752693049246508705e-01
4.631087679770585774e-01 6.708017721610991524e-01
4.600399267109913648e-01 6.657877363453148511e-01
4.569526318287290834e-01 6.603064332705125272e-01
4.538060283625184876e-01 6.544516067583778796e-01
4.507248826187433277e-01 6.481222601591269949e-01
4.476283652331721763e-01 6.414531367965035091e-01
4.444997724799225614e-01 6.344286809454939835e-01
4.414031897525424464e-01 6.270031978086718638e-01
4.382545605917459453e-01 6.193418611809378138e-01
4.350808151665358503e-01 6.113285551948498542e-01
4.318735723753176492e-01 6.031092969202862530e-01
4.286229825085829948e-01 5.945473905623741562e-01
4.253430331051266111e-01 5.857785078417191427e-01
4.220489310299281316e-01 5.767151653706398262e-01
4.187573656376962217e-01 5.673801146892899494e-01
4.154635534733743807e-01 5.578351565809444024e-01
4.121979322751207486e-01 5.479915765418748030e-01
4.089353209236562536e-01 5.379966752730103163e-01
4.056901753624837514e-01 5.277968448222679632e-01
4.024851725166794236e-01 5.173748940493541060e-01
3.993097741744443541e-01 5.068333084502590902e-01
3.961991455192983014e-01 4.960889853567130858e-01
3.931536962657725121e-01 4.852159933680220694e-01
3.901946736595414134e-01 4.741807404819289862e-01
3.873296619853143219e-01 4.629086486788197008e-01
3.845316368227039705e-01 4.515432582011781326e-01
3.818728293645647920e-01 4.399441322451125846e-01
3.792973584322218983e-01 4.282081321875763624e-01
3.768688431718135723e-01 4.162394810317515126e-01
3.746028729406141178e-01 4.040252279162020455e-01
3.724848002345744757e-01 3.916130714960013304e-01
3.705996809871195952e-01 3.788555248191164959e-01
3.689109887339799831e-01 3.657881094848359771e-01
3.674229227807884746e-01 3.523995243567852320e-01
3.662164834298170524e-01 3.386453554016657930e-01
3.653997900157577305e-01 3.244595696686904951e-01
3.650149441794662275e-01 3.099209036284621410e-01
3.651656817985827752e-01 2.949879576939340997e-01
3.659603618370673717e-01 2.796766073284376319e-01
3.675261087438208563e-01 2.639750939380787198e-01
3.699935971929688705e-01 2.478861130998218087e-01
3.735274164428086241e-01 2.314375545532810774e-01
3.783113813368357281e-01 2.146740624407806053e-01
3.845293222534205135e-01 1.976880552092261101e-01
3.923829732594404929e-01 1.805523445906134228e-01
4.020246386065761124e-01 1.633982040391701029e-01
4.135552916159474512e-01 1.463734876857274991e-01
4.271053730340558241e-01 1.296284663530297698e-01
4.429016747603208293e-01 1.133840335187658865e-01
4.607620778642600445e-01 9.783971851032809142e-02
4.806543869482939324e-01 8.312550791729111932e-02
5.025770349308592566e-01 6.957154101840069826e-02
5.260576495755034943e-01 5.727712466809107422e-02
5.504592024059888900e-01 4.634803359845748871e-02
5.748795550037055779e-01 3.696571573607511374e-02
5.981018887458136035e-01 2.896394522160119014e-02
6.181188712612240010e-01 2.250195138507406906e-02
6.330245455263391330e-01 1.723750741572793038e-02
6.397525356331437152e-01 1.310303321066499244e-02
6.353368816160327448e-01 9.701361746525459864e-03
6.148033182484780035e-01 6.847092261015884189e-03
5.739580704803122213e-01 4.309088280655286318e-03
5.106275501959754992e-01 1.900975140081255900e-03
3.823805502310277937e-01 3.067894923030240503e-04
