2.002931984073993699e-01 4.163235014369663818e-03
1.933886311232740074e-01 1.582452236450580113e-02
1.829059486762728004e-01 3.224696320668680311e-02
1.740331010771695996e-01 5.169278960482142499e-02
1.684571141180876142e-01 7.304103349059445915e-02
1.666676299986566412e-01 9.527810232052923156e-02
1.679502198584868489e-01 1.179036176659237073e-01
1.715255668097188935e-01 1.404434866995973308e-01
1.766099098766423237e-01 1.625426457324944118e-01
1.825060833379919534e-01 1.839903910453510039e-01
1.887563447956296936e-01 2.047302864743883455e-01
1.950210698892369532e-01 2.246579060067153411e-01
2.011360565977158843e-01 2.437417415003887977e-01
2.070107612075139381e-01 2.619738862956749181e-01
2.125739441948181208e-01 2.793453593659592782e-01
2.177465504551099884e-01 2.958570369700385116e-01
2.224627628916096556e-01 3.115053113677947461e-01
2.266769118923699367e-01 3.262950616251128477e-01
2.303219814690185552e-01 3.401816048232755851e-01
2.333698179625931513e-01 3.531746080852095071e-01
2.358296008753050232e-01 3.653096232411910949e-01
2.377177938374154531e-01 3.765997246783652219e-01
2.390064578001802054e-01 3.869705708978130598e-01
2.397249558178772277e-01 3.964207047060765987e-01
2.399336504974944884e-01 4.049750752305645296e-01
2.397097425413448057e-01 4.126860291403151026e-01
2.454485389046041632e-01 4.196311001619215109e-01
2.536273960451675413e-01 4.259661069960463675e-01
2.612169510158948160e-01 4.316070752166910052e-01
2.684468067291208015e-01 4.367642964301359232e-01
2.753327465912298044e-01 4.414332881816340204e-01
2.819572683781713662e-01 4.457095061294082949e-01
2.883581512761735910e-01 4.495806079989254078e-01
2.944806671237986118e-01 4.528583475518459522e-01
3.003974986713554562e-01 4.556883494526556833e-01
3.062093206158955638e-01 4.581599298221433747e-01
3.118393268266169138e-01 4.603504735629807554e-01
3.173408033479213630e-01 4.623643988382372116e-01
3.226212922735209321e-01 4.642538784459958046e-01
3.277380079855015671e-01 4.658949794268622546e-01
3.325819808246478493e-01 4.672428609933890198e-01
3.372946499448657987e-01 4.683396187562934854e-01
3.415480468079102883e-01 4.689239273279724451e-01
3.456192730084000631e-01 4.692655439218020308e-01
3.495805286748473462e-01 4.694544804311790442e-01
3.534132664238619492e-01 4.694777305962968827e-01
3.571686667009479343e-01 4.694957976299254931e-01
3.608038503716552992e-01 4.695638108738027228e-01
3.643535836945445139e-01 4.695194957107835521e-01
3.678916419062527865e-01 4.693949846235668799e-01
3.712527657713418083e-01 4.691813300496571748e-01
3.744913039078990313e-01 4.687240818864140124e-01
3.776313728339943943e-01 4.681387905984872866e-01
3.807211893704834926e-01 4.675000043255363447e-01
3.837996234568850085e-01 4.668573268987307734e-01
3.867666125872922800e-01 4.661449580099399914e-01
3.897841547294893516e-01 4.655539492362623100e-01
3.926855625973828534e-01 4.648429613918718672e-01
3.955561778210389678e-01 4.641341197794251472e-01
3.982810038924962659e-01 4.632045618397042097e-01
4.009887503425421107e-01 4.622689212740418441e-01
4.034338855486188091e-01 4.611049098245718070e-01
4.057337864410371919e-01 4.598655781269059828e-01
4.079022199084628708e-01 4.585033505482645211e-01
4.099938425808402620e-01 4.571158402086592520e-01
4.119885969335705944e-01 4.556710287505048584e-01
4.139278550193868922e-01 4.541302139785556302e-01
4.159560701105560199e-01 4.525881193131259250e-01
4.178912614063655662e-01 4.510322090876023871e-01
4.197696236178581897e-01 4.494011760382339848e-01
4.216234315017446388e-01 4.476460866434184838e-01
4.233899780208568719e-01 4.458481528544445127e-01
4.250810161392056807e-01 4.440495919950283032e-01
4.263013694033013223e-01 4.422156084688061428e-01
4.274846716498670318e-01 4.404551545095808374e-01
4.285972942610911662e-01 4.388320281431388747e-01
4.296457306760294026e-01 4.371891545632357601e-01
4.306339493930237960e-01 4.355121495645825069e-01
4.316483096431297795e-01 4.339275336388822013e-01
4.329018881615584458e-01 4.322617668019894110e-01
4.342541835795977745e-01 4.305379880658166125e-01
4.356014417351646850e-01 4.288404886488595413e-01
4.369563463598465924e-01 4.271983330985496541e-01
4.382907615008654334e-01 4.255622132072275354e-01
4.395540116235810979e-01 4.238768475619884568e-01
4.407791196357827568e-01 4.222186917305157938e-01
4.415644219123612269e-01 4.207212868683950502e-01
4.423618737459481531e-01 4.192184228310156247e-01
4.430361558035139646e-01 4.177140555785422982e-01
4.436721731119502854e-01 4.162094961052231201e-01
4.443083966524150608e-01 4.147821752672618545e-01
4.449308947899512923e-01 4.134041986224796794e-01
4.455551398363331028e-01 4.120483180337377038e-01
4.463090348363917270e-01 4.106324868940866568e-01
4.470790535844194613e-01 4.092187994088966607e-01
4.477795027712285769e-01 4.078752364123952590e-01
4.484735361951244781e-01 4.065450305163877398e-01
4.491471503780158359e-01 4.052718512095200842e-01
4.498058731860252735e-01 4.040284179640271645e-01
4.504651264386640985e-01 4.027805505578661571e-01
4.509363253266404636e-01 4.017603705892989763e-01
4.512402405133915106e-01 4.009625707239762304e-01
4.515674275474059751e-01 4.001183720269456678e-01
4.517233407530848455e-01 3.993564607497698260e-01
4.518935813987670080e-01 3.985712184969535388e-01
4.520958739041205376e-01 3.978360974102657099e-01
4.523422915211114947e-01 3.971715088567862040e-01
4.525934118045901178e-01 3.965033181301524934e-01
4.530363510874376165e-01 3.956627183322350971e-01
4.537304915229085633e-01 3.947762937699431651e-01
4.543705959484037882e-01 3.938816902222803118e-01
4.551082698842324747e-01 3.930238247098168380e-01
4.559664602526656285e-01 3.922197477541707888e-01
4.568024112252861979e-01 3.914202216020523650e-01
4.576870601904075020e-01 3.906532115395517923e-01
4.586164903886655875e-01 3.899466508543500409e-01
4.595996702374829934e-01 3.893985586344012595e-01
4.606334154744508025e-01 3.890215329418932888e-01
4.616359769647578881e-01 3.886028827777294192e-01
4.626380627298586345e-01 3.881814742617614722e-01
4.636166058430639669e-01 3.877496504185917736e-01
4.644665678429272804e-01 3.873165411098844491e-01
4.652640501370646220e-01 3.868725279654203764e-01
4.660734216736130975e-01 3.864166839682767751e-01
4.668846565213260469e-01 3.859659517634180803e-01
4.675251034616360046e-01 3.855093527288460664e-01
4.681453763697508430e-01 3.850478188968454174e-01
4.687777823853927495e-01 3.845830814133187614e-01
4.694037880267692420e-01 3.841141803816929823e-01
4.700126371594561259e-01 3.836412327652070631e-01
4.706113145433000744e-01 3.831523776352999677e-01
4.712146923116772301e-01 3.826598391219002138e-01
4.717259567013806221e-01 3.821807908490018058e-01
4.721668456793257640e-01 3.816924673907067800e-01
4.727591473626253649e-01 3.811594598993692240e-01
4.733552819736177586e-01 3.806188658235964417e-01
4.738527890585724767e-01 3.802265151541326382e-01
4.743022497923618519e-01 3.799311966994096124e-01
4.747474363754616844e-01 3.796140270689105090e-01
4.751731449987557365e-01 3.792856799404187296e-01
4.755304987361861357e-01 3.790776789663907187e-01
4.758477085018942843e-01 3.789830092093268710e-01
4.761791617273970489e-01 3.788817297475640111e-01
4.764483626530103821e-01 3.788073626338999689e-01
4.767031219238687667e-01 3.787825326403362336e-01
4.769931656870209924e-01 3.787938006591409223e-01
4.772649470556254991e-01 3.787908811597323067e-01
4.775775463530659293e-01 3.788131918381061891e-01
4.779522873180231946e-01 3.788509386166316606e-01
4.785854463485490484e-01 3.789420231488849211e-01
4.792938103082544643e-01 3.790608965607774050e-01
4.800161402063046201e-01 3.791857945198539581e-01
4.807492316556799539e-01 3.793060354344591767e-01
4.818345528274358136e-01 3.794774328859961132e-01
4.832326573837728567e-01 3.797322072848729468e-01
4.845948639187190876e-01 3.799735294021461818e-01
4.860028271155193424e-01 3.802260195641820606e-01
4.874659288666695067e-01 3.804936048720738984e-01
4.889807178769179363e-01 3.808018750464478019e-01
4.905384871600227403e-01 3.811442506522034201e-01
4.921052379836461377e-01 3.814978236233075304e-01
4.936845042849302700e-01 3.818498473893208178e-01
4.952699991685391989e-01 3.822251928776015939e-01
4.965587080547183563e-01 3.826713652690733602e-01
4.977206343717102133e-01 3.831300652451770650e-01
4.989076143320151924e-01 3.835882314010288785e-01
5.000786425116788836e-01 3.840395409996800735e-01
5.012370038583509047e-01 3.844676298403686410e-01
5.021910794845430015e-01 3.849530005025578183e-01
5.030312668486752736e-01 3.854684963697749267e-01
5.038193293896631175e-01 3.859559811968925058e-01
5.046125121748589182e-01 3.864433897301360332e-01
5.054230204159959605e-01 3.869395514171251049e-01
5.060981297693936121e-01 3.873599418807784356e-01
5.066702671155067783e-01 3.877959469961770878e-01
5.072505175507414643e-01 3.882335434512781958e-01
5.078253085343431561e-01 3.886769464696088194e-01
5.083949952683649576e-01 3.891215605919124410e-01
5.088937828822790443e-01 3.895932048905133005e-01
5.093435556854517543e-01 3.900851029505793544e-01
5.097728394887304226e-01 3.905753149923356093e-01
5.101996384444575927e-01 3.910694703608176837e-01
5.106290186579547363e-01 3.915679186656964017e-01
5.111715568165848822e-01 3.921206050785209785e-01
5.117439283005518202e-01 3.927724775109984190e-01
5.123226005455896459e-01 3.934224875722731052e-01
5.129050228256590849e-01 3.940783402637624278e-01
5.134652806361656996e-01 3.947126419507370199e-01
5.140518797606042911e-01 3.953608820996927231e-01
5.146611412348551795e-01 3.960227973075667873e-01
5.152643952191673371e-01 3.966871349462851026e-01
5.158722820116793395e-01 3.973594572743582298e-01
5.164939560777248584e-01 3.980447525140317633e-01
5.171059841262521939e-01 3.987641395467533267e-01
5.177252082441975434e-01 3.994852123207398575e-01
5.183752020546700257e-01 4.001856013789680810e-01
5.190358419790721545e-01 4.008958491176605743e-01
5.196645577780856229e-01 4.016054274356510301e-01
5.202415174171519663e-01 4.022786548163930775e-01
5.208055240086041371e-01 4.029437596934513088e-01
5.213914977130941208e-01 4.036301614930846715e-01
5.219943650117068179e-01 4.043309035398542917e-01
5.225729557346724397e-01 4.050434273323850198e-01
5.230298943018525382e-01 4.057745335743485060e-01
5.234866858410214263e-01 4.065202610570631259e-01
5.239532391238495013e-01 4.072845884633208291e-01
5.244051169675756352e-01 4.081354296777390811e-01
5.248266926226190510e-01 4.090184856623658161e-01
5.251213681934199240e-01 4.099643291705067916e-01
5.253963084539297057e-01 4.109427028972416629e-01
5.256807635791851396e-01 4.119330190432322625e-01
5.259712702121249750e-01 4.129199993463259499e-01
5.263494741845285985e-01 4.139655589108340306e-01
5.268330717120227602e-01 4.150761342857869907e-01
5.273772004609552644e-01 4.162357849021339207e-01
5.279398033757078945e-01 4.174166659598588236e-01
5.284852945655731382e-01 4.186233030357364715e-01
5.292924511635226370e-01 4.198244887740137377e-01
5.302398129418519623e-01 4.210140624737538917e-01
5.312076669481704538e-01 4.222263961317712089e-01
5.321811572811195878e-01 4.234688193450410476e-01
5.331860291960210940e-01 4.247647889987099523e-01
5.336787898431987198e-01 4.259903966761216521e-01
5.341318083734077904e-01 4.272315505142083025e-01
5.345804525547009911e-01 4.284991363402515518e-01
5.350445261904113181e-01 4.297941529177200515e-01
5.354695726586982119e-01 4.310702077217717365e-01
5.357835118983169664e-01 4.322635760485070699e-01
5.361078167347150814e-01 4.334839759645973123e-01
5.364383591903288950e-01 4.347311320758924236e-01
5.367881974708905712e-01 4.360215910750286916e-01
5.371043787900324773e-01 4.372108112471287944e-01
5.373924043885132118e-01 4.383534284169339212e-01
5.376832803315962916e-01 4.395148403284405147e-01
5.379909642374208767e-01 4.407094595823872751e-01
5.383075922072351194e-01 4.419286964816578900e-01
5.385824804086470907e-01 4.431212016167886958e-01
5.388590052384156781e-01 4.443319834634431031e-01
5.391365547220214882e-01 4.455491664355810677e-01
5.394118650699846196e-01 4.467981741854981093e-01
5.398685181886543338e-01 4.480581896105759188e-01
5.404834134173255311e-01 4.493021616234720295e-01
5.410933562793250884e-01 4.505801984626855439e-01
5.417172932316565159e-01 4.518861920127177911e-01
5.423336790988456668e-01 4.531975703179025317e-01
5.431297830848788033e-01 4.544756586046868052e-01
5.439388247449339353e-01 4.557852034417352316e-01
5.447654736754276028e-01 4.571190142144591073e-01
5.456166267532478464e-01 4.584760229879296101e-01
5.462874698568037646e-01 4.598005124352428363e-01
5.468116162277918413e-01 4.611041524232974975e-01
5.473346292284626546e-01 4.624462770138195733e-01
5.478637551551440721e-01 4.638191051613108074e-01
5.483772762271237333e-01 4.652106755218735623e-01
5.486587930553096237e-01 4.666085634734165599e-01
5.489640209557780093e-01 4.680321164913578413e-01
5.492851028478200615e-01 4.694862030703974010e-01
5.496024169866554621e-01 4.709621496937584917e-01
5.500013217826489331e-01 4.725233699048752567e-01
5.504168738145657214e-01 4.741308510336985638e-01
5.508420007213055136e-01 4.757679757585743796e-01
5.512895483245903172e-01 4.774450346060248318e-01
5.517720089887205859e-01 4.790638704596658637e-01
5.522864709227572888e-01 4.806362468823393019e-01
5.528314562440960200e-01 4.822531136110126404e-01
5.533810343850305014e-01 4.839000155886227783e-01
5.539896839208460211e-01 4.855569887291474873e-01
5.547259954478607202e-01 4.872037248642882012e-01
5.554699985699182996e-01 4.888826340895394695e-01
5.562064075668325946e-01 4.906100982367372354e-01
5.569253197516663700e-01 4.924032405757048370e-01
5.575757939776786465e-01 4.943145615665860970e-01
5.582489756747506249e-01 4.962591287238423132e-01
5.589198306225025004e-01 4.982476788591689854e-01
5.595646259555692170e-01 5.002830071535069312e-01
5.599321572258038060e-01 5.021989754571825060e-01
5.602681251623825576e-01 5.041300037392590916e-01
5.605997823860605633e-01 5.061091080077739779e-01
5.609464803608970040e-01 5.081130509222937519e-01
5.614184761942840884e-01 5.100631820858579912e-01
5.619419328320878204e-01 5.120519133347302132e-01
5.624816455028998075e-01 5.140802789854136412e-01
5.629563036722744496e-01 5.160977599241439728e-01
5.632699716055471484e-01 5.180111401234757107e-01
5.635979642919850541e-01 5.198983389950209144e-01
5.639272825245340570e-01 5.218111927100577141e-01
5.640500433057880070e-01 5.236183976600705670e-01
5.640034126186773689e-01 5.253262933454571071e-01
5.639675986308647637e-01 5.270648409195239914e-01
5.639120999447462257e-01 5.288262284233543609e-01
5.635267390113056774e-01 5.304082271807725180e-01
5.631454430858859883e-01 5.320136193491863397e-01
5.627422727665239988e-01 5.336310317935768488e-01
5.623499844552684035e-01 5.352735740104126450e-01
5.619773800860330404e-01 5.369459662477648054e-01
5.615799658472377942e-01 5.386224805129657955e-01
5.611876046998155454e-01 5.403269841381710403e-01
5.606928507319011157e-01 5.419847069509248216e-01
5.601234259771115109e-01 5.436001847848422885e-01
5.595248163192915181e-01 5.452374695392826487e-01
5.589200053920807543e-01 5.469556107423829694e-01
5.578884238472581192e-01 5.484535447962345378e-01
5.566969405107958790e-01 5.498855865188747583e-01
5.554904027739293593e-01 5.513151706892330806e-01
5.542434958303250614e-01 5.527163750438962575e-01
5.528407168265194738e-01 5.540192425340688676e-01
5.513625568336822935e-01 5.552764963414360544e-01
5.498561487809930926e-01 5.565181517065538319e-01
5.483196873889556455e-01 5.577319737268776612e-01
5.467433529260381508e-01 5.589321988815902920e-01
5.451398571413306193e-01 5.601066546802337953e-01
5.435134935343274298e-01 5.612459738614740123e-01
5.418289606171179384e-01 5.623626152169997061e-01
5.400628799375599698e-01 5.634800006150737506e-01
5.382593200187537619e-01 5.645558786676017071e-01
5.364157806541631768e-01 5.655840253436840159e-01
5.345281307967707507e-01 5.665610934419451628e-01
5.325665089950653019e-01 5.674630740375042892e-01
5.305755756391237199e-01 5.682661343277721766e-01
5.285416968157334860e-01 5.690041457186663099e-01
5.263905339807778416e-01 5.696096701997275247e-01
5.240397071773088555e-01 5.699861458562831551e-01
5.216530410151062336e-01 5.702722078320001664e-01
5.192171758980358431e-01 5.704729900494145411e-01
5.165957824670318610e-01 5.703862976056834899e-01
5.138446378950926041e-01 5.700712454722361988e-01
5.110435039123448764e-01 5.696282184115374347e-01
5.082177774436960060e-01 5.690280857229550460e-01
5.056032724984329541e-01 5.681572644399980332e-01
5.029882486324819268e-01 5.671001907888945093e-01
5.002784169711051998e-01 5.658772246141643425e-01
4.978384243646801766e-01 5.644278543095259115e-01
4.956997919328974267e-01 5.627335398731049265e-01
4.934743524916088142e-01 5.608429006740660583e-01
4.912581816090392239e-01 5.587038171772178430e-01
4.893562422364958198e-01 5.560949890653675842e-01
4.874039571444181984e-01 5.532466387179260092e-01
4.853907579228263769e-01 5.501909715209606366e-01
4.836571391857680813e-01 5.463937942733819719e-01
4.818685563736314625e-01 5.423656914523771189e-01
4.800780239979688391e-01 5.380212244561261015e-01
4.784873022764023487e-01 5.331016144540345891e-01
4.769022146048179644e-01 5.278795648701988252e-01
4.753170968046118716e-01 5.223535576411305614e-01
4.738726164004041230e-01 5.162335694171864553e-01
4.723964720440249065e-01 5.099191128630309322e-01
4.709416578066752956e-01 5.031988389183631449e-01
4.695150749795118372e-01 4.960626273405748798e-01
4.680787172971156984e-01 4.887311833717560838e-01
4.667399936000392047e-01 4.809578590944244003e-01
4.654020233445260724e-01 4.730081679412700968e-01
4.642839969550375256e-01 4.647350676093947586e-01
4.632739193816217682e-01 4.562812591197685230e-01
4.624299524272152961e-01 4.475787739062547788e-01
4.617835175540231374e-01 4.386410972209962567e-01
4.613231389181983166e-01 4.295461020092934956e-01
4.610942998583079655e-01 4.203070658138579052e-01
4.610718862159721709e-01 4.109648113213962284e-01
4.612941320549029944e-01 4.015324962108200446e-01
4.618620037323398764e-01 3.920817601457796675e-01
4.626783474369113858e-01 3.826080864825663896e-01
4.638081685536521448e-01 3.731118540582772924e-01
4.651977721531189713e-01 3.636318830126448187e-01
4.668504885808744675e-01 3.541425849773051637e-01
4.687751719633579395e-01 3.446769926806396156e-01
4.709098707019980790e-01 3.352724234454701469e-01
4.733529016067068995e-01 3.259366013405509133e-01
4.760864122302940205e-01 3.167022561331283015e-01
4.790788119323482475e-01 3.075574458596531668e-01
4.823937228885897266e-01 2.985148488623979857e-01
4.860245284366229157e-01 2.895116428327366709e-01
4.898422631244620518e-01 2.805419814468008144e-01
4.938171274200469085e-01 2.715535682287169017e-01
4.979345897587533765e-01 2.625107634279939539e-01
5.021681391771875003e-01 2.533968382342571268e-01
5.065468897376613766e-01 2.441689586933402933e-01
5.111227696121746211e-01 2.347536687447638604e-01
5.159248489273953187e-01 2.251631183178414986e-01
5.209917091624083341e-01 2.153370599912093619e-01
5.262614215149947761e-01 2.052871899642634834e-01
5.316622262853933911e-01 1.949608839628455270e-01
5.371126970929518407e-01 1.843192794522596212e-01
5.425166202617350830e-01 1.733360809348768738e-01
5.477450597015046663e-01 1.619773267270802897e-01
5.528142579930683809e-01 1.502465478021582368e-01
5.577522847386602312e-01 1.381167923888844684e-01
5.625103381028875305e-01 1.256338098704151696e-01
5.670633110600920013e-01 1.129149655450631257e-01
5.714129972238561894e-01 1.000386391111813128e-01
5.755323489526370517e-01 8.716647129602533850e-02
5.792613409902546140e-01 7.451396622095307620e-02
5.823256156450468124e-01 6.234055167071755887e-02
5.841249622269057973e-01 5.082117598368399852e-02
5.833758163735954794e-01 4.030241159314308652e-02
5.777454715996296342e-01 3.097810201253027931e-02
5.634136827141662529e-01 2.267705810842656974e-02
5.332529320133165829e-01 1.582622507651066865e-02
4.780000028403597057e-01 9.642204059451389697e-03
3.874460535177099985e-01 4.063943550293702515e-03
2.008854739712404025e-01 0.000000000000000000e+00
