3.848829656957123424e-01 8.565518132189595037e-04
3.986395860830062587e-01 5.953175612332901184e-03
4.143264708227992754e-01 1.338253701076991785e-02
4.334022527482179754e-01 2.341403162649906278e-02
4.547939586312350624e-01 3.587892927719920494e-02
4.773447788286530047e-01 5.069893243763233526e-02
4.998610523925744453e-01 6.751070892484267727e-02
5.216045865410381399e-01 8.584196356093412583e-02
5.422353568693922821e-01 1.054238582441349992e-01
5.614908718676784316e-01 1.259657871126399209e-01
5.793044961404356652e-01 1.471920243720042376e-01
5.956446126622840787e-01 1.689549810637104299e-01
6.105596748250611272e-01 1.910239633441460361e-01
6.241367087157319027e-01 2.131622705881662527e-01
6.363223854895819764e-01 2.353457940811191917e-01
6.471899227820588907e-01 2.572434748397369741e-01
6.565652230113960819e-01 2.787093939655376773e-01
6.646101162392941131e-01 2.995354779982475901e-01
6.711109534829466927e-01 3.195105151620829531e-01
6.758045208833018958e-01 3.382344659753448446e-01
6.784331418356795984e-01 3.552941884358306046e-01
6.786085236682485311e-01 3.702295061672065124e-01
6.760152075611478573e-01 3.826482195776153006e-01
6.705562375817617493e-01 3.923864549578544025e-01
6.624670890990145278e-01 3.996647444956025197e-01
6.521975238576166456e-01 4.048681394465329375e-01
6.402294854093070198e-01 4.084699528190591789e-01
6.270675751640145679e-01 4.109615247959291784e-01
6.131156746989365747e-01 4.127090235182947486e-01
5.986766368460112453e-01 4.139729324342949490e-01
5.839603944439105687e-01 4.149061817254083850e-01
5.691169531333826193e-01 4.155978121446140539e-01
5.542158475115532834e-01 4.161203517970009091e-01
5.393265164196413552e-01 4.165145980491348765e-01
5.246204224060788679e-01 4.167812948851466470e-01
5.100768876006085417e-01 4.169447014817260766e-01
4.956330202599603663e-01 4.170393929596449833e-01
4.813394366818810055e-01 4.170618634701260818e-01
4.672818365207142000e-01 4.170436669782619510e-01
4.534315439578417983e-01 4.169884424653402810e-01
4.397347281082006898e-01 4.168998174438297566e-01
4.262887411086507816e-01 4.167818567952966125e-01
4.131316284273945927e-01 4.165868212094437362e-01
4.001282714196785495e-01 4.163546459859233106e-01
3.874356371333900206e-01 4.160616048654897092e-01
3.749113139802124905e-01 4.157428947103786743e-01
3.627600681988606968e-01 4.154110320918982246e-01
3.508774233583172864e-01 4.150794741360745999e-01
3.393480363374721254e-01 4.147551530660747998e-01
3.282030059123066112e-01 4.144416049633643517e-01
3.172957373211731102e-01 4.141038976223503920e-01
3.067411279297408422e-01 4.137328282739985430e-01
2.964162272432418477e-01 4.133230583356651278e-01
2.864107282072568261e-01 4.128627161119078903e-01
2.766582049435354351e-01 4.123519669574838842e-01
2.671722381117926925e-01 4.117805023934373865e-01
2.579981559051653939e-01 4.111945442644466819e-01
2.491394583014670816e-01 4.106355384242529882e-01
2.405387261354160477e-01 4.100580721566167708e-01
2.407381487090159977e-01 4.095429608148967171e-01
2.482692013409257825e-01 4.090123647953700647e-01
2.556641045962824710e-01 4.085614625136843592e-01
2.628099965027430596e-01 4.081706428885883975e-01
2.698252041000361312e-01 4.077880026577571648e-01
2.765848742067267274e-01 4.074338281188503719e-01
2.832310648838134437e-01 4.070789434639036641e-01
2.895360356458873130e-01 4.067522662133421507e-01
2.957689737976277877e-01 4.064158258496772258e-01
3.016902167145643077e-01 4.060059492344573195e-01
3.075924093911273638e-01 4.055722247954600679e-01
3.131821787221643616e-01 4.050674467652073951e-01
3.186392873759563704e-01 4.045238465669629968e-01
3.238154651175922938e-01 4.039150207602959508e-01
3.288301816802857713e-01 4.032793874028572922e-01
3.337147849781486597e-01 4.025822181779906139e-01
3.384967678670722790e-01 4.018268374099601137e-01
3.431557431118779089e-01 4.011192407408691873e-01
3.475908765314443816e-01 4.004729097424668538e-01
3.519924866404192665e-01 3.998362764891334464e-01
3.562573356202572428e-01 3.990618104660140220e-01
3.605117160771840745e-01 3.982417593293958724e-01
3.644226073161429547e-01 3.976774061139838334e-01
3.681316561017493605e-01 3.972535143824077464e-01
3.718719911165581093e-01 3.968037607188908411e-01
3.756552705453080065e-01 3.961023748116366261e-01
3.794235016923017678e-01 3.954521625292171105e-01
3.828220075335175832e-01 3.952810136359830029e-01
3.861307219122908641e-01 3.952061618727233938e-01
3.894202730101009591e-01 3.949560474097907892e-01
3.927075368717418136e-01 3.944771195415766041e-01
3.958684109011803010e-01 3.941478538528984110e-01
3.987096945591783737e-01 3.941630834197258348e-01
4.015588891703563146e-01 3.941648895599135227e-01
4.042951200969019943e-01 3.940266873492455080e-01
4.069769122444137910e-01 3.937576761065121334e-01
4.095288272246443428e-01 3.935736658298868429e-01
4.118626627745869406e-01 3.934997655847773390e-01
4.141701274341799133e-01 3.934652074134689648e-01
4.163896814794032508e-01 3.933177492895970628e-01
4.185310274620139825e-01 3.930839278552616389e-01
4.206913463362078609e-01 3.928356743382516170e-01
4.227041864142682126e-01 3.927053421139466427e-01
4.246682715226099969e-01 3.926161117240429821e-01
4.266265810761290522e-01 3.925411256841498386e-01
4.285488655009551673e-01 3.925194196501713972e-01
4.304689273272078731e-01 3.924909802922147417e-01
4.323743534600190674e-01 3.924773791848996107e-01
4.340876199028086413e-01 3.925400838757883704e-01
4.357978268340759187e-01 3.925950668628550577e-01
4.374804026369377707e-01 3.926339063228276305e-01
4.389436977161074172e-01 3.925790818545254468e-01
4.403814349415896556e-01 3.925150479779784818e-01
4.417930922764317092e-01 3.924588732085996790e-01
4.431097891539844680e-01 3.924571085532478354e-01
4.444131718103386808e-01 3.924670451314924424e-01
4.457060494241712467e-01 3.924718696667205409e-01
4.469387996300462351e-01 3.924545512132857628e-01
4.481355960981087128e-01 3.924172590564348195e-01
4.493481076858650836e-01 3.923722581816386223e-01
4.504557356675349400e-01 3.923158447623494860e-01
4.514601598527141491e-01 3.922275570627465902e-01
4.524487199893110212e-01 3.921143185588362168e-01
4.534493916287027915e-01 3.920066877283739371e-01
4.544148526556121004e-01 3.918548439384508808e-01
4.553406236091504522e-01 3.916814161026448415e-01
4.562612440522728074e-01 3.914926920535566346e-01
4.572423338402754611e-01 3.913748145894323516e-01
4.582368573754713736e-01 3.912657315462022001e-01
4.592333700353974368e-01 3.911544928788086017e-01
4.602326351669034921e-01 3.910589942648386996e-01
4.612325791862655899e-01 3.910109788717700541e-01
4.622226816668555394e-01 3.909646503986989874e-01
4.632151321052612181e-01 3.909151033448734491e-01
4.641676555478699839e-01 3.909028543080315665e-01
4.650803119320695567e-01 3.909290447254005207e-01
4.660201060835135189e-01 3.909518246792946794e-01
4.669121987590652001e-01 3.909708475284207063e-01
4.676802908407690085e-01 3.909715619912579321e-01
4.684519479765486549e-01 3.909703113433151134e-01
4.692044713304553416e-01 3.909533042696561322e-01
4.698842931344897611e-01 3.909613877310395558e-01
4.705091454532728257e-01 3.910104862014490701e-01
4.711372694630788782e-01 3.910773510297821387e-01
4.717629729859905141e-01 3.911312100903595601e-01
4.724297448189073156e-01 3.912296812784341049e-01
4.731306128892603380e-01 3.913739387681630655e-01
4.738261959115522837e-01 3.915342623117296084e-01
4.745130530423988802e-01 3.916941243338618595e-01
4.751982299884122130e-01 3.919539629297508765e-01
4.758912021331864750e-01 3.922587043873219659e-01
4.765886279251689284e-01 3.925612111490289768e-01
4.772857009455980792e-01 3.928564844904472997e-01
4.780100740781657587e-01 3.931113321816665507e-01
4.787440877624687952e-01 3.933444862725052338e-01
4.794720225865389818e-01 3.935670349752661279e-01
4.801970489211446758e-01 3.937963226595099786e-01
4.807898334006300844e-01 3.940727886674696978e-01
4.812755689319653252e-01 3.943613225797930055e-01
4.817924745993959479e-01 3.946365261236849942e-01
4.822869480827869371e-01 3.948840603053582754e-01
4.827069570439608270e-01 3.950219597306363073e-01
4.831186969689593158e-01 3.951183940492651869e-01
4.835293236891049506e-01 3.952183945592582237e-01
4.839351033428546112e-01 3.952700752844779397e-01
4.842392833392470952e-01 3.954667506688926970e-01
4.844838541350633410e-01 3.957546484711341184e-01
4.847676912810742755e-01 3.960093461312320096e-01
4.850163411944543035e-01 3.962827712888294385e-01
4.854962479161814004e-01 3.964628744795225535e-01
4.861433825498446826e-01 3.966138440244744157e-01
4.868051597525098195e-01 3.967852557198301433e-01
4.874845436566331847e-01 3.969478211334709905e-01
4.881937910021031390e-01 3.973570586641368418e-01
4.888994252905217719e-01 3.980665706315021923e-01
4.896088495364362414e-01 3.987859230997847781e-01
4.903351326860204695e-01 3.995201527492968641e-01
4.911139461446026866e-01 4.001946994867538465e-01
4.921137655219287588e-01 4.005729006668601877e-01
4.931146542785352360e-01 4.009900922516437816e-01
4.941462810218431034e-01 4.013677032110755105e-01
4.951089449940360154e-01 4.019146070824981543e-01
4.957867893273317783e-01 4.030875512858628773e-01
4.964101710014923174e-01 4.044063016947229139e-01
4.970551823343732911e-01 4.057016179796631983e-01
4.976708487438396000e-01 4.071149689902888724e-01
4.985042061421058324e-01 4.079998741187907951e-01
4.995568689273848229e-01 4.083290918654754464e-01
5.005967865988187881e-01 4.087660468912379663e-01
5.016263939419538520e-01 4.091929326529676891e-01
5.027077144721059376e-01 4.095322280143204874e-01
5.033570885908259518e-01 4.106042062161569528e-01
5.038402930733287821e-01 4.119523241674220571e-01
5.043401045109520142e-01 4.132576123672337953e-01
5.048403103274525794e-01 4.145829630047771497e-01
5.054137309201462980e-01 4.158447038607609447e-01
5.064675220188483706e-01 4.163567802152323694e-01
5.075704213207032911e-01 4.168237641734670040e-01
5.086906234231456381e-01 4.173101700847879902e-01
5.098304931295816189e-01 4.178253100205825965e-01
5.107681436302362599e-01 4.185386497668056038e-01
5.113930953829859405e-01 4.195785953607763519e-01
5.120615351929489467e-01 4.206073029820269760e-01
5.127172477111940907e-01 4.216688576034009484e-01
5.133849022657381855e-01 4.226483978246552420e-01
5.141753724469023679e-01 4.233204425147245042e-01
5.150189952574930619e-01 4.238897687343752829e-01
5.158582142989713848e-01 4.244892950461641723e-01
5.167374012403205263e-01 4.250374333435892327e-01
5.174441956411088839e-01 4.258439283538200115e-01
5.179607512960676674e-01 4.269165105978768304e-01
5.184962306773992502e-01 4.279547175961442851e-01
5.190292485212030238e-01 4.290259277244459768e-01
5.196008816091988169e-01 4.300573260134459286e-01
5.202248092871204488e-01 4.308953616196969927e-01
5.208690969881061283e-01 4.316788936221876982e-01
5.215141420187161536e-01 4.324867369458028077e-01
5.221863594936360098e-01 4.332795985816553785e-01
5.225549442944662504e-01 4.342065448737422173e-01
5.228508919192665916e-01 4.351961742152560264e-01
5.231535375286504586e-01 4.362017905132644091e-01
5.234450590373735945e-01 4.372159533940112586e-01
5.236138133152283825e-01 4.381444910554327943e-01
5.236629752014974049e-01 4.389723694412860922e-01
5.237202593972949405e-01 4.398254319295291648e-01
5.237693743776842270e-01 4.406713645328712570e-01
5.238635544461534010e-01 4.416112268099433580e-01
5.240960404696768382e-01 4.428300628804501815e-01
5.243298600115063879e-01 4.440459394751565259e-01
5.245727982993493299e-01 4.452958957069043100e-01
5.248919107295622055e-01 4.465917793362261246e-01
5.254170111909362006e-01 4.479911889005233627e-01
5.260116937059123865e-01 4.494458869870365247e-01
5.266170354440045109e-01 4.509286678115784208e-01
5.272204869778591707e-01 4.524466944844084959e-01
5.277838000037415878e-01 4.540601743990345662e-01
5.283279327633449984e-01 4.557279582757634562e-01
5.288805366733129176e-01 4.574187778920485448e-01
5.294450992327626171e-01 4.591441937892317138e-01
5.299684616717814656e-01 4.607700619203609071e-01
5.304934014266654563e-01 4.624058666530131423e-01
5.310294935091410817e-01 4.640748428951713689e-01
5.315826240380867596e-01 4.657662621342367193e-01
5.322158473651504851e-01 4.674639805059083719e-01
5.328581766518993845e-01 4.692043095830167876e-01
5.335153344682992405e-01 4.709777536538108933e-01
5.341971671555103551e-01 4.727653777097155507e-01
5.348857318194837340e-01 4.745565270247262268e-01
5.355896006620466387e-01 4.763788396709463524e-01
5.363132822895355645e-01 4.782489292995945052e-01
5.370161062689048359e-01 4.801011679630696749e-01
5.376754757543189545e-01 4.818651297246139276e-01
5.383128121779909847e-01 4.836259063080144416e-01
5.389647474842811370e-01 4.854377639543547285e-01
5.395776906354080582e-01 4.872098464274843277e-01
5.400506648764122897e-01 4.888529345135627091e-01
5.404703806217439066e-01 4.904794422687797639e-01
5.409130024742421217e-01 4.921498062575567767e-01
5.413258245251852951e-01 4.938326815190508534e-01
5.416611196850690257e-01 4.954975783332787875e-01
5.419835839741281580e-01 4.971795483790668047e-01
5.423216911421006037e-01 4.988967309411491691e-01
5.425968689264464295e-01 5.006175919636873806e-01
5.428134035389907686e-01 5.023465055208640173e-01
5.430148940060317564e-01 5.041140897155172995e-01
5.432222082499249538e-01 5.059143143383061370e-01
5.432986694499559732e-01 5.077276084933514122e-01
5.433201448105846598e-01 5.095639847242905418e-01
5.433455535531445113e-01 5.114343868872829324e-01
5.433610114243980771e-01 5.133269207050661365e-01
5.432585992056302437e-01 5.151865538966128311e-01
5.431438737253627691e-01 5.170740951992454093e-01
5.430190511227643846e-01 5.189968309559114257e-01
5.429386308725545618e-01 5.209237999601755709e-01
5.429497217547445409e-01 5.228209356040441902e-01
5.429443042165149613e-01 5.247596698539885862e-01
5.429432596054413196e-01 5.267243875972301703e-01
5.429754678032672199e-01 5.287306836758542961e-01
5.430260738482584060e-01 5.307719954178535815e-01
5.430776422393399638e-01 5.328414957004892205e-01
5.430731613198318541e-01 5.349335725368358219e-01
5.429228899605353931e-01 5.370380538887798982e-01
5.426936653256158039e-01 5.391478955893804770e-01
5.424971122420979563e-01 5.412972286949312428e-01
5.421256192414367625e-01 5.434786658143724303e-01
5.415967332601304696e-01 5.456709049782814125e-01
5.410352319464919457e-01 5.478766987669134725e-01
5.404868822183815924e-01 5.501307468629745845e-01
5.397181985705730156e-01 5.521811320728468031e-01
5.389115841142315677e-01 5.542391457602880989e-01
5.380864659377022630e-01 5.563167577714470680e-01
5.372087147810868935e-01 5.583958424832354828e-01
5.362321214989452800e-01 5.604507427858872459e-01
5.352499516429054527e-01 5.625176700851416411e-01
5.342420826875506901e-01 5.645598515632577197e-01
5.331784998306084988e-01 5.665045536855310981e-01
5.320944511799251542e-01 5.684404418831354722e-01
5.309803677445920078e-01 5.703751918730655124e-01
5.298186568246092687e-01 5.723677885688261968e-01
5.286269232652867078e-01 5.744284523721652214e-01
5.274033638949378044e-01 5.764790095509043644e-01
5.261907918079783419e-01 5.784894880421022068e-01
5.250388881381691242e-01 5.804249631164309919e-01
5.238788473483821928e-01 5.823373940590189646e-01
5.226950526252085449e-01 5.842201846803414256e-01
5.214495979259460290e-01 5.861425914062600162e-01
5.201654715015593400e-01 5.880516394047761164e-01
5.188527243744140982e-01 5.899269343583535274e-01
5.174605055237622153e-01 5.917248829761146967e-01
5.159265847079419487e-01 5.933788472893455346e-01
5.143531520634385679e-01 5.949662992036359732e-01
5.127407389499757384e-01 5.964990349986313278e-01
5.110825975075570238e-01 5.978581066485751938e-01
5.093849134004984069e-01 5.991040214975508205e-01
5.076477847233821228e-01 6.002655112997571374e-01
5.058841236145267262e-01 6.012696231088529020e-01
5.041305287415764891e-01 6.019953051806643529e-01
5.023257932426810068e-01 6.025964462943386168e-01
5.004877010393118386e-01 6.030546851089286786e-01
4.986783936081582436e-01 6.032769060424190144e-01
4.968588347306247544e-01 6.032684047978681408e-01
4.949733867680187194e-01 6.030921488716489698e-01
4.931084258322592229e-01 6.026540959700258382e-01
4.912798238559374919e-01 6.019076852203738559e-01
4.893749747319805499e-01 6.009501315869351101e-01
4.874725472700011109e-01 5.997500085086757693e-01
4.855908804069462015e-01 5.982773434959498537e-01
4.836591785532868837e-01 5.965426155943688302e-01
4.816752891189056696e-01 5.945429303088229922e-01
4.796451997841391091e-01 5.922107960293729878e-01
4.775605661123349943e-01 5.896132694358220405e-01
4.754163926599052070e-01 5.867542551456654820e-01
4.732390553181249349e-01 5.835276890887435286e-01
4.710113192547954464e-01 5.800405659400269531e-01
4.687273368691302622e-01 5.762987253143555533e-01
4.664645604192706463e-01 5.721440188129532922e-01
4.641560351241466043e-01 5.677730215353615773e-01
4.618222738922026505e-01 5.631333976171575273e-01
4.595781635449383562e-01 5.580785497432034781e-01
4.572764491577415713e-01 5.528456385340125845e-01
4.550092238421573620e-01 5.473184889745285053e-01
4.528526716758668469e-01 5.414247272294175906e-01
4.506503002478763342e-01 5.353829039966790937e-01
4.485547402278806661e-01 5.290132060959730209e-01
4.465133943915007286e-01 5.224037265991930967e-01
4.445289104473418851e-01 5.156006093196456863e-01
4.426930949611380117e-01 5.085262739080171901e-01
4.408711022851335981e-01 5.013397261734483523e-01
4.393007744323533803e-01 4.938599380716290899e-01
4.378053341022233313e-01 4.862610289671289165e-01
4.365462886875053350e-01 4.784702965075650627e-01
4.354486870878029325e-01 4.705572730165336615e-01
4.345469517808004944e-01 4.625392272349407308e-01
4.338530465247061874e-01 4.544172520160197348e-01
4.333575535901422748e-01 4.462495704451905909e-01
4.330963032881564034e-01 4.380251296280274209e-01
4.330168151802593624e-01 4.297686786221558419e-01
4.331116218233066473e-01 4.214979902658964606e-01
4.333707262095044532e-01 4.132063459550514017e-01
4.337034133905185440e-01 4.049409890756460184e-01
4.341196273425452778e-01 3.966172284570243511e-01
4.345633925206250914e-01 3.883028342365295593e-01
4.350307768323459223e-01 3.799633741049190938e-01
4.354972040537776756e-01 3.715498912539887955e-01
4.359829443874996269e-01 3.631294462885891750e-01
4.364853375843192884e-01 3.546821191370010951e-01
4.370480304827573104e-01 3.461809205933383260e-01
4.377061088106537490e-01 3.376072055325703425e-01
4.384592029247329492e-01 3.289691710179862838e-01
4.393259730645375782e-01 3.202315157300273940e-01
4.403113073685015477e-01 3.113457997735439298e-01
4.414152627322959210e-01 3.023008487191624627e-01
4.426343211157073299e-01 2.930458930561350428e-01
4.439655764954956729e-01 2.835368712713098316e-01
4.454011774519952560e-01 2.737204100376500748e-01
4.469400163778192159e-01 2.635784532893622467e-01
4.485739432216763189e-01 2.530622923934797708e-01
4.503037637338097032e-01 2.421537857618305256e-01
4.521374127112179342e-01 2.308132010980599447e-01
4.541045050914686021e-01 2.190186829789521061e-01
4.562375684692136502e-01 2.068103395765763242e-01
4.586316384148720893e-01 1.941252067904210565e-01
4.613225632725981296e-01 1.810349872548935590e-01
4.644133238643769479e-01 1.676075285875498200e-01
4.680938930128609732e-01 1.538202386447805048e-01
4.723861663274777634e-01 1.398438230330942278e-01
4.774871286974063378e-01 1.257557328769034755e-01
4.834610826171398257e-01 1.115902593279581162e-01
4.904301174092076110e-01 9.763738143062714037e-02
4.984432793829652319e-01 8.402996901002746100e-02
5.074750093973853238e-01 7.096218530454166673e-02
5.173300205876310010e-01 5.872700823446550672e-02
5.274720246770290277e-01 4.751092779210025485e-02
5.370136665839070345e-01 3.741249342059214944e-02
5.439555198761609756e-01 2.876627905949812741e-02
5.454508469219443434e-01 2.152634256152809178e-02
5.372690923934331231e-01 1.550761576662769078e-02
5.133505622592380302e-01 1.052789481566334187e-02
4.661859774395828993e-01 6.296511264164708632e-03
3.947754857705971787e-01 2.772681750021230816e-03
2.689917866411240532e-01 7.185442092629374874e-04
