1.347348433442484006e-01 5.816502891364371507e-03
1.437572131677311849e-01 2.408807628110711668e-02
1.648980596559923295e-01 5.149239802337797489e-02
1.898371735407829441e-01 8.541947500008349736e-02
2.148790808269727126e-01 1.231359156256660314e-01
2.382575751110321827e-01 1.620835465396805453e-01
2.592564029743388843e-01 2.008281647440472439e-01
2.774104754681026019e-01 2.382170272783330212e-01
2.925151161506469588e-01 2.734821923058150528e-01
3.046428159785416478e-01 3.061429631925688954e-01
3.139269795596780210e-01 3.359419932284711252e-01
3.205304211853996499e-01 3.627582027887882310e-01
3.246713072564192393e-01 3.865289862567714008e-01
3.266158420550565600e-01 4.073866247949132213e-01
3.265990655399095832e-01 4.254462664583962828e-01
3.248358473985336614e-01 4.409007750899257561e-01
3.216381089287742023e-01 4.540002968577601661e-01
3.171852944597727264e-01 4.648852612909136206e-01
3.116657171281419503e-01 4.738103907062898301e-01
3.053048762698208352e-01 4.810356098738692854e-01
2.982780434264394875e-01 4.867569360031210324e-01
2.907477695658693961e-01 4.911814324272082977e-01
2.881865264634555501e-01 4.945150113089380461e-01
2.991762919530550624e-01 4.969455193883430821e-01
3.094738432280227380e-01 4.986367785210882864e-01
3.191452425711895913e-01 4.997140830654477339e-01
3.282560521776991536e-01 5.002833015021173058e-01
3.368436107039393113e-01 5.004677320288217768e-01
3.450182379588383474e-01 5.003443311198086940e-01
3.527466586925129821e-01 4.999474554996732323e-01
3.600766140171585139e-01 4.993409317823371274e-01
3.670083221497369430e-01 4.985331882354381294e-01
3.733976345915294703e-01 4.974918196451182939e-01
3.794062560878507240e-01 4.963146963474762696e-01
3.848587872608631999e-01 4.949346467962748020e-01
3.897614822470338303e-01 4.933907312247484689e-01
3.941524638963195271e-01 4.916373191734954573e-01
3.980484397473186275e-01 4.897523275884743676e-01
4.015609890394433723e-01 4.877171041018983355e-01
4.047539193778998401e-01 4.856139907229326536e-01
4.077061103686852039e-01 4.834155067451391119e-01
4.104318224502542245e-01 4.812072996175649764e-01
4.129836076025391600e-01 4.789318019652318292e-01
4.154026673130306602e-01 4.766535069606074315e-01
4.176357373177718157e-01 4.743761430449013883e-01
4.198577233460831781e-01 4.720994598255821018e-01
4.218860841692116947e-01 4.698457512107097056e-01
4.238682279380423523e-01 4.676089762595701527e-01
4.255800156935791723e-01 4.653291045729396891e-01
4.271954486876081147e-01 4.630490517811861606e-01
4.283933997829644236e-01 4.606914136223724809e-01
4.294599016853978823e-01 4.583132873449098366e-01
4.302470412163568181e-01 4.558410586810941467e-01
4.309916701369933545e-01 4.534163923636772564e-01
4.315708971675003003e-01 4.509686809231487903e-01
4.321680317434912766e-01 4.486003274283355546e-01
4.326518895977800039e-01 4.462332358133360155e-01
4.331537246428455168e-01 4.439802248824682440e-01
4.336073527739680022e-01 4.417801359491918545e-01
4.342064245786914078e-01 4.396145978001324561e-01
4.348708011354076031e-01 4.374953746711070512e-01
4.355696016689376004e-01 4.354953837847356235e-01
4.362862199103180183e-01 4.335523109409254450e-01
4.371387151009590855e-01 4.315494436820342394e-01
4.380148111421540147e-01 4.296620667750544742e-01
4.388990862664733372e-01 4.280193217974990194e-01
4.400049159241292696e-01 4.263644118886338319e-01
4.412095263545363077e-01 4.246716827021950746e-01
4.422675523149092180e-01 4.232706391441782290e-01
4.432974924317069076e-01 4.219349352883003390e-01
4.446372548661623458e-01 4.204675908974004339e-01
4.456267084619294216e-01 4.190007795826092285e-01
4.462236481293241908e-01 4.175390040756855603e-01
4.473222607819674623e-01 4.162499704139105416e-01
4.480770687356896986e-01 4.149742376758361329e-01
4.482496865675995590e-01 4.136735100452726410e-01
4.489356640785762131e-01 4.122942440882654269e-01
4.496340330810166819e-01 4.109104265109623788e-01
4.499866052034926511e-01 4.095918558000834486e-01
4.505642449511397807e-01 4.082764062961435347e-01
4.514048720792503411e-01 4.069793362468022702e-01
4.520204123023252585e-01 4.057088240196902174e-01
4.525260587285155900e-01 4.044731539179140523e-01
4.531234558504364518e-01 4.032457666834399768e-01
4.537817407794457747e-01 4.020388347634106796e-01
4.540758133974858168e-01 4.007848452072484413e-01
4.543219668071373230e-01 3.995359556288015090e-01
4.545704779955490049e-01 3.982466831768832205e-01
4.547916578840162094e-01 3.969598189132141353e-01
4.548941657421352591e-01 3.957061358420236874e-01
4.549718791481319746e-01 3.944544159263402849e-01
4.551614852782868703e-01 3.932551391913559624e-01
4.553775739904071251e-01 3.921044265671713158e-01
4.556810817402154878e-01 3.909671102531132592e-01
4.560232186763529816e-01 3.898690077161610645e-01
4.563971805604127852e-01 3.887571493019655877e-01
4.570139539868204315e-01 3.877808660657279805e-01
4.575238954139007053e-01 3.867533032479061883e-01
4.580977973290023542e-01 3.858677405570705155e-01
4.586990354662197067e-01 3.850031996744738283e-01
4.593475663460521163e-01 3.842173395984602724e-01
4.601553327076608468e-01 3.835578066178977896e-01
4.609002115297327618e-01 3.828865069381266473e-01
4.616478122907229364e-01 3.823723034295726242e-01
4.623523474976575232e-01 3.818217480137304221e-01
4.631650015427854483e-01 3.813938475977869391e-01
4.639972401968837090e-01 3.810385149870214039e-01
4.648426198987840596e-01 3.806759714394851168e-01
4.656838662349404023e-01 3.804054374374789549e-01
4.665133012495759068e-01 3.801713443236164336e-01
4.673906565720105100e-01 3.799590079475156368e-01
4.684896824532653326e-01 3.799754902776129040e-01
4.696258753280529441e-01 3.800227106128437615e-01
4.706972743984346730e-01 3.800946674993158081e-01
4.716530766102987604e-01 3.802718688191230045e-01
4.727235282358231983e-01 3.805352348157581277e-01
4.738127952242672247e-01 3.808126596822714038e-01
4.750753683979128672e-01 3.813041955091487356e-01
4.763325099194686274e-01 3.817824069677586141e-01
4.775547043301019423e-01 3.822003527908975351e-01
4.788673208622207245e-01 3.826462215930562238e-01
4.802062742655445193e-01 3.831076281228361635e-01
4.815975168897018710e-01 3.835688818173098591e-01
4.833717972859665757e-01 3.842259920194655010e-01
4.852403146485495533e-01 3.849256860104589006e-01
4.870827805437450975e-01 3.856176197786392312e-01
4.885758036961258544e-01 3.862219851426894057e-01
4.898084904211512658e-01 3.867603636769777475e-01
4.910370696308218319e-01 3.872882535252354930e-01
4.925291171660183265e-01 3.879649903938108824e-01
4.944701128442331450e-01 3.889496235476536667e-01
4.963870671115412914e-01 3.899474794074165862e-01
4.984150556746675953e-01 3.909626857664187383e-01
4.993107453451275934e-01 3.917050316895746565e-01
5.000649751287949973e-01 3.924071888129396224e-01
5.008033761000515449e-01 3.931065533223397357e-01
5.018693183272029401e-01 3.939359516357489599e-01
5.034374345124608130e-01 3.950420395690210640e-01
5.050545885526618317e-01 3.961927835383994290e-01
5.068079021768664427e-01 3.973945046933344827e-01
5.079621076678796365e-01 3.983287236374714047e-01
5.080474820795017887e-01 3.988285658266080835e-01
5.082155323973926997e-01 3.993706050102072691e-01
5.084063744035537402e-01 3.999004362197556284e-01
5.094842871281497487e-01 4.010883659205626839e-01
5.117296591569376885e-01 4.031438203072437165e-01
5.137725471538392430e-01 4.050709816634981419e-01
5.159449479900574120e-01 4.070911038435572338e-01
5.175661372647532010e-01 4.087325703463846049e-01
5.170659197464089196e-01 4.088837437988254164e-01
5.167224153703461331e-01 4.091273172951763182e-01
5.163165665634208423e-01 4.093211087665833414e-01
5.160202350432699925e-01 4.096031561929782128e-01
5.168507764228125190e-01 4.107143951459206188e-01
5.183893436926590992e-01 4.123744548596625648e-01
5.198959665984643763e-01 4.140313196573189303e-01
5.214619401874118765e-01 4.157447486113622914e-01
5.226897535329008138e-01 4.171466064781585992e-01
5.227539083341343762e-01 4.175038261529207539e-01
5.228624471650721306e-01 4.179038779780404611e-01
5.229590260168127669e-01 4.182948165621986347e-01
5.230819841436062934e-01 4.187155598920576649e-01
5.238039274501613551e-01 4.197862625184110574e-01
5.249718286761834163e-01 4.213327170478610162e-01
5.261179226937010567e-01 4.228605008835490953e-01
5.273193240012072902e-01 4.244390263479163594e-01
5.281218552405864131e-01 4.258726220333074464e-01
5.276680183065373120e-01 4.267901960969929243e-01
5.271639011398525643e-01 4.277154904514732237e-01
5.266445763767990673e-01 4.286583970995466175e-01
5.261788712121198142e-01 4.296546915520610410e-01
5.263230186324875381e-01 4.311262362543788473e-01
5.268863847986657856e-01 4.329309956924995983e-01
5.274157889967846513e-01 4.347393053195227064e-01
5.279660275767150690e-01 4.366170946742291004e-01
5.285023802278221439e-01 4.384205112999667864e-01
5.289700525025046174e-01 4.399167804083328748e-01
5.294686648732173095e-01 4.414596055943331709e-01
5.299642092214293942e-01 4.430293051817388306e-01
5.304784100424189131e-01 4.446439330688261582e-01
5.312912899543263956e-01 4.464849354908512757e-01
5.322943199440491879e-01 4.484810982206322572e-01
5.332837660257538914e-01 4.505196297859441201e-01
5.343257992988916794e-01 4.526252457694321940e-01
5.352192553276652331e-01 4.545719083429580198e-01
5.357427286314742076e-01 4.560815423197195906e-01
5.362960303997178491e-01 4.576671427795965252e-01
5.368582611855994280e-01 4.592876045754195613e-01
5.374529734475308462e-01 4.609349827631500918e-01
5.381947725480737965e-01 4.626091083551254757e-01
5.390416068346750578e-01 4.643197205741026456e-01
5.399162820348590852e-01 4.660794162643210337e-01
5.408058350311878426e-01 4.678993026314676174e-01
5.416697477493688240e-01 4.695014308523543511e-01
5.425398917789296949e-01 4.707426162590881979e-01
5.434397106615129758e-01 4.720737121951846249e-01
5.443644142491370630e-01 4.734308011171647346e-01
5.452580455950691851e-01 4.748224001333689048e-01
5.459237121616138388e-01 4.762802598266447918e-01
5.465482863822985760e-01 4.777879194356035031e-01
5.471934744165731779e-01 4.793331561102476823e-01
5.478521635467017425e-01 4.809173471876788120e-01
5.481983537274677243e-01 4.822621190088844378e-01
5.482415768098296560e-01 4.833650091744576827e-01
5.483218151948702213e-01 4.845259345279934737e-01
5.483953952104096974e-01 4.857103968325892085e-01
5.485419720850690517e-01 4.868818137216965880e-01
5.488723508553361441e-01 4.879359606644882441e-01
5.492022383763803806e-01 4.890026116716690852e-01
5.495404402127237464e-01 4.900930165373537095e-01
5.499064916835874062e-01 4.911964482999734427e-01
5.503057781639474344e-01 4.921352416592558177e-01
5.507100394165534984e-01 4.930058469547453637e-01
5.511065109952197894e-01 4.939038142038905677e-01
5.515478109626013037e-01 4.948205227263461348e-01
5.519522994654280090e-01 4.957065004288342958e-01
5.522994287654595658e-01 4.965355604222912445e-01
5.526543896559272806e-01 4.973973182523964698e-01
5.530237739093507576e-01 4.982646927425983807e-01
5.534302410989777599e-01 4.991109548661298856e-01
5.539709108825479067e-01 4.998067373693041993e-01
5.545271523245275391e-01 5.004928397972664422e-01
5.550915804413307786e-01 5.011856225446523760e-01
5.556750664459954026e-01 5.018961491614660764e-01
5.563207566389828385e-01 5.025388623128766996e-01
5.570175756408239920e-01 5.031390907445552063e-01
5.577408786858248924e-01 5.037408561903677917e-01
5.584649329188327016e-01 5.043674765559873485e-01
5.591721060849490499e-01 5.049301656051621290e-01
5.598692477638802512e-01 5.053600897585753815e-01
5.605935521917140285e-01 5.058085292167375790e-01
5.613286753474662216e-01 5.062623151250579268e-01
5.620419280719777255e-01 5.067447140218187540e-01
5.626041455549875003e-01 5.073273805790430302e-01
5.631561187962086379e-01 5.079229259693511800e-01
5.637159878784261391e-01 5.085276370957199088e-01
5.642776260718818104e-01 5.091419344618960396e-01
5.647198931033716729e-01 5.097617011037096635e-01
5.651157882980721858e-01 5.103890220463204175e-01
5.655240249349839932e-01 5.110278167691807427e-01
5.659380914317035938e-01 5.116763802043503562e-01
5.664688231990174794e-01 5.124248425483451941e-01
5.671384697289774124e-01 5.132959102638511295e-01
5.678022609812204413e-01 5.141675823206828255e-01
5.684821459616231643e-01 5.150551923686579325e-01
5.692094987996874078e-01 5.159160814889206526e-01
5.700494966436262523e-01 5.166733106822735122e-01
5.708882059784730068e-01 5.174518664108508359e-01
5.717363613225882046e-01 5.182393209503121101e-01
5.725901369960509912e-01 5.190418178053411991e-01
5.729944838741575230e-01 5.199556368876574464e-01
5.734079567235281782e-01 5.208796149237923112e-01
5.738166076942513572e-01 5.218162533702768169e-01
5.742432510389253730e-01 5.227684942684885927e-01
5.744813056075359636e-01 5.235748928763884757e-01
5.746723306883388949e-01 5.243481438268415840e-01
5.748655559000341864e-01 5.251313956998753252e-01
5.750678740224390850e-01 5.259249080020619305e-01
5.751480219728855037e-01 5.267651411138268847e-01
5.751358653484459627e-01 5.276404746480402030e-01
5.751203250285235047e-01 5.285064647838781937e-01
5.751054655430185569e-01 5.293933115375839549e-01
5.751312723832789908e-01 5.303028175247944676e-01
5.752177127179521898e-01 5.312285858472700628e-01
5.752907010632730689e-01 5.321518716587709807e-01
5.753766674579203766e-01 5.330924230693107058e-01
5.754063220284939550e-01 5.340845230498167950e-01
5.753643947690432192e-01 5.351264966425133274e-01
5.753256521163041537e-01 5.361814957765046463e-01
5.752694737236656586e-01 5.372396591459662751e-01
5.753333002493250525e-01 5.384017648275998269e-01
5.754657354190571006e-01 5.396274319282158283e-01
5.755960846189870361e-01 5.408706454460553426e-01
5.757503691256657952e-01 5.421305700686319673e-01
5.756363338917593886e-01 5.433915391822172758e-01
5.753838870516512216e-01 5.446554162940818733e-01
5.751384255349158980e-01 5.459343668961105234e-01
5.748927767013174428e-01 5.472326092153549926e-01
5.745936157183011428e-01 5.485138516525156493e-01
5.742505230542520600e-01 5.497890421635202030e-01
5.739056302026253054e-01 5.510847672272263242e-01
5.735676800742032233e-01 5.523907451427279014e-01
5.731170309900275317e-01 5.537498142522264688e-01
5.724995875845722004e-01 5.551784660941625482e-01
5.718821974443548672e-01 5.566210280079929573e-01
5.712550253653165822e-01 5.580794433490013917e-01
5.706030107668828011e-01 5.596086524245195148e-01
5.698813527329924522e-01 5.613212553413291506e-01
5.691431229360777166e-01 5.630664641604732346e-01
5.683930287949854332e-01 5.648328133568871756e-01
5.676334221984220552e-01 5.666623268968542515e-01
5.669037795563199866e-01 5.687725098487955711e-01
5.661762321835352996e-01 5.710217689901282423e-01
5.654319444133952821e-01 5.732793690345283633e-01
5.646789726960212974e-01 5.755827070644200516e-01
5.639547992891862371e-01 5.780317460248618477e-01
5.632761994461630284e-01 5.806585545280934513e-01
5.625794576712659367e-01 5.833075717169647900e-01
5.618718359633533277e-01 5.859977858487351865e-01
5.611031660426849532e-01 5.886721097475995368e-01
5.601511411480207814e-01 5.911909217646780235e-01
5.591736543687488847e-01 5.937309349854869023e-01
5.581752110275999268e-01 5.963010337554081053e-01
5.571588088299876951e-01 5.988959435643554929e-01
5.561223167024359482e-01 6.015000999743560506e-01
5.550637286536066473e-01 6.041269649417914112e-01
5.539850060885278538e-01 6.067729189911218457e-01
5.528829218994886219e-01 6.094524370347828013e-01
5.517811349069612348e-01 6.120872161367448827e-01
5.506757056294585562e-01 6.146788732977113145e-01
5.495379193563632025e-01 6.172964122665408615e-01
5.483793138175785398e-01 6.199302759927539652e-01
5.471953468936903153e-01 6.225217264556660579e-01
5.459896051631187852e-01 6.250185646183017418e-01
5.447523046684932257e-01 6.275380885575665424e-01
5.434845645081508581e-01 6.300535399689689564e-01
5.421394925538560727e-01 6.324682019081265816e-01
5.406745812827981057e-01 6.347093264319003669e-01
5.391851871649520067e-01 6.369468239786463259e-01
5.376629696081922649e-01 6.391586420687653813e-01
5.358848048577133927e-01 6.410920865778716449e-01
5.338560304860804351e-01 6.427222700857874171e-01
5.317865400152950173e-01 6.442960697454557240e-01
5.296889740456723894e-01 6.458526431364824960e-01
5.272287492038005841e-01 6.467786723526159909e-01
5.246475233010170491e-01 6.474653508732811646e-01
5.220123237885768708e-01 6.480576181819973636e-01
5.192678768684655388e-01 6.483637037309338824e-01
5.163522275619433222e-01 6.480818240316922330e-01
5.133637495678231577e-01 6.475950913949660714e-01
5.102997720045535646e-01 6.469177535978911653e-01
5.071308983858682229e-01 6.455890799119172740e-01
5.038671094088600366e-01 6.437715916920422332e-01
5.005280590134337793e-01 6.417801061026729981e-01
4.970986159495198731e-01 6.392455170625690464e-01
4.935697406368486084e-01 6.360294011335052566e-01
4.899785237348036615e-01 6.326760124253595352e-01
4.862706593662299293e-01 6.286710501171702825e-01
4.824567462473483004e-01 6.240386154701771382e-01
4.785786716882084457e-01 6.192031385099967533e-01
4.746154706943017665e-01 6.137066279505852817e-01
4.705931671528527094e-01 6.076640363537657574e-01
4.665093322873107295e-01 6.014366114430214072e-01
4.624377576548019952e-01 5.943508623681327263e-01
4.583182450541264386e-01 5.870715110301931716e-01
4.542383476287800148e-01 5.791981516784237005e-01
4.502241839571790027e-01 5.708320715984018801e-01
4.461841146217576659e-01 5.622220654102524362e-01
4.423045865913600716e-01 5.528346231415853795e-01
4.384306928356013211e-01 5.432691730063159419e-01
4.347234865244820057e-01 5.331358801404213477e-01
4.310544183672956331e-01 5.228050114983296970e-01
4.276218828716948916e-01 5.118641223623484615e-01
4.243075071100099183e-01 5.006463189865842933e-01
4.211712543071406412e-01 4.891255312524428467e-01
4.183506773764225084e-01 4.770787871687271475e-01
4.156852684060644565e-01 4.648836376296551220e-01
4.134485121736884983e-01 4.522346453421922097e-01
4.115520797270489917e-01 4.392893502478257828e-01
4.100843487831026812e-01 4.260557912510867795e-01
4.091322567031605573e-01 4.125128293948669422e-01
4.087043661255613802e-01 3.987229305975119042e-01
4.089792960916620590e-01 3.846509318758765672e-01
4.099566922943066460e-01 3.703635781952094863e-01
4.118218921530417687e-01 3.558621901317555736e-01
4.145765625418157407e-01 3.411932686511964241e-01
4.182065540961049654e-01 3.264417594568485015e-01
4.230447045472015555e-01 3.114624025250229966e-01
4.285496262674078904e-01 2.965115508704324609e-01
4.353872575423804459e-01 2.813209800503747027e-01
4.431157963701450875e-01 2.661136763148411188e-01
4.517525548704532934e-01 2.509447607949006898e-01
4.617446965559286465e-01 2.357063473019377631e-01
4.728702805768023598e-01 2.205798928782887192e-01
4.849899924080491864e-01 2.056943146009117818e-01
4.982790369946726861e-01 1.910500109082996223e-01
5.129063944579829171e-01 1.766773385245065942e-01
5.285365946587435859e-01 1.627574689550201903e-01
5.451101948924503837e-01 1.493035280634803508e-01
5.624438535014641971e-01 1.363758299726809120e-01
5.803687578844470840e-01 1.239869865619260270e-01
5.987055527331986982e-01 1.121569723479584474e-01
6.172199789221741728e-01 1.009503457790002362e-01
6.357704617994042184e-01 9.036520970571064459e-02
6.541016604716359817e-01 8.045602355416912876e-02
6.719767197948225412e-01 7.124103075824805842e-02
6.891436261632997162e-01 6.270989551454227151e-02
7.052187210619129676e-01 5.487862723327523173e-02
7.197245691528052491e-01 4.778813809155611769e-02
7.322781130084463630e-01 4.139787939313751414e-02
7.425086437876505796e-01 3.562822218530636159e-02
7.493594416993795138e-01 3.053277924987957484e-02
7.519813432903786898e-01 2.601228860694960662e-02
7.488679032800180657e-01 2.197065831809887071e-02
7.376768322106882492e-01 1.829000219795819462e-02
7.153629948904618452e-01 1.482600478413067212e-02
6.765928494366280077e-01 1.115950381372333468e-02
6.174341773589792082e-01 7.430443858987378740e-03
5.307985158070388509e-01 3.326274725446643453e-03
3.658073548829846033e-01 0.000000000000000000e+00
