2.795998056636646578e-01 4.679205956732887008e-03
3.635496182016616507e-01 8.810992628386197373e-03
4.300035570857176914e-01 1.282679043692863848e-02
4.736586794977331594e-01 1.674875399727244682e-02
4.954668278047704710e-01 2.081803504086560119e-02
4.963557634469705215e-01 2.570038878805924396e-02
4.811957766691362104e-01 3.151775677809959958e-02
4.503921199830555055e-01 3.892551700570581058e-02
4.090918831161400315e-01 4.792975984809032947e-02
3.579732519136972768e-01 5.907485739980661982e-02
3.019390933474184746e-01 7.216685217575358191e-02
2.432289024619269102e-01 8.747941312116369605e-02
1.855946302382191493e-01 1.045782739936137323e-01
1.310028695852775149e-01 1.232893768704436260e-01
8.291790075946023353e-02 1.433218308420358134e-01
1.489756908784117262e-01 1.643031858532207345e-01
2.081891201078822640e-01 1.858478966665667031e-01
2.610421756780451075e-01 2.077613332392943546e-01
3.072441851891216658e-01 2.297483145704561913e-01
3.474090906312857774e-01 2.517847656644908172e-01
3.818732493262450567e-01 2.735967433195999887e-01
4.114940290453911187e-01 2.951907631487113437e-01
4.369080835695013931e-01 3.163953841304212311e-01
4.587479958998781360e-01 3.372014706804181139e-01
4.772148640361791871e-01 3.573911152037035355e-01
4.925119234152567915e-01 3.768751892737256526e-01
5.049472921658908486e-01 3.955152288467567723e-01
5.146699896021128540e-01 4.131539831845355559e-01
5.223644299787598699e-01 4.297429210814691092e-01
5.276330395918328309e-01 4.450087288695626087e-01
5.302267015476525014e-01 4.587381254065020508e-01
5.308531195982930662e-01 4.709699291579405589e-01
5.293848570113786067e-01 4.816644934314119886e-01
5.257513504516155844e-01 4.907303902757712555e-01
5.204547021451160216e-01 4.983699205617176387e-01
5.135855863141284283e-01 5.047191066774375789e-01
5.054007633344348438e-01 5.099331526516306390e-01
4.962482561920678603e-01 5.142567187349252888e-01
4.862290712324808251e-01 5.178573352986961531e-01
4.756708943445112636e-01 5.208409564356547561e-01
4.647078337131747006e-01 5.234352581627246259e-01
4.534507293935338135e-01 5.256596440059609909e-01
4.421430571969423573e-01 5.276344474373860782e-01
4.307011846250298759e-01 5.293867206099815981e-01
4.194196961562859927e-01 5.309918664197735838e-01
4.081207324683850945e-01 5.324349734810630563e-01
3.970635967672335731e-01 5.337838432677272094e-01
3.861824819908014073e-01 5.349804150138752767e-01
3.755293176980126768e-01 5.361275992194730611e-01
3.650864341772286359e-01 5.370924170006142750e-01
3.549376356870257432e-01 5.380357469653775926e-01
3.449359363789609167e-01 5.388230416084290875e-01
3.353095480401248052e-01 5.395488841336758545e-01
3.258674767741327472e-01 5.401768291211170858e-01
3.168373199790564532e-01 5.407236838735368645e-01
3.171416564491482681e-01 5.412346162361015844e-01
3.259827091063981497e-01 5.416215979865164343e-01
3.348064766896353683e-01 5.420009569797018534e-01
3.430764646847934696e-01 5.422797175249756130e-01
3.510877927230441897e-01 5.425205645537375387e-01
3.587852018165564316e-01 5.427056888225494369e-01
3.659715107063358230e-01 5.428216285196165725e-01
3.731435968298159045e-01 5.429310553789642446e-01
3.796860513357837030e-01 5.429463155089634396e-01
3.860896650449205936e-01 5.429678980369279095e-01
3.922507546909927978e-01 5.429242647655210252e-01
3.979058884680652386e-01 5.428413417779796024e-01
4.035992037414096734e-01 5.427660454711259463e-01
4.088002204038471143e-01 5.425710764809886788e-01
4.138086063181930507e-01 5.423917216658886709e-01
4.187152647019204421e-01 5.421559287674683203e-01
4.231796185088174678e-01 5.418072919141553312e-01
4.275576366522193528e-01 5.414711544983712432e-01
4.317519745404911902e-01 5.410423196065338169e-01
4.355542743121242344e-01 5.405401414433873564e-01
4.393564140114614158e-01 5.400269882550495781e-01
4.429080567609426367e-01 5.394496513058043563e-01
4.461501901771115497e-01 5.388112422226389864e-01
4.494580408217604406e-01 5.381721084639550234e-01
4.523955834152664224e-01 5.374851012519918925e-01
4.552251955747791401e-01 5.367727428428724634e-01
4.580468203609321942e-01 5.360525684082225739e-01
4.604939593691667055e-01 5.352852884634367037e-01
4.629649828188941996e-01 5.345042632337211330e-01
4.652590560052686786e-01 5.336995969383209193e-01
4.672963135368594090e-01 5.328639383087522274e-01
4.693436196973738705e-01 5.320127248355188687e-01
4.711200467327018582e-01 5.311214724217885319e-01
4.727607863246667819e-01 5.302047164206163954e-01
4.743437746366718777e-01 5.292745946896891818e-01
4.757115581647000657e-01 5.283348588013042635e-01
4.770501622527036911e-01 5.273890767957576386e-01
4.782177438858752905e-01 5.264055789950772279e-01
4.792511970265921351e-01 5.254038260641586966e-01
4.802470415212775068e-01 5.243806745239182332e-01
4.810101609735344397e-01 5.233317137889984538e-01
4.817674084004722745e-01 5.222668254175347746e-01
4.823370978639833773e-01 5.211666061409452322e-01
4.828025194048801705e-01 5.200336874936601905e-01
4.832361249934776781e-01 5.188864843129791238e-01
4.835223874115351927e-01 5.177002758902529145e-01
4.837890381180447452e-01 5.165034112311319703e-01
4.839404417022746818e-01 5.152859964290927852e-01
4.840630196700762000e-01 5.140503638747313531e-01
4.841407570345488409e-01 5.128133929362971299e-01
4.842100169058312087e-01 5.115657113023529545e-01
4.842831715224850120e-01 5.103482938820551595e-01
4.843541517284215558e-01 5.091404657354062779e-01
4.843909134496121593e-01 5.079880327158562414e-01
4.844073851923514917e-01 5.068428960969194597e-01
4.844373049661946928e-01 5.057536417918682137e-01
4.844672548303715631e-01 5.046608154754329556e-01
4.844896209967233247e-01 5.036056471881298346e-01
4.845076961717615371e-01 5.025697758954679184e-01
4.845307472585815289e-01 5.015475742007359239e-01
4.845671693853953466e-01 5.005641233575125471e-01
4.845974237160705078e-01 4.995560907613797452e-01
4.846475290429325122e-01 4.986495992202569227e-01
4.846951196682037777e-01 4.977304608641782702e-01
4.847635055880955557e-01 4.968284527937831263e-01
4.848860012884925741e-01 4.959993388596479202e-01
4.849911486091967316e-01 4.951287953690252097e-01
4.851485285475418130e-01 4.943570344957654572e-01
4.853233512212571377e-01 4.936047812649730360e-01
4.854994921845957601e-01 4.928411143797944427e-01
4.857241697626826227e-01 4.921375365574066074e-01
4.859642802374042336e-01 4.914381734830880477e-01
4.862057335402900082e-01 4.907315567517766541e-01
4.864608762097963335e-01 4.901046979103357293e-01
4.867191126579817340e-01 4.894827623456196042e-01
4.869798879451994189e-01 4.888514588778601344e-01
4.872924443371087211e-01 4.883033849233427981e-01
4.876239375185324465e-01 4.877676587064787572e-01
4.879510318557571669e-01 4.872040403746787374e-01
4.883100595955257583e-01 4.867128081399225148e-01
4.886807748996309653e-01 4.862307777500000650e-01
4.890521700201111432e-01 4.857292483087218282e-01
4.894294798263848500e-01 4.852555072983325557e-01
4.898266357290664841e-01 4.848643757803538512e-01
4.902245339775179733e-01 4.844383665735239597e-01
4.906228323634234112e-01 4.840038362353896728e-01
4.910355253512745932e-01 4.837366857207228144e-01
4.914545942190187144e-01 4.834657995196292579e-01
4.918713192880447282e-01 4.831836970501975914e-01
4.923216726398546017e-01 4.829588117608052400e-01
4.928400979661010095e-01 4.828082248339633509e-01
4.933624558560004703e-01 4.826293997567743244e-01
4.938857875216366988e-01 4.824475665691621562e-01
4.944847834568451006e-01 4.823895047340593378e-01
4.951128551529929145e-01 4.823273541732753245e-01
4.957443890013778498e-01 4.822557187279264967e-01
4.963971552749504301e-01 4.822169993051116932e-01
4.971085053820455402e-01 4.822442770238876686e-01
4.978322973729044643e-01 4.822672653582177338e-01
4.985613591543948675e-01 4.822827213500780474e-01
4.993098151906817384e-01 4.823207399876757173e-01
5.000893644949785388e-01 4.824014322611147043e-01
5.008647864559465646e-01 4.824607089072972532e-01
5.016528142764158371e-01 4.825180110488349605e-01
5.024563534924334496e-01 4.826333786774805179e-01
5.032564041734165494e-01 4.827454227766025951e-01
5.040623224809381853e-01 4.828491363594558106e-01
5.048751893070022589e-01 4.829692202483921171e-01
5.056571690681903597e-01 4.831482005916606925e-01
5.064083102800650549e-01 4.833219048383470828e-01
5.071661512811577177e-01 4.834804765768945800e-01
5.079408576308104273e-01 4.836760073663378123e-01
5.086046058962686578e-01 4.838870496352642991e-01
5.092732941886777276e-01 4.840637690615726130e-01
5.099559173511748478e-01 4.842494312846932769e-01
5.105918044688370072e-01 4.844798848493979682e-01
5.111676615881676211e-01 4.847173558537105631e-01
5.117442600295656341e-01 4.849413038900501349e-01
5.123254845742472030e-01 4.851798749497141516e-01
5.128550653304063678e-01 4.854171928180191498e-01
5.133551167268952664e-01 4.856347593397611906e-01
5.138653133716002408e-01 4.858498605455205399e-01
5.143501306228612791e-01 4.860744932173757249e-01
5.147233830356374717e-01 4.863018993484148345e-01
5.151160530658225323e-01 4.865229591144658583e-01
5.154969378123546164e-01 4.867462176260360929e-01
5.158070453998360172e-01 4.869558252478194960e-01
5.160728651892796393e-01 4.871417741758485853e-01
5.163538463447053806e-01 4.873298925854625541e-01
5.166254816046262910e-01 4.875304890766999355e-01
5.169201639436848961e-01 4.878082681825191003e-01
5.172163728533167859e-01 4.880759645746020614e-01
5.175213385197438010e-01 4.883588819905587686e-01
5.178737962192639932e-01 4.886930404448500687e-01
5.182568752056333494e-01 4.890760827861602156e-01
5.186412215545505022e-01 4.894477884377750332e-01
5.190193901853830116e-01 4.898295217420308156e-01
5.194046397250525748e-01 4.902295213639920046e-01
5.197965844797929336e-01 4.906235906634192623e-01
5.201694968970661526e-01 4.910752322021464944e-01
5.205165801750112342e-01 4.915953471642591777e-01
5.208687932599709303e-01 4.921155796409638072e-01
5.212511809058257839e-01 4.926675520835480104e-01
5.216442232713817129e-01 4.932584838027179730e-01
5.220172150696461566e-01 4.938246923415712253e-01
5.224893370910301815e-01 4.944848392257609193e-01
5.230642007326956611e-01 4.952127029837121719e-01
5.236242921152235441e-01 4.959377685854417517e-01
5.242273856453329994e-01 4.966914462235279548e-01
5.247572869483645430e-01 4.974758996208089035e-01
5.252604227254393798e-01 4.982533442928484546e-01
5.257706323558150041e-01 4.990384171504111954e-01
5.263055455204974642e-01 4.998753734622570222e-01
5.268740311477398963e-01 5.007431301698832549e-01
5.274513084581403666e-01 5.016268980168838709e-01
5.280256143088069010e-01 5.025168742769328123e-01
5.284659013355992307e-01 5.034063798733490191e-01
5.288763619156877649e-01 5.042984952293612100e-01
5.292959594269794898e-01 5.052071148052954541e-01
5.296698565435125072e-01 5.060975601616698460e-01
5.300100648201790943e-01 5.069585284087783084e-01
5.303582537734237157e-01 5.078047583908666951e-01
5.306888697693075141e-01 5.087035126540591090e-01
5.309314584389609459e-01 5.096980536993882538e-01
5.311335381462429783e-01 5.107014039413979578e-01
5.313463158209712489e-01 5.117324498084634410e-01
5.315817105863587244e-01 5.128011934365217517e-01
5.318346340284321183e-01 5.138834965939207411e-01
5.320889867378012505e-01 5.149735796105476826e-01
5.323351515257552791e-01 5.160958472596779423e-01
5.325163799613237270e-01 5.172680446025771372e-01
5.326712394546583296e-01 5.184475233092715740e-01
5.328364945303428746e-01 5.196572494896152250e-01
5.330326616466557477e-01 5.208684602714190870e-01
5.332566278838238860e-01 5.220785125471424371e-01
5.334815896980924510e-01 5.232967043667311469e-01
5.336937687510867612e-01 5.245562723057215493e-01
5.338341817007498102e-01 5.258563844797934372e-01
5.339840236193237333e-01 5.271828258344510854e-01
5.341173282417156498e-01 5.285273072648213333e-01
5.342187309359072156e-01 5.298731728670160734e-01
5.342977741556859117e-01 5.312227649729215351e-01
5.343869156468583625e-01 5.325982790190180172e-01
5.344374947508236939e-01 5.339947836211875742e-01
5.344168279089993590e-01 5.354376119754393759e-01
5.343817235754069195e-01 5.369087354201258488e-01
5.343501833833053105e-01 5.383954263903515391e-01
5.343029304566069282e-01 5.398933393766329747e-01
5.342242103519366792e-01 5.414048305423825314e-01
5.341512393051908170e-01 5.429411857759977034e-01
5.340801499724593393e-01 5.445179766192697057e-01
5.339866869437119856e-01 5.461692005452114529e-01
5.338646693717075120e-01 5.478417667574027039e-01
5.337690113312953955e-01 5.495468084584140822e-01
5.336544313475204415e-01 5.512888581871518978e-01
5.335199538352271009e-01 5.530657828713125834e-01
5.333921471612703691e-01 5.548641201287518587e-01
5.332239149317848925e-01 5.567059816548979301e-01
5.329815796808143880e-01 5.585913845158176905e-01
5.327355919815308649e-01 5.605031181286619368e-01
5.324791626513183385e-01 5.624367677564258150e-01
5.321745259432675290e-01 5.643734773048624254e-01
5.318401344333458791e-01 5.663209349924283043e-01
5.315081461975711408e-01 5.682993977422534648e-01
5.311471489517956002e-01 5.702850476181224870e-01
5.307431161119615659e-01 5.722809898445142540e-01
5.303344524089467216e-01 5.743011681045535610e-01
5.299092939195295671e-01 5.763369167970531226e-01
5.294310385148207621e-01 5.783538621584550787e-01
5.289275575822457442e-01 5.803939943556392089e-01
5.284206911237803173e-01 5.824492727930632441e-01
5.278536148443299103e-01 5.845203182893431437e-01
5.272205912407813555e-01 5.865984324944476525e-01
5.265855858020096480e-01 5.886945025526324482e-01
5.259136262787817984e-01 5.908170576674398600e-01
5.251486854428339957e-01 5.929541381932863509e-01
5.243539611627693331e-01 5.951023680129199356e-01
5.235525971405137202e-01 5.972768690518238666e-01
5.227186345817171897e-01 5.994899876095403091e-01
5.218469675670628360e-01 6.017203510147695056e-01
5.209632355629989497e-01 6.039683061600182867e-01
5.200856222871461654e-01 6.062442304712587493e-01
5.192209452137798165e-01 6.085697851273467185e-01
5.183312688862218298e-01 6.108926045578273456e-01
5.174344726673252293e-01 6.132405904599609325e-01
5.165104318227113911e-01 6.156228568300903259e-01
5.155584575696929850e-01 6.180297915447058310e-01
5.145937043635269159e-01 6.204326927125122237e-01
5.135653615517729031e-01 6.228423129954532289e-01
5.124497015630378183e-01 6.252457200781258440e-01
5.113117070277461984e-01 6.276502536193833137e-01
5.101460881185650997e-01 6.300316462483495084e-01
5.089108507873398857e-01 6.323515434416460135e-01
5.076335646222193132e-01 6.346409859084642946e-01
5.063336622993888092e-01 6.369024863674668246e-01
5.050203882546483447e-01 6.390793482708480022e-01
5.036885070578300816e-01 6.411618014231593721e-01
5.023301558035344616e-01 6.431951449248303199e-01
5.009381984824790024e-01 6.451688783381375192e-01
4.996925337100946996e-01 6.470807625184133993e-01
4.984463948591646432e-01 6.489133946979701584e-01
4.971540000824272720e-01 6.506688887656196796e-01
4.958545676643297817e-01 6.522869346101644039e-01
4.945825956770766862e-01 6.536776806983858323e-01
4.932668139684189823e-01 6.549339727376201070e-01
4.919138395527867802e-01 6.560618152691527483e-01
4.905719524750539184e-01 6.569845177665528668e-01
4.892575339796618183e-01 6.576548139190377951e-01
4.878877879500308490e-01 6.581764092477816464e-01
4.864842167699804376e-01 6.584945095597134479e-01
4.850744816668604020e-01 6.584968699043397544e-01
4.836236948782403067e-01 6.582518594820303548e-01
4.821269853145083717e-01 6.578021038582543278e-01
4.805905010814189304e-01 6.570924230561232537e-01
4.790334985574455917e-01 6.560717168910455976e-01
4.774150891109517625e-01 6.548362451520273186e-01
4.757409101205287705e-01 6.533307245750781256e-01
4.739844491010792304e-01 6.514798890791394514e-01
4.721655926072328979e-01 6.493706289213772020e-01
4.702905863428361588e-01 6.470100881184960295e-01
4.683327149320535288e-01 6.442667623371359786e-01
4.663062439057800157e-01 6.412458409569146145e-01
4.642320766566674362e-01 6.379961175271520180e-01
4.621185392965687089e-01 6.343896043641744642e-01
4.599526716727707631e-01 6.305244765010853403e-01
4.577456462129986248e-01 6.264391164388060096e-01
4.555382069748803442e-01 6.220719280255898598e-01
4.532981653646819264e-01 6.174964352897746034e-01
4.510234460882838192e-01 6.127075320456626395e-01
4.487443019558974289e-01 6.076803135589662341e-01
4.464199540303912528e-01 6.024470585665482325e-01
4.440807990025686935e-01 5.970410057090917988e-01
4.417239340693854821e-01 5.913572107899598418e-01
4.393343710865487139e-01 5.855541287552346041e-01
4.369727665295216612e-01 5.795310365418485654e-01
4.346167229154393463e-01 5.733242290417681630e-01
4.322541357146557628e-01 5.670092105984194664e-01
4.300096606207388095e-01 5.605251633198543582e-01
4.277408600466048316e-01 5.539387645326383502e-01
4.255737309358389453e-01 5.472563505510504855e-01
4.234608533442403289e-01 5.404636274551187780e-01
4.213995658834084890e-01 5.336181400026031030e-01
4.194202644947088165e-01 5.266753752698953850e-01
4.174541617782505654e-01 5.197191817838612282e-01
4.155952655335189982e-01 5.126450718074285762e-01
4.137417442657115307e-01 5.055618606177868513e-01
4.119614833511847651e-01 4.983793162617324302e-01
4.102051467880407642e-01 4.911930462799162789e-01
4.085458879393628617e-01 4.838906077239516490e-01
4.069107467635021402e-01 4.765803478053113884e-01
4.053499254851426481e-01 4.691803135807157132e-01
4.038279790719802032e-01 4.617429994437081131e-01
4.023751593448612329e-01 4.542504485583261364e-01
4.009681832649997224e-01 4.467067803337887999e-01
3.996478346260491366e-01 4.391025718785118714e-01
3.983694488061601535e-01 4.314755631213451070e-01
3.971861941040217836e-01 4.237582979673752415e-01
3.960420642031148297e-01 4.160141352656327451e-01
3.949729002755325014e-01 4.081983684442363480e-01
3.939516460731565806e-01 4.003167759829153183e-01
3.929963395775037949e-01 3.923759875790564511e-01
3.920922029230229366e-01 3.843296718809137702e-01
3.912731857140647751e-01 3.761958149280315578e-01
3.905081426537184708e-01 3.679476769425788496e-01
3.898512315249976212e-01 3.595370958551723506e-01
3.892658777742870058e-01 3.510050639951980966e-01
3.888003347633243179e-01 3.422850090312299365e-01
3.884002060054441152e-01 3.334304904838745753e-01
3.881333369982983283e-01 3.242986948788814106e-01
3.879336804894337742e-01 3.150080520355346692e-01
3.878204029908538519e-01 3.054867275460432796e-01
3.878178913657946980e-01 2.956376598522450494e-01
3.878901993920527702e-01 2.856215256149670090e-01
3.881021603689125410e-01 2.752568339335918490e-01
3.884847485944885603e-01 2.646084577302338925e-01
3.890446491026622322e-01 2.536831301090373136e-01
3.898399799679705957e-01 2.424829950425035352e-01
3.909866995246194521e-01 2.309372900696082254e-01
3.925302670757158108e-01 2.191072354134875610e-01
3.945194610102440436e-01 2.070501897951448345e-01
3.970782924614962295e-01 1.947249713918074998e-01
4.003073120660853856e-01 1.822084451750373146e-01
4.043321278376496020e-01 1.695126429959896153e-01
4.092651256099951729e-01 1.567233809084043472e-01
4.152432333866103997e-01 1.438589326522206058e-01
4.223527345923244747e-01 1.310546343228560784e-01
4.307149355389199297e-01 1.183514171158134426e-01
4.403617996169171822e-01 1.059154078670860866e-01
4.513910916708315790e-01 9.379311965990419497e-02
4.637462644221465591e-01 8.214896845173738638e-02
4.774531718485050535e-01 7.103879383350143739e-02
4.923896911617769989e-01 6.073247393615143624e-02
5.082710724049810391e-01 5.121533174431101149e-02
5.246250272858113961e-01 4.256043188767787144e-02
5.408239005528576726e-01 3.497230710285635646e-02
5.560178728996626463e-01 2.832110281994639975e-02
5.689284005582536663e-01 2.267054906268849493e-02
5.780955291639401361e-01 1.791764107223417155e-02
5.815855448810647310e-01 1.395290726545943619e-02
5.768701251021076670e-01 1.070046523396883664e-02
5.614598578026472886e-01 7.860577740910774242e-03
5.320992111876627906e-01 5.371298054423778896e-03
4.869936593534665015e-01 3.157862296451553405e-03
4.264287818743017211e-01 1.205732638473736929e-03
3.333098932505646483e-01 8.643552634113355504e-05
