1.168601697842643478e-01 5.105342056437987656e-03
1.086103738320451234e-01 2.073403529698942746e-02
1.137169250497079426e-01 4.409587387494497135e-02
1.266019199140195617e-01 7.309309208401539026e-02
1.433826983375844355e-01 1.056710364337019176e-01
1.616174800479627804e-01 1.397479546236642944e-01
1.800579588347248350e-01 1.741947168993404071e-01
1.978400037825520097e-01 2.080682027447638693e-01
2.142900989081951424e-01 2.406695413436023279e-01
2.290860992219955761e-01 2.716005873875084187e-01
2.420004761614129585e-01 3.006762154373673890e-01
2.529179935608257823e-01 3.276482406669709579e-01
2.618924264477605623e-01 3.524749934889397918e-01
2.690302710003513176e-01 3.751836672667856476e-01
2.744120586211878932e-01 3.956692244693791327e-01
2.781340617226066292e-01 4.140541522380898898e-01
2.803451695567509838e-01 4.303593721049065457e-01
2.810829031689225377e-01 4.445919694216253770e-01
2.804931619177225000e-01 4.568844322690214788e-01
2.787562094201888052e-01 4.674100496098169688e-01
2.760053419357494930e-01 4.763171146941081457e-01
2.862617220671275775e-01 4.837733551264566945e-01
2.978253112264328539e-01 4.899470590117587232e-01
3.087420364460111699e-01 4.949930436469431871e-01
3.190397525403966261e-01 4.990422303692423345e-01
3.287016783180420343e-01 5.022004744049268776e-01
3.377007543686182389e-01 5.045455322377816465e-01
3.460164187848339123e-01 5.062117541246644592e-01
3.536343014642611138e-01 5.071901171776959094e-01
3.605819842860420454e-01 5.076182153538743025e-01
3.670021010158223684e-01 5.075963157444058904e-01
3.728664656721953352e-01 5.071193115720353806e-01
3.782980320274191843e-01 5.062784972063816280e-01
3.833460703273507408e-01 5.051604458752676496e-01
3.879656158419255707e-01 5.037087740280482562e-01
3.923233813003061954e-01 5.020608085727605863e-01
3.963792355869129591e-01 5.002113278806126218e-01
4.002476824347501738e-01 4.982184880487763312e-01
4.039391714427850166e-01 4.961166603162277533e-01
4.074781560827859250e-01 4.939659618701861543e-01
4.107143869716247120e-01 4.916093433609556862e-01
4.137545037862822572e-01 4.891941193925659626e-01
4.163508686154862026e-01 4.865557098766716271e-01
4.186201849521430374e-01 4.837997660551527912e-01
4.206474094601289071e-01 4.809710483156400818e-01
4.223347283135907571e-01 4.780216800553636070e-01
4.239256237648779679e-01 4.750855214580479990e-01
4.252904796593737213e-01 4.720782800899316900e-01
4.265705715187784186e-01 4.691068581610465804e-01
4.277486071881966279e-01 4.661475209371053752e-01
4.289417653290880095e-01 4.632695366612717969e-01
4.301095365198106535e-01 4.604480759105377130e-01
4.313186473349128192e-01 4.577397107395270170e-01
4.325787023488535388e-01 4.551414103159617253e-01
4.338694121120312275e-01 4.526246307569744554e-01
4.352038128390014471e-01 4.502676109583858000e-01
4.365584647683994346e-01 4.480646508953912699e-01
4.380000017594666284e-01 4.459881848066950538e-01
4.394703241529663851e-01 4.439914543520009360e-01
4.409076880384984465e-01 4.422285423822185924e-01
4.423155289769847842e-01 4.405734173328300085e-01
4.437739490981993384e-01 4.389268211968781475e-01
4.451777682840997175e-01 4.373463133186331064e-01
4.465917672085169543e-01 4.360304519203999085e-01
4.479669601408877710e-01 4.346578468246915516e-01
4.494446128152271847e-01 4.331175875782323770e-01
4.507181338454081532e-01 4.318368929192128447e-01
4.519427408906254717e-01 4.307138944612718956e-01
4.531393491052464473e-01 4.291928478614182030e-01
4.542444006121196809e-01 4.276940745853106685e-01
4.549744894126958039e-01 4.265231385156873500e-01
4.558525979096270664e-01 4.250987027981021349e-01
4.568382051267527721e-01 4.235094198153843137e-01
4.573180185322607838e-01 4.224621211955918443e-01
4.578410245981551219e-01 4.211946784170867986e-01
4.585672614071832909e-01 4.194351181327132250e-01
4.591740319092070810e-01 4.182158525521072479e-01
4.597570498877446843e-01 4.170527268077195426e-01
4.606021461415045204e-01 4.154705742206291630e-01
4.614409038613241920e-01 4.140657454084037958e-01
4.623259145355743671e-01 4.128974004332121028e-01
4.632285262597249931e-01 4.115750039978749442e-01
4.642191797832258549e-01 4.101568749268192926e-01
4.651204222249923914e-01 4.088975214293579796e-01
4.660446703192723250e-01 4.077203143096823079e-01
4.668866739375409081e-01 4.064369181374762885e-01
4.677382525074618713e-01 4.051557173517530419e-01
4.683818745503969261e-01 4.039647062357520912e-01
4.690088436940018091e-01 4.027955877796762230e-01
4.693396832628100590e-01 4.016000443416307131e-01
4.695985171640977285e-01 4.003903674451072536e-01
4.696600190982364031e-01 3.992128411603814153e-01
4.695803318961546680e-01 3.980342875522493995e-01
4.695650061287331978e-01 3.969054206709004551e-01
4.695497025692307869e-01 3.958182087983787567e-01
4.695594571618323387e-01 3.947686918281324009e-01
4.696070968066349272e-01 3.938926830321867745e-01
4.696439785993916649e-01 3.929766394421174702e-01
4.696458212460421500e-01 3.922482693390993980e-01
4.696660990233670896e-01 3.915701225499355620e-01
4.696375552489610028e-01 3.908786109279021037e-01
4.696306819520675857e-01 3.903079370730427322e-01
4.695959399062791251e-01 3.896951785038548222e-01
4.698122364570576637e-01 3.892444399661549870e-01
4.699771982710300167e-01 3.887876359040594587e-01
4.703895679752441716e-01 3.883966251804316649e-01
4.710082984227383918e-01 3.881243590336734828e-01
4.716206034127532476e-01 3.878501896359778378e-01
4.724264130828221830e-01 3.876095191820411179e-01
4.733036259283144864e-01 3.874208314058610325e-01
4.741821264114396417e-01 3.872163042505395447e-01
4.749907579849931283e-01 3.870485429727883453e-01
4.757632585423150484e-01 3.868708597760600054e-01
4.765180638306226735e-01 3.867026144190277015e-01
4.772184598588097293e-01 3.866108715182589028e-01
4.779155452270341664e-01 3.865413053271854471e-01
4.786219105913941951e-01 3.864571380886261398e-01
4.795144890646702018e-01 3.864685556142916645e-01
4.804344250385453874e-01 3.864583388711488321e-01
4.813229724890887851e-01 3.864707732134589624e-01
4.824671149306364315e-01 3.864818159816205134e-01
4.836865678061313956e-01 3.865010475666222356e-01
4.848463345635287691e-01 3.864950635588213501e-01
4.858749534114135127e-01 3.865748768082901132e-01
4.868464500496629821e-01 3.866883014252922579e-01
4.878225896106280768e-01 3.867865425832194282e-01
4.889342404539250841e-01 3.868406083193767220e-01
4.902672610736010239e-01 3.867987702931238725e-01
4.915669317984116549e-01 3.867232876528965968e-01
4.928811515790915143e-01 3.866772083346687316e-01
4.938454830569908305e-01 3.869565405553879733e-01
4.948818733680334092e-01 3.871806766583765769e-01
4.958955526357916588e-01 3.874197325749434984e-01
4.970579775339343254e-01 3.875423098726718529e-01
4.983396690975203103e-01 3.875520376919118770e-01
4.996262355951486267e-01 3.875691780796028940e-01
5.009106492698702784e-01 3.875417010699802600e-01
5.016617179738783738e-01 3.882600759146193625e-01
5.023531873256020797e-01 3.892018996159002930e-01
5.030184879560416489e-01 3.901389359022783276e-01
5.037465893040173892e-01 3.909460183139701339e-01
5.050775736870278809e-01 3.913611409924043216e-01
5.065483808370472296e-01 3.916909426894761292e-01
5.080112355587040884e-01 3.920211739065168066e-01
5.091989789086297513e-01 3.924332653544255201e-01
5.094375974574153476e-01 3.931051676980906184e-01
5.095786878547907683e-01 3.938120110918419958e-01
5.097350171464438695e-01 3.945129476185689765e-01
5.099640224017205625e-01 3.952051441620275662e-01
5.108791879308551831e-01 3.958519571226276623e-01
5.120374575797629335e-01 3.964667727784581541e-01
5.131857265443786620e-01 3.970855023586994936e-01
5.143605794081758109e-01 3.977060796487194572e-01
5.152980948066810951e-01 3.985802850190856561e-01
5.158635261654984649e-01 3.997818341603085468e-01
5.164773750102166217e-01 4.009591186684323127e-01
5.170888880874493498e-01 4.021569632721212484e-01
5.178091315886749202e-01 4.033363686596468378e-01
5.189855219502479411e-01 4.044022712168225397e-01
5.202466014610263034e-01 4.054620907529907226e-01
5.215223892896798663e-01 4.065404301913302931e-01
5.228134752475342983e-01 4.076441349199815822e-01
5.237808128553465004e-01 4.089617561927018641e-01
5.244383246957988742e-01 4.104622389737981880e-01
5.251375773098400090e-01 4.119677909546476391e-01
5.258492572360031758e-01 4.135088738018252164e-01
5.266519287923621118e-01 4.149893514769602554e-01
5.274606612048529097e-01 4.161854758317729552e-01
5.282286007882177614e-01 4.174005476669575554e-01
5.290058512829789450e-01 4.186322670325326456e-01
5.298857764411764038e-01 4.199113495136764240e-01
5.305025626964412488e-01 4.212303883793213077e-01
5.309831605425961998e-01 4.225658953941967000e-01
5.314505220448554335e-01 4.239102001893733096e-01
5.320104877245537267e-01 4.253222000295932559e-01
5.323948587387323794e-01 4.266384427828829318e-01
5.324599844560092832e-01 4.277640415282209507e-01
5.325706263184314393e-01 4.289387104950793672e-01
5.326683290109849311e-01 4.301303735111777771e-01
5.327860809504474382e-01 4.313314474918229502e-01
5.330095325740504819e-01 4.324720555118410359e-01
5.332247141982617844e-01 4.336140932799323333e-01
5.334034010300598982e-01 4.347662383416447951e-01
5.336411654774958491e-01 4.359549298641585691e-01
5.341934204936390485e-01 4.371798569235725851e-01
5.350294625045590724e-01 4.384444629467540433e-01
5.358552313092908026e-01 4.397520959857247891e-01
5.367026994407548823e-01 4.410784422354561696e-01
5.375130505594439834e-01 4.423829215754645494e-01
5.381889527945844520e-01 4.435989590218984424e-01
5.389280781502521211e-01 4.448642583600624367e-01
5.396835599886277146e-01 4.461561620019995344e-01
5.404070385808422694e-01 4.474381334792190690e-01
5.409194513143473770e-01 4.485174068449909734e-01
5.413716098205523242e-01 4.495419103285963613e-01
5.418394187193746880e-01 4.505934356105660288e-01
5.423168320803837261e-01 4.516665118784636834e-01
5.427813844695947854e-01 4.526873805680745044e-01
5.432110437205746045e-01 4.536232111585036808e-01
5.436551786775269957e-01 4.545917270615824624e-01
5.441075979802203477e-01 4.555774140328104349e-01
5.445590765162142688e-01 4.566060144726484804e-01
5.449794017600312346e-01 4.577218045816776604e-01
5.454083329071632846e-01 4.588572284719060201e-01
5.458460230338448849e-01 4.600196436767551855e-01
5.462947868295133791e-01 4.612106766711892014e-01
5.467278947591412974e-01 4.624207279162083628e-01
5.471414039647954919e-01 4.636427199226403895e-01
5.475584951054062177e-01 4.648901518881011774e-01
5.479993327563215111e-01 4.661692929493542192e-01
5.484622996551240526e-01 4.674533170112893932e-01
5.489418762339021152e-01 4.687093398241065634e-01
5.494460205350975013e-01 4.699962049746551629e-01
5.499472032003582811e-01 4.713092661582540255e-01
5.504503532978317626e-01 4.726368796922520987e-01
5.509435632188970366e-01 4.738340373997365629e-01
5.514424982819078336e-01 4.750425318660669860e-01
5.519562979370975508e-01 4.762718859384751924e-01
5.524844442345477891e-01 4.775238842262120031e-01
5.530964739388968265e-01 4.786655540784048313e-01
5.537739809987866080e-01 4.797243531433723618e-01
5.544339560496316377e-01 4.808062265893845444e-01
5.551244395908068174e-01 4.819132141867328856e-01
5.559092267408073385e-01 4.829780743885572769e-01
5.569681556194172600e-01 4.838429548578963568e-01
5.580063812426819814e-01 4.847600983204083391e-01
5.590673291548644563e-01 4.856876656361605593e-01
5.601553357276299883e-01 4.866098223868335348e-01
5.611422099393049701e-01 4.873269364301170414e-01
5.621700290510098785e-01 4.880805038029474852e-01
5.632223051137519310e-01 4.888558214154122283e-01
5.642867169591418985e-01 4.896341938741823885e-01
5.652787484466832435e-01 4.903018175749291330e-01
5.662638432144397882e-01 4.909343581273604151e-01
5.672719831428645332e-01 4.915827821889401927e-01
5.682958151831536409e-01 4.922396678813357185e-01
5.692704670809012324e-01 4.928776702603285820e-01
5.700155199601267819e-01 4.934135714033820452e-01
5.707971476683946221e-01 4.939670974303881912e-01
5.715838981696768073e-01 4.945298518992297665e-01
5.723893160795169299e-01 4.951019850971250524e-01
5.730681474715071388e-01 4.958174692178468068e-01
5.737304892639354392e-01 4.965530962650072100e-01
5.744007302105870183e-01 4.973012132370713267e-01
5.751038945705009287e-01 4.980691767523270919e-01
5.756771571709267121e-01 4.988406620309407957e-01
5.761450427515839579e-01 4.996064879483174126e-01
5.766234547995716664e-01 5.003724997137135588e-01
5.771166536879455133e-01 5.011696088570714025e-01
5.775518420376785089e-01 5.019708569894401062e-01
5.777819635095574613e-01 5.027282333253724200e-01
5.780404953618594188e-01 5.035038905604722892e-01
5.782889200637923999e-01 5.042950661359930642e-01
5.785396922302314948e-01 5.050917897233666576e-01
5.786513624896241215e-01 5.060991512826291672e-01
5.787618508647214277e-01 5.071240790923071673e-01
5.788714446280350812e-01 5.081680868762519232e-01
5.789794111608710381e-01 5.092339237257375029e-01
5.791721034289396552e-01 5.102266559515540312e-01
5.794044441384043065e-01 5.111863162185451559e-01
5.796114852627147762e-01 5.121470816842621510e-01
5.798397256427760826e-01 5.131265580753131550e-01
5.800708478894837095e-01 5.141796701079466292e-01
5.802914232664604377e-01 5.153479632908958274e-01
5.805244448976454308e-01 5.165317374102335046e-01
5.807651185074215183e-01 5.177323443705674766e-01
5.808795882746128347e-01 5.188872739404825074e-01
5.807934662238871670e-01 5.199549694607451533e-01
5.807171153574388622e-01 5.210352271437583838e-01
5.806409182030274341e-01 5.221087500874105336e-01
5.804531802638946969e-01 5.233748496930351601e-01
5.801956979147229188e-01 5.247876394922900145e-01
5.799315423363650135e-01 5.262163324785350538e-01
5.796711895020951744e-01 5.276720428705363730e-01
5.793286962465484802e-01 5.290342762516558883e-01
5.789297622826730105e-01 5.303260965900810087e-01
5.785253591052637034e-01 5.316344585725182315e-01
5.781132723854078836e-01 5.329482629200040789e-01
5.776637938740498690e-01 5.343683234382703429e-01
5.771745665894890687e-01 5.359066328168186066e-01
5.766760158426395000e-01 5.374611102251297678e-01
5.761713672559045651e-01 5.390297656214159128e-01
5.756337238802520240e-01 5.406105845445556835e-01
5.750418152249340276e-01 5.422118130643641676e-01
5.744362270237035606e-01 5.438354491348698083e-01
5.738184903685694671e-01 5.454803562235305270e-01
5.731994845207599720e-01 5.471394750664873019e-01
5.726177157215075475e-01 5.488118764366505253e-01
5.720387017993402434e-01 5.504829906717131349e-01
5.714468015188839400e-01 5.521703761288636603e-01
5.708457704004545885e-01 5.538983751403150357e-01
5.701833501989743702e-01 5.555413952964177726e-01
5.694668340727654376e-01 5.571035333113704135e-01
5.687462531976175129e-01 5.586793967474065203e-01
5.680132213744117919e-01 5.602784838846818216e-01
5.671999387065828069e-01 5.619213550130184309e-01
5.662336474513806062e-01 5.636250585887392361e-01
5.652510012308050724e-01 5.653484390323808562e-01
5.642486654564189408e-01 5.670871816929757836e-01
5.632251996495662993e-01 5.688588440738602259e-01
5.621774332708392441e-01 5.707430271339080097e-01
5.611097643057783024e-01 5.726734931957790931e-01
5.600200930732460725e-01 5.746213757982561177e-01
5.589098169315005471e-01 5.765816638795649984e-01
5.577628324851187092e-01 5.785631771403916268e-01
5.565781854121567562e-01 5.805633759232887714e-01
5.553664769268791268e-01 5.825576003292435301e-01
5.541380362633440138e-01 5.845719705150775880e-01
5.528172578205572396e-01 5.865548927684387515e-01
5.512995385254687575e-01 5.884539681994337412e-01
5.497610986457259763e-01 5.903459624912316128e-01
5.481939424051177623e-01 5.922349123909088631e-01
5.465520126315437377e-01 5.940883244668863084e-01
5.446779573314571854e-01 5.957503188665033145e-01
5.427633014911278364e-01 5.973834547369425430e-01
5.408023776132357963e-01 5.989894122084675754e-01
5.387739260297621513e-01 6.005358911195444183e-01
5.363919403032254563e-01 6.016738469665503519e-01
5.339612756117817494e-01 6.027517594616877972e-01
5.314778140833060771e-01 6.037663305021430116e-01
5.289411232404861440e-01 6.047025605508576929e-01
5.263039485402604134e-01 6.051700487167906983e-01
5.236163967968333610e-01 6.055770427905196041e-01
5.208771791061393985e-01 6.058996097639718359e-01
5.180972168139140743e-01 6.059375643504995024e-01
5.152900803262220331e-01 6.055469617734325904e-01
5.124322174974007549e-01 6.050324447349172408e-01
5.095059004401982783e-01 6.044387554438476196e-01
5.066079167494376145e-01 6.031794344022156640e-01
5.036770901005593881e-01 6.016517589172587499e-01
5.006787035296872412e-01 5.999851485441002330e-01
4.976683766053766611e-01 5.978888044881404129e-01
4.946663708279098737e-01 5.952192794052379998e-01
4.916034564861521128e-01 5.923506120584617340e-01
4.884851043341649213e-01 5.892029285061503030e-01
4.852943886840804799e-01 5.852919638099057797e-01
4.820514316525098542e-01 5.811471699393899737e-01
4.787618748670135482e-01 5.768066788627322916e-01
4.754733757163592256e-01 5.716106411359938022e-01
4.721291997048155942e-01 5.662679176148907034e-01
4.688404075030798701e-01 5.605149550788908197e-01
4.657395163141270777e-01 5.541245221859768533e-01
4.626291891189002747e-01 5.475142726319900399e-01
4.596384918334255332e-01 5.403757203074776028e-01
4.568177930383626739e-01 5.326355678660642523e-01
4.539887040569127175e-01 5.247166951818051928e-01
4.513730107443631456e-01 5.160519392339963929e-01
4.487776145238517866e-01 5.072149975265221045e-01
4.464357865194845676e-01 4.978173935878167367e-01
4.441892848689071860e-01 4.881684994272973976e-01
4.422922545047811571e-01 4.780361277379646112e-01
4.405543405755941722e-01 4.676924101293725711e-01
4.391802395950924476e-01 4.569654527257836496e-01
4.380853547693280836e-01 4.459406650475608025e-01
4.373790547203202372e-01 4.345632835620898415e-01
4.369801706818845499e-01 4.229574436129811543e-01
4.370713631159273138e-01 4.110065069830805551e-01
4.374881637646620414e-01 3.988872818771099227e-01
4.384268761968415085e-01 3.864907933345999580e-01
4.397349406635735480e-01 3.740464373017586830e-01
4.417407071843532096e-01 3.613664889525835533e-01
4.441258180304166192e-01 3.487424220081122295e-01
4.473221271365589446e-01 3.359660476443800392e-01
4.509665752369121927e-01 3.232953067604893427e-01
4.555942225313341920e-01 3.105413407824475502e-01
4.607865928605296424e-01 2.979095594241100708e-01
4.669139133240222672e-01 2.853245841910651559e-01
4.738669471747715134e-01 2.728581016549749272e-01
4.814772977711713198e-01 2.605643970670199483e-01
4.901036655613454363e-01 2.483618343468089740e-01
4.993077506771388396e-01 2.363550725621746673e-01
5.091955414614304232e-01 2.245317371453071642e-01
5.199496231684730407e-01 2.128122517321457130e-01
5.313247009613180083e-01 2.012789265858962728e-01
5.432199264191980292e-01 1.900036625758265707e-01
5.556091683840785889e-01 1.789862470732535848e-01
5.685538885612484439e-01 1.681878672155814325e-01
5.818410776898936820e-01 1.576574551442822547e-01
5.953100311285438595e-01 1.473896010187003558e-01
6.087771331278870601e-01 1.374354492915326742e-01
6.221546149512948709e-01 1.277743235515904630e-01
6.353452826701655454e-01 1.183847050251625732e-01
6.481431806141267904e-01 1.093309183438792020e-01
6.605105356542667616e-01 1.005259791877493869e-01
6.722637329035554554e-01 9.201472157461543233e-02
6.833132646192326964e-01 8.377619150393703085e-02
6.934868326483734080e-01 7.584589165295574364e-02
7.026521634222777646e-01 6.822997951865028554e-02
7.105947768544758070e-01 6.091532153066580441e-02
7.169651944457872128e-01 5.392287980968836492e-02
7.211196242964258429e-01 4.731237792419151073e-02
7.222455039840882662e-01 4.111675362054217908e-02
7.195873715486843514e-01 3.525533525150308795e-02
7.112677809092049497e-01 2.982460969123993180e-02
6.950876557876959350e-01 2.460718652182791386e-02
6.673742416407831834e-01 1.969314273710859320e-02
6.227454458439675156e-01 1.460795767588464467e-02
5.558845694600714760e-01 9.480201101129554983e-03
4.621976935923750585e-01 4.273830343217258597e-03
2.863189743172779855e-01 0.000000000000000000e+00
