9.825016551727330794e-02 4.592968084511475299e-03
7.743681353135592471e-02 1.806408017089454476e-02
6.860678988641484566e-02 3.785701919266224597e-02
7.016358344103929001e-02 6.225009803230652922e-02
7.828249523186257830e-02 8.967652045399070182e-02
9.025183391732574667e-02 1.186811157104697978e-01
1.042485155579551681e-01 1.483840178304758617e-01
1.190993146111750944e-01 1.780016115815270528e-01
1.340618232643966123e-01 2.069792537837351898e-01
1.485998659037337521e-01 2.348919125843437206e-01
1.623905960641863211e-01 2.615236348520753595e-01
1.752167311948873429e-01 2.867404993586266104e-01
1.868989841965220389e-01 3.104139975024744480e-01
1.973920988812164490e-01 3.325181606609544649e-01
2.066483003292709786e-01 3.530466440765028802e-01
2.148079620087128827e-01 3.719645672177917528e-01
2.279678277712132717e-01 3.893442258413292723e-01
2.404954522656260751e-01 4.051918901679111840e-01
2.523980924506916135e-01 4.195629800577270196e-01
2.637499338355590028e-01 4.325679220558957816e-01
2.746100347579052414e-01 4.442799062715354075e-01
2.850173474766295456e-01 4.547716415168099879e-01
2.949769543059941324e-01 4.641082136956502513e-01
3.044669904188159748e-01 4.723542928574134825e-01
3.134405588259961961e-01 4.795679521766759157e-01
3.218714555731415627e-01 4.858092661991560979e-01
3.297566017219336620e-01 4.911209699990081723e-01
3.371016815871593630e-01 4.956619147795509051e-01
3.440001287442058242e-01 4.993821550738111181e-01
3.504005751656629197e-01 5.023789939272014227e-01
3.564653536513882059e-01 5.047891776991708657e-01
3.622045885153105660e-01 5.065586024417244593e-01
3.676086928384786345e-01 5.077269188364430530e-01
3.727825803740062449e-01 5.084605830854399544e-01
3.776299208446128874e-01 5.086996579128997276e-01
3.822734148062134629e-01 5.085983984571403882e-01
3.865526528175995402e-01 5.081420947782213648e-01
3.905930583078694451e-01 5.074594222454366088e-01
3.943087575512336240e-01 5.064766238879538918e-01
3.978011040115826957e-01 5.053654162750599310e-01
4.010042979640613403e-01 5.039564707466811511e-01
4.040592129385499609e-01 5.024130170808427387e-01
4.069344130000123183e-01 5.005977610713413517e-01
4.097189926126936221e-01 4.987060650563171493e-01
4.124213820898972038e-01 4.967607176527619184e-01
4.149235720439666819e-01 4.946895498610048292e-01
4.173075128768505282e-01 4.925916820380589756e-01
4.194800450981318596e-01 4.903722884021704531e-01
4.214556167892424265e-01 4.880785182283930435e-01
4.232727504631749182e-01 4.857704121634943695e-01
4.248828567049779403e-01 4.833905988077134563e-01
4.264172765639145379e-01 4.810587154218405881e-01
4.278951407082415281e-01 4.787844685777901121e-01
4.293442054914735628e-01 4.765273501776856047e-01
4.308314494338530976e-01 4.742799347810544019e-01
4.323138742909856669e-01 4.720816531042442699e-01
4.337961285051820104e-01 4.699609503391393717e-01
4.352347498735715803e-01 4.678348825150973611e-01
4.366363046401644521e-01 4.657203238225884889e-01
4.380577253430435469e-01 4.638578221998823636e-01
4.394537523732723328e-01 4.619828877196217598e-01
4.408799169531957274e-01 4.600009173328368783e-01
4.423299455779562406e-01 4.580958245380159499e-01
4.438840263486710236e-01 4.564865806561657080e-01
4.454149487087282755e-01 4.546639244899004506e-01
4.469270342947923025e-01 4.524574064035579712e-01
4.484546979803012423e-01 4.507811806628109208e-01
4.499812600706207810e-01 4.493068873891700177e-01
4.513219637554730101e-01 4.469148043813037097e-01
4.526041003786255845e-01 4.447067085732160363e-01
4.537962167090302534e-01 4.432364027637226145e-01
4.550353787735009758e-01 4.412357196553189920e-01
4.562858108034161253e-01 4.387592321127106731e-01
4.571546193028230842e-01 4.374446758715935801e-01
4.580358982863548256e-01 4.357731389418043610e-01
4.589282502542075814e-01 4.332138056444493346e-01
4.597550124810804162e-01 4.316858225205735811e-01
4.604837462821536054e-01 4.303053528384540583e-01
4.613538566727591883e-01 4.283549210159650067e-01
4.622415374831303492e-01 4.266730481355169302e-01
4.632217622801111379e-01 4.254565753598142930e-01
4.641747032701677433e-01 4.240885727737631616e-01
4.651636068983234229e-01 4.226197144809186734e-01
4.660594994202025276e-01 4.213685770217395765e-01
4.669598899108119427e-01 4.202444689548376355e-01
4.676167066828283980e-01 4.189654821924974626e-01
4.682112788024063166e-01 4.176726896648366716e-01
4.684779689645628409e-01 4.163281888255879748e-01
4.686380279346633593e-01 4.149879109512859543e-01
4.686470969711885592e-01 4.135840595073386750e-01
4.686132478799100998e-01 4.121646797403324403e-01
4.685362116937559773e-01 4.107998293449527383e-01
4.684307570904270301e-01 4.094740139713818339e-01
4.683348016283302995e-01 4.081461526577113696e-01
4.682776504585317578e-01 4.068398842008172367e-01
4.682472598069047920e-01 4.055529090816907267e-01
4.683203826623343335e-01 4.043196776310768459e-01
4.684049751873048395e-01 4.030831349422333010e-01
4.686709031279528981e-01 4.018880662237789836e-01
4.689458023222798921e-01 4.006960087910603763e-01
4.693280996952494677e-01 3.995582673438166088e-01
4.698550315149504497e-01 3.985036856811702832e-01
4.703562039651522086e-01 3.974304790921019959e-01
4.710412136425913276e-01 3.964512407148092499e-01
4.716869984985243569e-01 3.954260457655843775e-01
4.724112684199625600e-01 3.944625367203590804e-01
4.732914768428726493e-01 3.936289236465208563e-01
4.741767550268914944e-01 3.927985336715280051e-01
4.750732850331275681e-01 3.919657945936991794e-01
4.760183266568754901e-01 3.911629203325386883e-01
4.769745819689724664e-01 3.903290337026092405e-01
4.777035982808608972e-01 3.896322242822004012e-01
4.783166488653742832e-01 3.889124852017509237e-01
4.789197277346904924e-01 3.881949158373743103e-01
4.794010702951606584e-01 3.875674603947952823e-01
4.798261508687978738e-01 3.869894433973493642e-01
4.802495493346503608e-01 3.863926229406278723e-01
4.807612280240248781e-01 3.860418488806958148e-01
4.813120852619162671e-01 3.857842508904147372e-01
4.818222945749296438e-01 3.855354681220475310e-01
4.825218765180784297e-01 3.851267269885554345e-01
4.832303838173520605e-01 3.846386486900420509e-01
4.839261340055888705e-01 3.841108325955234215e-01
4.846238731322893845e-01 3.838208914676156103e-01
4.852988901767960606e-01 3.837303074999285912e-01
4.859677850451498138e-01 3.836273695110021809e-01
4.866278972649840107e-01 3.834577793836656534e-01
4.873653053693269843e-01 3.832200645764949343e-01
4.881082562521411039e-01 3.829711220279960471e-01
4.888541405548965102e-01 3.827068923545718371e-01
4.895466554891636513e-01 3.828593331329260829e-01
4.902282626722286873e-01 3.832340508462183104e-01
4.909186649966008620e-01 3.835892509198106093e-01
4.916416534757016565e-01 3.839087045035958767e-01
4.924834150300539393e-01 3.839509958703830605e-01
4.933203162264414021e-01 3.840004316077694768e-01
4.942036860609664850e-01 3.840181264256236626e-01
4.948357899927020020e-01 3.843907259259536358e-01
4.952355684468655039e-01 3.850710835530052334e-01
4.957149026280562865e-01 3.857623656977341997e-01
4.961793925030697494e-01 3.865178514516918185e-01
4.966560171095125709e-01 3.867415037981494774e-01
4.971279777905964203e-01 3.867109149598584317e-01
4.974925942527215206e-01 3.866706515936478850e-01
4.978458812143410350e-01 3.866370067113713560e-01
4.980718403977391073e-01 3.867086155599856467e-01
4.982087965472600244e-01 3.868210753010510317e-01
4.983566361883693396e-01 3.869235359730935908e-01
4.984647868118611269e-01 3.870024238862451726e-01
4.991426467285419166e-01 3.872874989061593221e-01
5.004428556057365363e-01 3.878087147617118036e-01
5.017027985485754682e-01 3.883270061298809694e-01
5.029977276123785979e-01 3.888508951450633244e-01
5.040918453299190194e-01 3.893741559470994540e-01
5.047387218686674171e-01 3.899078886092954277e-01
5.054182653625058919e-01 3.904509715327519337e-01
5.061031573664678263e-01 3.909960107773561844e-01
5.069033130540685494e-01 3.915576642682568886e-01
5.081097621576471379e-01 3.921254266537216870e-01
5.094540100939424221e-01 3.926951228400927252e-01
5.108081331477767328e-01 3.932700268351522754e-01
5.121885389682214740e-01 3.938520076918336499e-01
5.132727389760103343e-01 3.945732965963275607e-01
5.141349617643418135e-01 3.954353337146442882e-01
5.151028691667208781e-01 3.962900765210891074e-01
5.160774649571553407e-01 3.971589581179115758e-01
5.170924203992285362e-01 3.980057625952170830e-01
5.181793373915635215e-01 3.987664811544706644e-01
5.192633124398174926e-01 3.995399268884451960e-01
5.203642933107768265e-01 4.003204439022385319e-01
5.214289494759360988e-01 4.010894410757697148e-01
5.220266692150735688e-01 4.020183675959025371e-01
5.225142349837958999e-01 4.029947953807543892e-01
5.230417265550170169e-01 4.039809481868808505e-01
5.235728742461805973e-01 4.049777763621689730e-01
5.240160259210584481e-01 4.059038838518192471e-01
5.243601365863379549e-01 4.067698790191683345e-01
5.247065786573770207e-01 4.076545898939362145e-01
5.250616548577851095e-01 4.085506747202442557e-01
5.254420185236396978e-01 4.094889092164467614e-01
5.256588740590031339e-01 4.105685988657221119e-01
5.259034816761951614e-01 4.116572269319280775e-01
5.261394658342579689e-01 4.127562957571035418e-01
5.263665776030316268e-01 4.138295279825349726e-01
5.268349753657644019e-01 4.148629650065035479e-01
5.273361976098296378e-01 4.158994236398124711e-01
5.278000256342030294e-01 4.169455258941817677e-01
5.282843944116955015e-01 4.180098212478804420e-01
5.288374397108799307e-01 4.190528892165425456e-01
5.294067255564339769e-01 4.200965004846665685e-01
5.299537050789615567e-01 4.211687795421157898e-01
5.304721801464680198e-01 4.222694800652825320e-01
5.309360681804952131e-01 4.234044625781105409e-01
5.317712410099622033e-01 4.244985697011574022e-01
5.325806177622041115e-01 4.256190894204467390e-01
5.334118022903361345e-01 4.267598359681365472e-01
5.342426019401115278e-01 4.279259351907471198e-01
5.347886932236389779e-01 4.290385689313311879e-01
5.353243067602905247e-01 4.301712902061801125e-01
5.359088922997576887e-01 4.313440893000873300e-01
5.364851103474599370e-01 4.325268173623426637e-01
5.368976464841020979e-01 4.335796650784618511e-01
5.371858838138297010e-01 4.345319917668008514e-01
5.374799950507347379e-01 4.355230750952318597e-01
5.379248465535937385e-01 4.364609265506411151e-01
5.385001289709536731e-01 4.374161959327055871e-01
5.392195866685611794e-01 4.385047178292164061e-01
5.399344697992305431e-01 4.396096922887386960e-01
5.406756981864266898e-01 4.407306495659549794e-01
5.414428140973135406e-01 4.418650246933695791e-01
5.421995970267841081e-01 4.430281307804170288e-01
5.429873528244359981e-01 4.442333510469745339e-01
5.438293266662745928e-01 4.454966661577903220e-01
5.446741247973004851e-01 4.467730257134296390e-01
5.452277975717672032e-01 4.477917730769637172e-01
5.455199349994905855e-01 4.485904088829729131e-01
5.458722912901545765e-01 4.494297759046806395e-01
5.460353433190257011e-01 4.503645589272391447e-01
5.461355459640010457e-01 4.513338847867680026e-01
5.461282303952921247e-01 4.519972956592965829e-01
5.461380852503183725e-01 4.526973871263011984e-01
5.461410344305084319e-01 4.534056767149367562e-01
5.461250214098081202e-01 4.541319716619776070e-01
5.464005703359122723e-01 4.548780643463492535e-01
5.467363545810310921e-01 4.556350450367769311e-01
5.470418758848891727e-01 4.563853376876887413e-01
5.473641916181153366e-01 4.571557303282988149e-01
5.477778676797386836e-01 4.580141800400744367e-01
5.483184363122235450e-01 4.589709215122490527e-01
5.488629380983952588e-01 4.599427145703772757e-01
5.495181214086304333e-01 4.608815991024104441e-01
5.503538959796674401e-01 4.617306989188206812e-01
5.514342372689932104e-01 4.626716204177139802e-01
5.525254299374727784e-01 4.636316522945077567e-01
5.536443822748666754e-01 4.646125962265065801e-01
5.547722758951991739e-01 4.655804100439467907e-01
5.559962848136542624e-01 4.667691011836499482e-01
5.572744411170694745e-01 4.680644962324526093e-01
5.585587829162798057e-01 4.693616961455024383e-01
5.598738456040315281e-01 4.706884347337676466e-01
5.611538851770692116e-01 4.720158795274222441e-01
5.622956864859467441e-01 4.732945924644729185e-01
5.634271896078670849e-01 4.745827388155757776e-01
5.645853044567252788e-01 4.758843408869956604e-01
5.656439622368558684e-01 4.773391246569709256e-01
5.662712498987576559e-01 4.789329469129854355e-01
5.668919026436780584e-01 4.805592963117694127e-01
5.675081522051985683e-01 4.822156963999482682e-01
5.682006623689352942e-01 4.839099944290787825e-01
5.687056459330895875e-01 4.854223906637147867e-01
5.690345293016125794e-01 4.867755837351616655e-01
5.693916365730207207e-01 4.881777017699528987e-01
5.697663083200670275e-01 4.896200816588737736e-01
5.701121405376854412e-01 4.910597619877505315e-01
5.702137410560951247e-01 4.923375179488183595e-01
5.703381031460166284e-01 4.936797581324588458e-01
5.704594459116887339e-01 4.950363832561973099e-01
5.705840945719535817e-01 4.964348036118849672e-01
5.707713206489875013e-01 4.974731160787516648e-01
5.711701877060344490e-01 4.981960331079443027e-01
5.715583328627371618e-01 4.989481521946380060e-01
5.719570428948050900e-01 4.997273506718293290e-01
5.723197987841064371e-01 5.005300823606828597e-01
5.726130550385334361e-01 5.012702158106022710e-01
5.729188213605445057e-01 5.020239982355998443e-01
5.732193830761070918e-01 5.027885258120980971e-01
5.735396112901459675e-01 5.036842531266458867e-01
5.739131617950810060e-01 5.049211021889938866e-01
5.742713046598741933e-01 5.061700984553686444e-01
5.746404910079889738e-01 5.074367135819024544e-01
5.750039107393158933e-01 5.088118692250286346e-01
5.753405558725792623e-01 5.103118374257431533e-01
5.756800652985967215e-01 5.118364947833319301e-01
5.760161698034247379e-01 5.134039343151566293e-01
5.762505388166385689e-01 5.150860193303700152e-01
5.764531087024798994e-01 5.167605265347530175e-01
5.766608019286971754e-01 5.184477654908443700e-01
5.768874667621348706e-01 5.201691508186486734e-01
5.770010491679381515e-01 5.218321746370130354e-01
5.769259557845698438e-01 5.233883240501217005e-01
5.768298039143916478e-01 5.249471248103902976e-01
5.767444998928421551e-01 5.265328215725559868e-01
5.766182967191586517e-01 5.281313769331917873e-01
5.763565763104827600e-01 5.297177753566212344e-01
5.760801064748015676e-01 5.313098988481803620e-01
5.758103010561586022e-01 5.329162786044763234e-01
5.755118430501670046e-01 5.345444086585019461e-01
5.750576473147407386e-01 5.362466221897939089e-01
5.745453923038228439e-01 5.379791774088771295e-01
5.740320133812633063e-01 5.397244633104686384e-01
5.735633156509983843e-01 5.413931738501494006e-01
5.731280310453520377e-01 5.428723047236729826e-01
5.725952071419283529e-01 5.443817950867485544e-01
5.720609222351784595e-01 5.458990773876358782e-01
5.715180580358394380e-01 5.474326136817143640e-01
5.709004909623802693e-01 5.489799057979747321e-01
5.700786565755269208e-01 5.505045253079760004e-01
5.692001008228666503e-01 5.520358474136379812e-01
5.683073043511944755e-01 5.535772935692788721e-01
5.673923859326563957e-01 5.551295972603761397e-01
5.663032265567849999e-01 5.566202795888256505e-01
5.650790806443606318e-01 5.580651283335619217e-01
5.638280753819830959e-01 5.595275033427716815e-01
5.625645842684920961e-01 5.610041156161255094e-01
5.612132649127896666e-01 5.623592878112214644e-01
5.596781589398691636e-01 5.635076572202084577e-01
5.581098516622118311e-01 5.646667943770724563e-01
5.565058342783775203e-01 5.658357546768778557e-01
5.547807218394402717e-01 5.671381122394800745e-01
5.529096045241836954e-01 5.682405132904945200e-01
5.509750302563096724e-01 5.692757866192944549e-01
5.490080654939104576e-01 5.702809862878150948e-01
5.470080951844044082e-01 5.712311652863456546e-01
5.448819774725202070e-01 5.720402849025649772e-01
5.426632689896977446e-01 5.727680933058059143e-01
5.404067069388801547e-01 5.734444395542531714e-01
5.381183189064620009e-01 5.740495719631821814e-01
5.356769012148715481e-01 5.745842731251028512e-01
5.331447033911974609e-01 5.750341346285949840e-01
5.305844605615124276e-01 5.753959419485045190e-01
5.279597564314473246e-01 5.756830621132126291e-01
5.252970616248840985e-01 5.758471677798067123e-01
5.226045454521744960e-01 5.758895587812167260e-01
5.198773399563433317e-01 5.758160569796658690e-01
5.170787231067658363e-01 5.756409085500014955e-01
5.143543321411028213e-01 5.751463345385416925e-01
5.115913921162374978e-01 5.745111554420589961e-01
5.087896835397389683e-01 5.737047830504555801e-01
5.060208282396252422e-01 5.724923466991908017e-01
5.033518757141104416e-01 5.707916193023909734e-01
5.006271539356469402e-01 5.689391806420014408e-01
4.978893060448831287e-01 5.668806188471544605e-01
4.954761471413207108e-01 5.642181300502275842e-01
4.931359224873603231e-01 5.612376392041308337e-01
4.907383156813421854e-01 5.580995947194691276e-01
4.885214632618309905e-01 5.544480323932049481e-01
4.864574149641351375e-01 5.503452926819185631e-01
4.843236957912172569e-01 5.461183585206962343e-01
4.822587000351342690e-01 5.412993497422374789e-01
4.802405383419476870e-01 5.359989470502108944e-01
4.781780729067670044e-01 5.306147506907595846e-01
4.761102178274136398e-01 5.244733284411823293e-01
4.740151303291367801e-01 5.180036434525104871e-01
4.718969931277355867e-01 5.113103976401551787e-01
4.697620992757685632e-01 5.039759989828742626e-01
4.675872537970295895e-01 4.964894209825030380e-01
4.655203700589007898e-01 4.884974180134711297e-01
4.634940290415718867e-01 4.801455435816200379e-01
4.616116720588976929e-01 4.715437689152331968e-01
4.601390315712643453e-01 4.624019877482959950e-01
4.587611442067668910e-01 4.531376279602791768e-01
4.579330162784251979e-01 4.434209962832749707e-01
4.572360165117518860e-01 4.336495023161051066e-01
4.570159200006709832e-01 4.235937547218161514e-01
4.570139347515427275e-01 4.134600091961341262e-01
4.572542027440077983e-01 4.032049174979173145e-01
4.578495656103584999e-01 3.928791719540798422e-01
4.587492551393151929e-01 3.824901002704820252e-01
4.599289902747610848e-01 3.720656790596320596e-01
4.616840213159711936e-01 3.615552792102064150e-01
4.638048852580335391e-01 3.511044983277583631e-01
4.665141400738966326e-01 3.406512999058305402e-01
4.696505785487343765e-01 3.302830456916004964e-01
4.734054353673745608e-01 3.199417387461824247e-01
4.776170371529983583e-01 3.096896937376651393e-01
4.822027941070795576e-01 2.995389651069869097e-01
4.874073968244060362e-01 2.893821601170830093e-01
4.928753885134081747e-01 2.793647740669490398e-01
4.988825643875288707e-01 2.693735778729511310e-01
5.053708163761226890e-01 2.594825353132180767e-01
5.122563766077097291e-01 2.497313053361652768e-01
5.196309338259391675e-01 2.401391585882591551e-01
5.275200792715302178e-01 2.306703065895632510e-01
5.357478878313498560e-01 2.213364187952119033e-01
5.442360595167057280e-01 2.121521905309071143e-01
5.529428372608448106e-01 2.030696255067878653e-01
5.618270000087034477e-01 1.940184610030273316e-01
5.707613964163875675e-01 1.849824826397065691e-01
5.796415491549740118e-01 1.759083256951262386e-01
5.883865984860121578e-01 1.667914394084311636e-01
5.969915205457825280e-01 1.576140104038138423e-01
6.054843481722425036e-01 1.483384237197804545e-01
6.137684850290582306e-01 1.390358785614707882e-01
6.218717234936984584e-01 1.296097860917029276e-01
6.295939856826717751e-01 1.201107087671153817e-01
6.367567566017749980e-01 1.105458736038986561e-01
6.431905885066644402e-01 1.009095389823023159e-01
6.487185764164072888e-01 9.125880372799409501e-02
6.532141112995946131e-01 8.162148731973521698e-02
6.564540709372934657e-01 7.210177449368605773e-02
6.581197827288574054e-01 6.283905294227487559e-02
6.578782287621791625e-01 5.384462339926460867e-02
6.548693219261171317e-01 4.525011418294905274e-02
6.472982104695627070e-01 3.728923803314519031e-02
6.330922573472264059e-01 2.982214635567137159e-02
6.081170259950016144e-01 2.298981906767715369e-02
5.667313518618171120e-01 1.652945337756482613e-02
5.013543689727808506e-01 1.039605861822724339e-02
4.079827427121980876e-01 4.709078516729035650e-03
2.263508408849230213e-01 0.000000000000000000e+00
