-7.178032326106318362e-01 -9.888884549089002052e-01
-6.770972966473722821e-01 -9.558797307165320944e-01
-6.389537421688326058e-01 -9.095107029320180780e-01
-6.048042363894098328e-01 -8.530792059381684389e-01
-5.755303906687032622e-01 -7.892937954511145549e-01
-5.510018385200141644e-01 -7.215031720621447597e-01
-5.304928155580961313e-01 -6.510583447401337986e-01
-5.132750489399251492e-01 -5.793902390648889567e-01
-4.983266190515712735e-01 -5.081064197358665657e-01
-4.848733170448291108e-01 -4.379062579064104677e-01
-4.718789433675414369e-01 -3.693823490964978085e-01
-4.583311329842180148e-01 -3.034099024844046366e-01
-4.436058447195598831e-01 -2.402589743460234462e-01
-4.274396127652968502e-01 -1.805036181888575730e-01
-4.097978234161492317e-01 -1.243417424056720705e-01
-3.909457020824803064e-01 -7.222490698503519768e-02
-3.709756525673302829e-01 -2.408562351496778414e-02
-3.498105946378977094e-01 2.008749869902020854e-02
-3.276051209861376989e-01 6.015866569069277386e-02
-3.043852695604596925e-01 9.640271540985453913e-02
-2.804882215096395348e-01 1.289889652123630270e-01
-2.564209653248830656e-01 1.581369029604041687e-01
-2.326535205548861396e-01 1.840882995400492106e-01
-2.096980385199488095e-01 2.070674040778468783e-01
-1.878685106369132052e-01 2.272828327986380903e-01
-1.672645653613523131e-01 2.449744359469761823e-01
-1.478258629264716517e-01 2.604046836888087579e-01
-1.295249047684633448e-01 2.737907303149945681e-01
-1.121481724827134430e-01 2.849538848159355320e-01
-9.491973589344834816e-02 2.943837799309661496e-01
-7.793355880407500103e-02 3.024219758966454341e-01
-6.090763195127260610e-02 3.095971007590839763e-01
-4.454952288107882213e-02 3.151807705031862694e-01
-2.718118235256428844e-02 3.200120095982169066e-01
-1.088559847130718232e-02 3.238192773864987939e-01
4.796741682144506878e-03 3.267289090698087262e-01
1.992202631017140832e-02 3.291737982929625050e-01
3.415133075102679688e-02 3.308497934998010370e-01
4.819603092171571151e-02 3.324520912064976574e-01
6.141603700343627181e-02 3.335186239101632921e-01
7.397030449084628090e-02 3.344052946522040881e-01
8.565062453953604937e-02 3.346976521365087054e-01
9.571359870719774177e-02 3.344906682125974862e-01
1.039689261542162957e-01 3.339408626921552270e-01
1.106251651176667211e-01 3.328620059661716035e-01
1.164925191077775674e-01 3.316620620916205797e-01
1.216589201149082949e-01 3.298684973346380778e-01
1.267742815603533357e-01 3.279056386663926070e-01
1.313370054323466096e-01 3.255607412236782294e-01
1.358056130613480017e-01 3.231629439809629023e-01
1.387851262939909791e-01 3.200059646925247914e-01
1.411461257023119975e-01 3.167125340063215444e-01
1.428299084668846752e-01 3.131601810220403515e-01
1.445528545443585944e-01 3.095400329173920162e-01
1.466163399959257430e-01 3.060899485623757021e-01
1.484419742037005052e-01 3.023226571151652053e-01
1.502845226780193388e-01 2.984439041081677901e-01
1.526185220170425128e-01 2.944749772900349116e-01
1.551619226840080523e-01 2.905807824245180138e-01
1.574915956698538233e-01 2.863495357533091812e-01
1.601912360236549260e-01 2.821733666422449049e-01
1.608651242645514901e-01 2.773124865902986680e-01
1.616203817813814947e-01 2.725977875678874396e-01
1.618166427374369554e-01 2.676153948353995893e-01
1.624100414464801634e-01 2.627990580971343304e-01
1.629156479261434365e-01 2.578367164648455168e-01
1.629433883594469112e-01 2.527790232155394112e-01
1.622017190195451375e-01 2.476459171375842983e-01
1.621098594220333200e-01 2.428883622211208126e-01
1.615781043465109867e-01 2.381460672461589989e-01
1.605061366833689662e-01 2.334815659580903313e-01
1.592838786737052481e-01 2.290609150449425258e-01
1.584178903693435891e-01 2.249199777357340502e-01
1.565203779742941614e-01 2.203140634985273072e-01
1.539157278778225113e-01 2.156511745473254082e-01
1.511547938278773873e-01 2.111053068347600314e-01
1.476311015093000056e-01 2.063207923025418000e-01
1.438331569309368729e-01 2.014328872153146044e-01
1.397110152640905767e-01 1.963705281752775866e-01
1.350400804533971322e-01 1.914266005295870432e-01
1.289993959147326952e-01 1.861188628324607353e-01
1.230150961471069004e-01 1.808191155092600533e-01
1.168327009109302872e-01 1.753124981022865791e-01
1.107597548557612277e-01 1.698065605318755666e-01
1.039076609360021636e-01 1.639012164184394660e-01
9.700703264471564891e-02 1.578764050852861089e-01
8.973445018385997618e-02 1.512076663114345354e-01
8.247456322123274119e-02 1.447139766626961144e-01
7.403393533208624255e-02 1.380650177924535593e-01
6.568033869822745285e-02 1.314865135726197287e-01
5.647550315733491921e-02 1.248873835892594930e-01
4.668207149583022270e-02 1.181215456700630134e-01
3.698797233366116904e-02 1.116355520103251980e-01
2.708282449026155891e-02 1.054718159747561057e-01
1.737359367676594851e-02 9.943024531757992113e-02
8.297259252302832677e-03 9.334494324731808235e-02
-3.666427776938732523e-04 8.746298530106728919e-02
-8.599939546198710413e-03 8.153851374402855401e-02
-1.643615813517067606e-02 7.564747164989581163e-02
-2.398358386454330082e-02 6.986465362828848946e-02
-3.078391653159420760e-02 6.372531012360684033e-02
-3.678999961648020400e-02 5.750840248238459768e-02
-4.253992278387303677e-02 5.150783169919234683e-02
-4.727566635312450277e-02 4.523635733464862613e-02
-5.213512531864721716e-02 3.909553058726933372e-02
-5.602760362825981444e-02 3.316702689346052307e-02
-5.872494105380433871e-02 2.752092156632606965e-02
-6.132888565027171807e-02 2.201097491603396655e-02
-6.363603298119807627e-02 1.679724489293277917e-02
-6.509491453626670143e-02 1.191284634802200135e-02
-6.641046495361027646e-02 7.098254758571679451e-03
-6.763443087097657791e-02 2.197108307474531213e-03
-6.891180038462547952e-02 -2.766857843869140101e-03
-6.995896357746186900e-02 -7.791646802421696959e-03
-7.099032035834611232e-02 -1.229430819875487919e-02
-7.200292839276711820e-02 -1.652789651502078322e-02
-7.268043820648791009e-02 -2.074077731699785002e-02
-7.311564216787379278e-02 -2.481890608849373486e-02
-7.341812996070530561e-02 -2.838057176828133465e-02
-7.364793837602015558e-02 -3.184691775348777454e-02
-7.401994384181388720e-02 -3.530708960217835563e-02
-7.282577867919587389e-02 -3.840061062525019359e-02
-7.074692416650316118e-02 -4.132768569304663686e-02
-6.868298410790631137e-02 -4.425847975668399659e-02
-6.615437975293164685e-02 -4.693184875799278483e-02
-6.262646498200870326e-02 -4.825996307276010644e-02
-5.917909610105721863e-02 -4.961209651586488689e-02
-5.551583463368833099e-02 -5.086355895734101518e-02
-5.175399117399758636e-02 -5.166123688183531931e-02
-4.814012997555297546e-02 -5.219788028656116574e-02
-4.448526098306495452e-02 -5.263201774385780490e-02
-4.078775986311670987e-02 -5.315383800017805388e-02
-3.791024265864919446e-02 -5.342946307280751345e-02
-3.580248314002274640e-02 -5.341722078766503873e-02
-3.158794924020004447e-02 -5.387952679276721696e-02
-2.748024915770811219e-02 -5.437899886155456858e-02
-2.456116316389348256e-02 -5.491755980906813661e-02
-2.237026242091848249e-02 -5.545072217901328426e-02
-2.019452829330512303e-02 -5.601245853285735654e-02
-1.816321054752894834e-02 -5.660904938634916950e-02
-1.658799447141934627e-02 -5.707749926992308070e-02
-1.597650783036660277e-02 -5.730869629542282434e-02
-1.540858092926646397e-02 -5.755265087599486379e-02
-1.631895955376745644e-02 -5.785570577133873627e-02
-1.800810716076848075e-02 -5.783166219371078248e-02
-1.942588255822246326e-02 -5.705612422912383075e-02
-2.077908764751253828e-02 -5.633165669182813723e-02
-2.231626883170994072e-02 -5.554054147649655632e-02
-2.400154049720737079e-02 -5.468665156420509516e-02
-2.594992658602322810e-02 -5.350366858566497213e-02
-2.823195286686842539e-02 -5.199031159321026996e-02
-3.063153789680478009e-02 -5.042590439579155981e-02
-3.294131100814006591e-02 -4.888065298610296677e-02
-3.448124961635525704e-02 -4.715656894356193979e-02
-3.641692831164927008e-02 -4.498369095988589278e-02
-3.840171799236610783e-02 -4.280217580557769269e-02
-4.046208511853646023e-02 -4.057628407061374121e-02
-4.258046438885594587e-02 -3.811507072440449562e-02
-4.491069156411637425e-02 -3.546045647137316403e-02
-4.772037540519121629e-02 -3.227650556121610531e-02
-5.078752603489087442e-02 -2.868403846496007589e-02
-5.398621187645785691e-02 -2.491563276220692610e-02
-5.750831895459821569e-02 -2.100200133197813873e-02
-6.191285966664312329e-02 -1.681730430064471218e-02
-6.637162052947043200e-02 -1.178845543138294129e-02
-7.092454824366196953e-02 -6.427787699263365871e-03
-7.571924878211301613e-02 -9.308902252470204440e-04
-8.065848411217750591e-02 4.855853808700878217e-03
-8.582211950589319072e-02 1.091858551174748095e-02
-9.069923325176769413e-02 1.730566648885957862e-02
-9.470725428473773799e-02 2.419777527204586623e-02
-9.872498563401485572e-02 3.146920646043762509e-02
-1.029572478671646057e-01 3.900141941164147336e-02
-1.068014904208803434e-01 4.656085819074683857e-02
-1.104769717348903085e-01 5.442721834070597675e-02
-1.124824063708407401e-01 6.234203300723926977e-02
-1.146134592713045908e-01 7.053486080090527743e-02
-1.168348111511154225e-01 7.899283096689141415e-02
-1.188574002610041924e-01 8.768594028678471097e-02
-1.207528549631017301e-01 9.659181465646687892e-02
-1.206609310037905225e-01 1.049219351250621074e-01
-1.192928336698969582e-01 1.129475073434351440e-01
-1.178360426094606922e-01 1.211788004050151357e-01
-1.164449739770087033e-01 1.297121202928161743e-01
-1.153247569131606448e-01 1.386793492857838483e-01
-1.130638248882985808e-01 1.464062680813582595e-01
-1.102471676506456139e-01 1.535192264526696881e-01
-1.074480883885955557e-01 1.609647469109026785e-01
-1.043069584228711599e-01 1.684639056626936748e-01
-1.009019408879387319e-01 1.761787220988425551e-01
-9.711542037056762611e-02 1.832835713773139918e-01
-9.291289655355051968e-02 1.898764214042986120e-01
-8.825476427518078038e-02 1.964045855240523775e-01
-8.341977167630879042e-02 2.030725215443331955e-01
-7.827018283919230657e-02 2.099364468383496385e-01
-7.177626793270029670e-02 2.160113123387128464e-01
-6.433925351239554169e-02 2.213410217095301280e-01
-5.681325858362429315e-02 2.268104617219204033e-01
-4.874549519042390561e-02 2.322945642150357481e-01
-3.990496427486082270e-02 2.377718979289692447e-01
-3.031986308107184266e-02 2.429047486506527020e-01
-1.951720484986399842e-02 2.471696657984262524e-01
-8.066551023995708128e-03 2.514284275760307330e-01
3.984322790895426618e-03 2.556571847866776492e-01
1.639221509302513091e-02 2.599648255152307019e-01
2.900908055992441545e-02 2.639929443737252246e-01
4.161052636130195548e-02 2.669937213327576719e-01
5.453206330162982396e-02 2.701186640627101232e-01
6.779667660248599181e-02 2.732722741419643664e-01
8.115115882924696378e-02 2.762349899052337077e-01
9.366897499991229392e-02 2.788038060243089866e-01
1.038748175252434680e-01 2.805120417529553545e-01
1.143420803394113450e-01 2.822411133683618845e-01
1.246503043155270524e-01 2.838374371410232744e-01
1.353763538732133398e-01 2.855379128116014575e-01
1.450408409679273536e-01 2.869318584300738495e-01
1.528784727803093324e-01 2.878027332481780109e-01
1.609698429137799702e-01 2.886738010160234680e-01
1.691682750450266282e-01 2.895245870722461534e-01
1.773721559668990366e-01 2.903333134452784625e-01
1.844150388020582287e-01 2.907135636923107724e-01
1.907171203978227370e-01 2.908157606388669381e-01
1.973002565626758020e-01 2.910093847770633957e-01
2.036727063805847115e-01 2.910561495633272600e-01
2.099228223832541596e-01 2.910780723359501776e-01
2.147450761188116064e-01 2.908803230799645312e-01
2.189515021671099293e-01 2.905693949414507871e-01
2.231908030925872366e-01 2.902461733634983387e-01
2.275202807289067042e-01 2.899179319842042357e-01
2.314114743838596722e-01 2.896029499615146441e-01
2.343099551064196095e-01 2.893339992542748318e-01
2.371323353624295305e-01 2.890696560816231053e-01
2.399661238026801480e-01 2.887996813513872274e-01
2.428343817291427620e-01 2.885243268073353073e-01
2.446869919623513578e-01 2.881657779497316385e-01
2.458176329080316302e-01 2.877493391085538255e-01
2.468550013800060727e-01 2.872939952360614724e-01
2.478066011906418231e-01 2.868046131287188549e-01
2.487105847118968593e-01 2.863132761753167665e-01
2.482565645865332238e-01 2.856114810306173424e-01
2.472785623472794903e-01 2.847815541357074931e-01
2.462981057253058881e-01 2.839441709535631686e-01
2.452159783453699837e-01 2.830956202426972435e-01
2.443644101199307361e-01 2.823192652644785916e-01
2.438100820947895764e-01 2.816331546672577457e-01
2.432119649177404974e-01 2.809290767514093234e-01
2.427220289553345123e-01 2.802463000713927843e-01
2.424855140999372383e-01 2.796268754788369115e-01
2.437925680648682092e-01 2.796055794036883535e-01
2.454752436089732703e-01 2.797226126144285452e-01
2.472138704345967219e-01 2.799273778458563067e-01
2.489806919459744972e-01 2.800747345867526938e-01
2.503664262552203756e-01 2.803477825401962109e-01
2.511749420175554137e-01 2.807334448987374720e-01
2.519377920126400494e-01 2.811191577592018764e-01
2.527930712645187761e-01 2.814902721265596930e-01
2.533217218105068280e-01 2.817757516049330668e-01
2.528808830723733858e-01 2.819023115783546585e-01
2.523638451304623387e-01 2.820286136676514177e-01
2.518007105399783230e-01 2.821428203860144035e-01
2.511483461020150298e-01 2.822047143651058021e-01
2.499331883214823136e-01 2.823415303518567732e-01
2.485019892697126753e-01 2.825042828110052584e-01
2.470958808631890657e-01 2.826852265536807240e-01
2.455818517110938404e-01 2.828177934357222756e-01
2.447041453034850822e-01 2.833131275182805275e-01
2.445674032239175122e-01 2.841692900336116323e-01
2.444902865021942873e-01 2.850516126447809606e-01
2.443258636731903410e-01 2.859182673086847482e-01
2.447459630035141720e-01 2.870589474541807018e-01
2.461135360208346057e-01 2.885933489814986319e-01
2.475288065178262165e-01 2.901607454119919938e-01
2.489884852637564150e-01 2.917535800882564700e-01
2.508825973686261146e-01 2.935268533371927502e-01
2.533840580226974781e-01 2.956042855863415530e-01
2.559848711349450023e-01 2.977400978182906388e-01
2.587080400959211324e-01 2.999177312848061439e-01
2.615308145781924942e-01 3.021917588464737014e-01
2.645629465378085965e-01 3.047234696398310461e-01
2.677792278157575812e-01 3.073519929643375170e-01
2.711021895293052042e-01 3.100304948865824084e-01
2.744503225546932601e-01 3.127679481574516251e-01
2.777880900596961244e-01 3.157039935862920310e-01
2.812374942220216001e-01 3.187283941851367652e-01
2.848821918518271712e-01 3.218079764938303611e-01
2.884000124791591957e-01 3.252016837078627320e-01
2.914688963979464864e-01 3.291842924498730172e-01
2.946996547157254009e-01 3.331822261479437386e-01
2.979529302150270009e-01 3.372961542780762434e-01
3.009188148602616186e-01 3.417719952001024852e-01
3.039673123501678842e-01 3.463486098895311449e-01
3.071165104364800280e-01 3.510060764226748398e-01
3.104072558160217432e-01 3.558850008532672970e-01
3.138282648748265125e-01 3.609924570477293648e-01
3.173846293372125094e-01 3.662461539552196443e-01
3.210429128224718265e-01 3.715925340575224611e-01
3.240722815379474264e-01 3.772031799592562851e-01
3.268244759400238397e-01 3.830229781096761710e-01
3.297246018318654159e-01 3.889412749020670357e-01
3.324228327281796291e-01 3.949665146196876808e-01
3.340049031182555916e-01 4.010820986581359326e-01
3.355238878731538477e-01 4.073032137413080678e-01
3.371071829322966895e-01 4.136528703835742893e-01
3.383992920540556115e-01 4.201675849653866979e-01
3.390158401943782485e-01 4.268975642973601436e-01
3.397132905910134060e-01 4.337486162678070856e-01
3.404330417192635849e-01 4.407372914806643172e-01
3.402458815671376424e-01 4.478996073902985486e-01
3.395184734123875558e-01 4.551957132679859130e-01
3.386649865727068276e-01 4.626127882207114461e-01
3.377776449466038389e-01 4.701795449672014349e-01
3.345172522864881537e-01 4.776126575533991558e-01
3.307368682994527020e-01 4.851171901619947269e-01
3.267010338062725783e-01 4.927325865662368076e-01
3.220848882525716994e-01 5.003865037056310916e-01
3.163659266697562700e-01 5.079357947246727623e-01
3.102196406753433000e-01 5.155518881681132592e-01
3.036897096884161873e-01 5.232631370348029831e-01
2.969586132474205109e-01 5.309955697971635580e-01
2.898227020498036488e-01 5.387581099296633314e-01
2.821202218075766766e-01 5.465846989462491701e-01
2.739535012521178148e-01 5.544165042378511599e-01
2.653267848098811998e-01 5.621503592246922532e-01
2.560076720468462685e-01 5.698289646190966007e-01
2.458648735018330311e-01 5.774540795144502692e-01
2.343837255396243879e-01 5.847936985279618138e-01
2.214689061138044313e-01 5.917620154897987872e-01
2.074420763608833818e-01 5.985649384071057844e-01
1.920151075621627512e-01 6.049972090898461108e-01
1.747656507405953574e-01 6.105244118659928221e-01
1.560373798018938052e-01 6.156695887620486918e-01
1.359195781047860818e-01 6.203441223726601228e-01
1.147699402763293491e-01 6.239175493740600764e-01
9.217972154686145114e-02 6.267243278445467913e-01
6.813279368222270593e-02 6.288634604302564268e-01
4.228529508232489048e-02 6.297087724701462275e-01
1.487286233808397980e-02 6.293603670631322533e-01
-1.354108549416146133e-02 6.282626271433754406e-01
-4.475053033272261699e-02 6.252820379679789875e-01
-7.704965277246898780e-02 6.209966296425639687e-01
-1.097167201058565078e-01 6.156415749332228016e-01
-1.435463239738717922e-01 6.081731889633682497e-01
-1.771542795638750556e-01 5.994303104951399508e-01
-2.100111980291087810e-01 5.893571351440468620e-01
-2.418680731919166382e-01 5.770858290309690553e-01
-2.724462675608246842e-01 5.638779686797933399e-01
-3.009066382083707691e-01 5.488876938453133292e-01
-3.275286436250472999e-01 5.325922627598516090e-01
-3.521248552466554882e-01 5.151820956013928310e-01
-3.739422675877159818e-01 4.962518485294349357e-01
-3.943422631934308531e-01 4.765991995557075644e-01
-4.113527812985383059e-01 4.556224734790653708e-01
-4.267618736399290680e-01 4.340090964281744235e-01
-4.395449585620251898e-01 4.113261790761338910e-01
-4.507000385973877199e-01 3.880139788201786288e-01
-4.593521439208342327e-01 3.637320325796487008e-01
-4.668488709018259186e-01 3.389573748969406664e-01
-4.725711152979153451e-01 3.131211851536231938e-01
-4.772482335408079201e-01 2.864280413172600737e-01
-4.810244243512916684e-01 2.589955850509027546e-01
-4.839282490098613110e-01 2.303161767204551791e-01
-4.862493786505808768e-01 2.008705269268157290e-01
-4.877970927696906323e-01 1.701768838321215671e-01
-4.887765951270858222e-01 1.387087282935621224e-01
-4.885276792321699979e-01 1.060905523883270696e-01
-4.873649896933653358e-01 7.271113348206936777e-02
-4.849637936776801106e-01 3.838965794002874993e-02
-4.811969127375707034e-01 2.986189173399781717e-03
-4.764347279984871841e-01 -3.320007694618073990e-02
-4.704448308210209539e-01 -7.029249589462967240e-02
-4.627160673413660552e-01 -1.085962001751454437e-01
-4.534534718917812568e-01 -1.477905063710061584e-01
-4.422841139424839585e-01 -1.879868984038193802e-01
-4.289280906774809443e-01 -2.292370332160009183e-01
-4.130961084756889501e-01 -2.715132243106265220e-01
-3.943458790786222856e-01 -3.148389450140687273e-01
-3.726384403290659009e-01 -3.591020278233812424e-01
-3.478038864476847847e-01 -4.040262820683476197e-01
-3.196372072800765518e-01 -4.495495498942397306e-01
-2.879781802208509212e-01 -4.953268272191133637e-01
-2.524731009959558792e-01 -5.411522535015592661e-01
-2.133759942988059932e-01 -5.866683980681050015e-01
-1.710147994604312716e-01 -6.313047248238510267e-01
-1.252011124185898328e-01 -6.747471796289707946e-01
-7.567081685521970247e-02 -7.163562293864851327e-01
-2.300169324960103096e-02 -7.559378708709949546e-01
3.218269013822453589e-02 -7.929646609406147961e-01
8.900641456139420093e-02 -8.269870449037867166e-01
1.467463255138836131e-01 -8.576195400872235197e-01
2.039265211515709220e-01 -8.843913458678792638e-01
2.587435138049248295e-01 -9.076724601614603039e-01
3.086469013971236963e-01 -9.270109243266515531e-01
3.510441230814272395e-01 -9.429309195671471411e-01
3.817693007122801019e-01 -9.556754742923607715e-01
3.958909437910379525e-01 -9.657807536311198149e-01
3.867034084603813704e-01 -9.740136042295666208e-01
3.439809160810740618e-01 -9.809235445268967846e-01
2.554471904411578786e-01 -9.877027408749784465e-01
1.074803858460116335e-01 -9.945842430593391237e-01
-1.876301961997410839e-01 -1.000000000000000000e+00
