-8.077837522928652536e-01 -9.893929945601117604e-01
-8.631300602873425154e-01 -9.582827938026842185e-01
-9.022258901192847791e-01 -9.125729591135984808e-01
-9.262520347359967099e-01 -8.562395565758689209e-01
-9.408606882592484011e-01 -7.929009471035979306e-01
-9.496354669310310692e-01 -7.259177035873405348e-01
-9.551590691961550084e-01 -6.573217894485461343e-01
-9.588902988643788206e-01 -5.889228865488725928e-01
-9.617285747508087512e-01 -5.220018884451704810e-01
-9.643647414177316524e-01 -4.575403641558524193e-01
-9.673365253548179554e-01 -3.960370360748195484e-01
-9.710957746712677308e-01 -3.378011820309168023e-01
-9.760542370828101388e-01 -2.831295799268742086e-01
-9.824276357353929345e-01 -2.320822017278348082e-01
-9.904894475663584830e-01 -1.846737000237482218e-01
-9.998102726533123485e-01 -1.409846279512210754e-01
-9.884458740886540307e-01 -1.008480256123283347e-01
-9.753523738838566493e-01 -6.424941255241274629e-02
-9.605715086761413835e-01 -3.106080208667881884e-02
-9.440305800156532090e-01 -1.027175032926000214e-03
-9.256456171261142618e-01 2.602049392565074573e-02
-9.054284995794994462e-01 5.025011859815300269e-02
-8.835410393521250239e-01 7.181200844120018412e-02
-8.602945396576044956e-01 9.085551253641205305e-02
-8.361345586706266930e-01 1.075147451356857214e-01
-8.114534306330066782e-01 1.219284424595894062e-01
-7.865210141514578090e-01 1.341952969343900015e-01
-7.618141969573281047e-01 1.446821597000763071e-01
-7.369553481195935118e-01 1.532736866414412258e-01
-7.125432771297749435e-01 1.601945895163325029e-01
-6.882180749600219638e-01 1.657606705145046044e-01
-6.639518666253587664e-01 1.698469819202010067e-01
-6.399928554470299957e-01 1.725450930601587496e-01
-6.162436057587481475e-01 1.742394180667714010e-01
-5.931595942139405997e-01 1.747915377307328599e-01
-5.704897053609699897e-01 1.745576890345702514e-01
-5.490520635048948828e-01 1.735039008271458127e-01
-5.284895708682382232e-01 1.719273361448592219e-01
-5.091453846375117998e-01 1.696576605598521525e-01
-4.908048756719451400e-01 1.670914365021325954e-01
-4.735716600112571117e-01 1.638376161818005661e-01
-4.570095073357270388e-01 1.602731626239864704e-01
-4.411114712708156249e-01 1.560810084410516330e-01
-4.257093903489165831e-01 1.517123236270549735e-01
-4.107910167799475598e-01 1.472197362386151454e-01
-3.968286234399185375e-01 1.424365791101838141e-01
-3.835421943999051675e-01 1.375917609009756348e-01
-3.712591409531363906e-01 1.324662908485036983e-01
-3.599523307886030588e-01 1.271690555393456268e-01
-3.494904667951683752e-01 1.218387129077957987e-01
-3.400284213934070543e-01 1.163427693814710895e-01
-3.310650490115800704e-01 1.109575153792610180e-01
-3.225105313292465081e-01 1.057053672687962159e-01
-3.141977855978484446e-01 1.004927756052234472e-01
-3.058196031500967083e-01 9.530259206831970253e-02
-2.975953000728763231e-01 9.022587799687589727e-02
-2.895197185440491205e-01 8.532832474765790487e-02
-2.817161579494326662e-01 8.041838142555368663e-02
-2.741637446344942775e-01 7.553501730420464355e-02
-2.667722903460267303e-01 7.123375405126265714e-02
-2.595498565807259350e-01 6.690377834369717891e-02
-2.521990446429945298e-01 6.232661379835269938e-02
-2.448644800868971516e-01 5.792699044666838049e-02
-2.373296791202020584e-01 5.421060089315640068e-02
-2.298321231544906973e-01 5.000135678022289004e-02
-2.222731780310379657e-01 4.490562153573645493e-02
-2.150037905848252995e-01 4.103454400516489547e-02
-2.078981266243598303e-01 3.762980953156077474e-02
-2.011708415589390786e-01 3.210553045749860862e-02
-1.948456290872618568e-01 2.700615162071499584e-02
-1.892842528274295000e-01 2.361062580110660433e-02
-1.833401596534851574e-01 1.899024607630673059e-02
-1.772084984025704413e-01 1.327104307882806013e-02
-1.731537873822279749e-01 1.023520548013263400e-02
-1.689333495748266689e-01 6.374956294635809873e-03
-1.643633341185498364e-01 4.644292219402210652e-04
-1.604881667240841137e-01 -3.064296649607265322e-03
-1.570828769883197140e-01 -6.252354819926559705e-03
-1.529394519273065689e-01 -1.075668417092682551e-02
-1.488545006167278917e-01 -1.464080321200453803e-02
-1.445898398474466939e-01 -1.745012675005961494e-02
-1.404074740509729247e-01 -2.060939339529451256e-02
-1.360794510763323750e-01 -2.400157631839523048e-02
-1.322068343502639243e-01 -2.689095451379633697e-02
-1.283750490227173191e-01 -2.948697089389259660e-02
-1.254630679977240537e-01 -3.244066430000086543e-02
-1.228043870103268376e-01 -3.542624075540604101e-02
-1.214100454594456285e-01 -3.853123244126969299e-02
-1.204346199725198768e-01 -4.162647160733837920e-02
-1.200262126739290586e-01 -4.486852764359920698e-02
-1.197800260665050354e-01 -4.814644480585263814e-02
-1.197140121402615609e-01 -5.129843177855678699e-02
-1.197664357089208154e-01 -5.436027122986441390e-02
-1.197820872566674744e-01 -5.742683557744094475e-02
-1.196569116358565804e-01 -6.044353335832792357e-02
-1.194367957405971514e-01 -6.341567508420008215e-02
-1.188434617225231915e-01 -6.626370112414023406e-02
-1.182095304860576596e-01 -6.911937414121337164e-02
-1.169127823734734117e-01 -7.187926712641218296e-02
-1.155900502844099814e-01 -7.463220584509050459e-02
-1.138886012375659174e-01 -7.725970716842804620e-02
-1.116795540974964140e-01 -7.969515919567324302e-02
-1.095713123552848611e-01 -8.217362364805186337e-02
-1.068161181796681153e-01 -8.443507781097497888e-02
-1.042065958648523832e-01 -8.680266413060228059e-02
-1.013334343107033381e-01 -8.902779295711213403e-02
-9.792731539779588046e-02 -9.095293988743409497e-02
-9.451528460133669374e-02 -9.287064338981204648e-02
-9.107364548967360196e-02 -9.479377191280882742e-02
-8.747264340375977831e-02 -9.664793059603454806e-02
-8.383749888272609696e-02 -9.857370927708813957e-02
-8.106434404427394214e-02 -1.001829217028757796e-01
-7.871651422705946977e-02 -1.018450879102509726e-01
-7.641224978709620919e-02 -1.035022433729912428e-01
-7.456954853243180636e-02 -1.049512896477012291e-01
-7.294260675385630388e-02 -1.062861627239875539e-01
-7.132286488964559301e-02 -1.076644605293716750e-01
-6.942431713999823450e-02 -1.084745385210777180e-01
-6.740034172169140358e-02 -1.090694355972036678e-01
-6.552626189316174132e-02 -1.096439747903498463e-01
-6.295088623107221448e-02 -1.105879220041519895e-01
-6.033781973515202346e-02 -1.117150905522812515e-01
-5.777113671348166335e-02 -1.129340296092930518e-01
-5.523016122462474226e-02 -1.136036199622799253e-01
-5.279562105773153574e-02 -1.138128146747933722e-01
-5.038268715405228720e-02 -1.140505397772593882e-01
-4.799568012843535847e-02 -1.144421913999379703e-01
-4.532661770962307518e-02 -1.149911702315794676e-01
-4.263931640764602460e-02 -1.155660784211338110e-01
-3.994300734690984372e-02 -1.161762907134512302e-01
-3.747308617381928803e-02 -1.158242438157780219e-01
-3.505685308345413836e-02 -1.149588703252204663e-01
-3.260396952641866214e-02 -1.141385708928017162e-01
-3.002816718223292811e-02 -1.134008244424336564e-01
-2.700642650517181415e-02 -1.133031567144377472e-01
-2.400197571103533309e-02 -1.131889897692872071e-01
-2.082854494238713799e-02 -1.131481253378817109e-01
-1.857149105908839984e-02 -1.122876436506199810e-01
-1.715804843013427755e-02 -1.107164250141261658e-01
-1.545404450268448270e-02 -1.091199772847451649e-01
-1.380058826658405943e-02 -1.073752576710797352e-01
-1.208458758187151878e-02 -1.068587547013508388e-01
-1.037833928065084489e-02 -1.069293965974369709e-01
-9.060000197406971323e-03 -1.070223808587175418e-01
-7.782923418839489751e-03 -1.071000803860743672e-01
-6.967563995805157485e-03 -1.069347068339790846e-01
-6.474180641600752947e-03 -1.066749921868707096e-01
-5.941094803214523601e-03 -1.064383694005302111e-01
-5.551022297242308098e-03 -1.062561855689547197e-01
-3.101863067597192009e-03 -1.055978330110080299e-01
1.603976664051385073e-03 -1.043941365529715282e-01
6.174049600476219125e-03 -1.031971939092470175e-01
1.088116912761551321e-02 -1.019873240534829306e-01
1.486890895657901578e-02 -1.007789049938351833e-01
1.723882608362020674e-02 -9.954630220905862081e-02
1.973342185852448513e-02 -9.829210592085900478e-02
2.225331484940961183e-02 -9.703339170249430934e-02
2.520063632227710973e-02 -9.573630852584305573e-02
2.964026328802662688e-02 -9.442511746150766827e-02
3.459492552495841561e-02 -9.310946047527718372e-02
3.959814453665496531e-02 -9.178177657005388845e-02
4.471062736209794469e-02 -9.043774935298108664e-02
4.876223461840822199e-02 -8.877200398028889383e-02
5.202505002974752019e-02 -8.678121453104244154e-02
5.568867236200101406e-02 -8.480727057348719233e-02
5.939214976903445936e-02 -8.280067447820974036e-02
6.325576525071771594e-02 -8.084506330651647366e-02
6.738776829107299970e-02 -7.908825904666608175e-02
7.152427571775504811e-02 -7.730206263581101966e-02
7.573891994498517521e-02 -7.549953580372835427e-02
7.983041154509458448e-02 -7.372361290315120053e-02
8.222140447568342114e-02 -7.157834899732692935e-02
8.421862006038578763e-02 -6.932338561961313983e-02
8.637576017611543755e-02 -6.704596326729628242e-02
8.855791342663471566e-02 -6.474388720594266566e-02
9.040432861574454471e-02 -6.260513357215020946e-02
9.187258937912622103e-02 -6.060520340020657259e-02
9.335901898412851674e-02 -5.856205115339767342e-02
9.488624568232273404e-02 -5.649263189065492630e-02
9.652430693794099292e-02 -5.432587213487288791e-02
9.757780113338292149e-02 -5.183243569627138392e-02
9.874403323510737296e-02 -4.931835686798580198e-02
9.988521632256310012e-02 -4.678016613969387949e-02
1.009921904952635618e-01 -4.430164248267060706e-02
1.030217428544415587e-01 -4.191502190675547301e-02
1.051876257636916584e-01 -3.952142322297619997e-02
1.072215862273029341e-01 -3.710555355033624825e-02
1.093488934134924651e-01 -3.464766871451546021e-02
1.117471636656110351e-01 -3.223880642455489304e-02
1.142198731032643688e-01 -2.982868943823197005e-02
1.166248544911730467e-01 -2.735236702837314307e-02
1.189378246237839665e-01 -2.481040805498322191e-02
1.210580812760390923e-01 -2.218927821775614623e-02
1.246343356752599302e-01 -1.966254604970257835e-02
1.281345963161613366e-01 -1.707481660344664642e-02
1.317447653067804481e-01 -1.444037529790325770e-02
1.353800463032193979e-01 -1.174738449759914899e-02
1.378892437629722356e-01 -9.177866939056460865e-03
1.403760848983850174e-01 -6.561959207253089711e-03
1.430841948669459851e-01 -3.853495716962364662e-03
1.457768648408596102e-01 -1.122102256477399036e-03
1.477840863489972845e-01 1.309345392790983286e-03
1.492672617844590377e-01 3.508649672266930027e-03
1.507942033506825819e-01 5.797458578102901612e-03
1.529171162454528443e-01 7.963333739064566014e-03
1.555827039038181758e-01 1.016943387859868715e-02
1.588936371816026538e-01 1.268326751847598070e-02
1.622091513067752400e-01 1.523509672508740163e-02
1.656554076752972671e-01 1.782383666809096712e-02
1.692309399076783460e-01 2.044356380879030696e-02
1.727950764085131596e-01 2.312964225860205877e-02
1.765236653739335193e-01 2.591297923992113075e-02
1.805218379984275257e-01 2.883048051712439747e-02
1.845615146862484568e-01 3.177810664924884260e-02
1.873040271205072549e-01 3.413080290753933016e-02
1.888745340935325256e-01 3.597517329787486284e-02
1.907200504684114784e-01 3.791360840160225981e-02
1.918283970187814602e-01 4.007239732043443858e-02
1.926953071953900476e-01 4.231095950416025042e-02
1.929734651825616432e-01 4.384304128751104895e-02
1.933416187550429377e-01 4.545983327524094619e-02
1.936858824347096053e-01 4.709555801389274377e-02
1.939600740179740490e-01 4.877286434663314491e-02
1.954728575692879777e-01 5.049589159528266452e-02
1.972505907349401955e-01 5.224406361684173772e-02
1.989036860880041002e-01 5.397679027274146502e-02
2.006438522293681470e-01 5.575593586649319616e-02
2.028221026352425571e-01 5.773844055521084456e-02
2.055989806767200001e-01 5.994794034123041709e-02
2.084134429795905519e-01 6.219220027605817241e-02
2.116974298605549809e-01 6.436046122528747693e-02
2.157226032055292175e-01 6.632137325558072616e-02
2.208649475278438579e-01 6.849433837827013927e-02
2.260887824531209733e-01 7.071143702826017396e-02
2.314694346849082429e-01 7.297683000105797957e-02
2.369073560154043856e-01 7.521190027315614868e-02
2.429226782409098506e-01 7.795706487111991878e-02
2.492763487753314466e-01 8.094865159165241797e-02
2.556996904105905966e-01 8.394440646762073299e-02
2.623193648692771496e-01 8.700837799193746058e-02
2.688301416232349306e-01 9.007398042774085456e-02
2.747410974030604636e-01 9.302704146143070396e-02
2.806518676007613844e-01 9.600188803169018570e-02
2.867296969731150114e-01 9.900780925693836165e-02
2.925204307690011940e-01 1.023674884617700315e-01
2.965316679985326442e-01 1.060482632959716121e-01
3.005716241914113129e-01 1.098041563487088673e-01
3.046497972688375633e-01 1.136294484958920020e-01
3.091396197084292918e-01 1.175422621887158153e-01
3.126661256494123187e-01 1.210349916814697085e-01
3.152837678643042318e-01 1.241600572177312817e-01
3.180907003642933772e-01 1.273981101170206798e-01
3.210336931063924593e-01 1.307291437855893634e-01
3.238637787099599152e-01 1.340539430872853821e-01
3.254420908686820324e-01 1.370047940796099983e-01
3.271937506979499810e-01 1.401045650049778934e-01
3.289567438368595220e-01 1.432375565264971395e-01
3.307855717861654110e-01 1.464670700016832139e-01
3.325973740276508828e-01 1.488649499306769486e-01
3.351292499137644154e-01 1.505344552963014670e-01
3.376473690112760662e-01 1.522713999249625250e-01
3.402509328049856951e-01 1.540708817271967679e-01
3.427172895108056005e-01 1.559247111537832853e-01
3.448052413405467975e-01 1.576339761399721540e-01
3.469742190529975789e-01 1.593747620839031931e-01
3.491377095150653420e-01 1.611403628922798148e-01
3.515315411792554467e-01 1.632089565169784762e-01
3.545273512708387864e-01 1.660653370733526923e-01
3.574816636305882533e-01 1.689497703957859309e-01
3.605276079809013323e-01 1.718748927328417053e-01
3.636776650332939620e-01 1.750506786557878280e-01
3.668504183790433082e-01 1.785147068336214726e-01
3.700898443911755376e-01 1.820357521769247477e-01
3.733858533755115006e-01 1.856555987194745683e-01
3.763322476340820177e-01 1.895402076648076972e-01
3.791410969005492015e-01 1.934073164056496763e-01
3.820165317347597456e-01 1.973038278675959545e-01
3.850530321637804509e-01 2.012791969971435002e-01
3.874850464819948326e-01 2.051197859939491719e-01
3.888652796801411182e-01 2.087135591241794375e-01
3.901542024768035466e-01 2.123134552783957074e-01
3.915413177802691269e-01 2.159754650883536353e-01
3.927467553766285646e-01 2.196671705594640256e-01
3.932514712200534945e-01 2.233308007866999789e-01
3.936913824314794974e-01 2.270076524924391492e-01
3.941870193301382219e-01 2.307174276313120886e-01
3.945636421369075886e-01 2.344774329311817562e-01
3.942147460703330220e-01 2.384085266932202962e-01
3.935921115963610939e-01 2.424096915817146591e-01
3.929722310230243654e-01 2.464402567221015139e-01
3.924915289727914924e-01 2.502939786392385235e-01
3.919549761279143008e-01 2.537098850712206644e-01
3.909251847562359439e-01 2.571959037410639359e-01
3.898872671811770552e-01 2.606999171204797405e-01
3.888126600002248523e-01 2.642414674892728521e-01
3.873363709888215101e-01 2.678147855686244805e-01
3.846965509892181778e-01 2.713357435066684475e-01
3.817263602632360864e-01 2.748721804263483115e-01
3.786603848647604464e-01 2.784319978379506400e-01
3.754538788531925908e-01 2.820168896536268677e-01
3.711656599116208155e-01 2.854594730280530790e-01
3.660221241875241116e-01 2.887962082749001569e-01
3.606989455771873465e-01 2.921734186957939405e-01
3.552704119709052533e-01 2.955835086698320735e-01
3.491482234898942161e-01 2.987131447963798370e-01
3.416844286326116698e-01 3.013651903460109471e-01
3.339848683837916554e-01 3.040421029441834344e-01
3.260304816810949968e-01 3.067417011192419829e-01
3.174540911751554950e-01 3.097493670766401364e-01
3.077460481364683864e-01 3.122952532508725954e-01
2.975280748960633104e-01 3.146861145911425406e-01
2.870196507330020630e-01 3.170075237879813601e-01
2.761940316107942550e-01 3.192018681903011634e-01
2.644278922083899142e-01 3.210704499032244752e-01
2.519799059281024878e-01 3.227512514133429877e-01
2.392037690108407000e-01 3.243132061677686528e-01
2.261244180152684469e-01 3.257106996045308067e-01
2.120298031406016581e-01 3.269455390436143971e-01
1.972853358861732798e-01 3.279844496841713419e-01
1.822727788159716200e-01 3.288200078983495311e-01
1.667952336120350765e-01 3.294830835158855109e-01
1.509961485043997409e-01 3.298620693190200681e-01
1.349444471596794592e-01 3.299599671433212089e-01
1.186335419681230352e-01 3.297902220036759702e-01
1.018691308757277286e-01 3.293857340316165283e-01
8.547343279653916992e-02 3.282435642770144546e-01
6.887100781501645508e-02 3.267766809876628264e-01
5.208041237410350466e-02 3.249144437182255873e-01
3.552710729833673947e-02 3.221144419031135575e-01
1.966448063415493497e-02 3.181867802216713503e-01
3.656387930807808093e-03 3.139087563847386964e-01
-1.222093565915705754e-02 3.091547115591451456e-01
-2.596207473812798053e-02 3.030059570646647660e-01
-3.900724497702183491e-02 2.961228082954200924e-01
-5.209601576526060041e-02 2.888758049836262498e-01
-6.380889837500576534e-02 2.804428830155009655e-01
-7.430447634479649122e-02 2.709680115085963403e-01
-8.487514034626017501e-02 2.612063252052821971e-01
-9.463001982426051673e-02 2.500773011434008208e-01
-1.037019633535528479e-01 2.378365454591809813e-01
-1.126877935924918001e-01 2.254022765891849078e-01
-1.211478995204113146e-01 2.112192694331825604e-01
-1.293227022789173453e-01 1.962781719540555025e-01
-1.372251946071319229e-01 1.808207828679928020e-01
-1.446586561778717417e-01 1.638827147114921279e-01
-1.519216689284362265e-01 1.465932034161983033e-01
-1.581881956703129477e-01 1.281364631540588550e-01
-1.638597993852220769e-01 1.088486353481901425e-01
-1.685516600377373331e-01 8.898368767160234893e-02
-1.710535608550688980e-01 6.787164840118696529e-02
-1.729956604728969394e-01 4.647652593126275211e-02
-1.724121940842271439e-01 2.403692627392346043e-02
-1.713078640232843786e-01 1.470627584602156790e-03
-1.682759599888054014e-01 -2.175212673726048540e-02
-1.645155593381796011e-01 -4.515500956586721709e-02
-1.599710791790268094e-01 -6.883812937598630943e-02
-1.543004868527268758e-01 -9.268441725325887726e-02
-1.477625013717422942e-01 -1.166769505858809564e-01
-1.405074569457401279e-01 -1.407511201548020396e-01
-1.315543152896825330e-01 -1.650238488842280526e-01
-1.217503058324466703e-01 -1.891588935071207567e-01
-1.103960212331798196e-01 -2.132995211982911532e-01
-9.811943957734177435e-02 -2.372439786447398946e-01
-8.435179460212313685e-02 -2.611262040395785911e-01
-6.968531441505695923e-02 -2.848022878212250197e-01
-5.441553889845908432e-02 -3.082443914507967397e-01
-3.782412911138505196e-02 -3.317005278309069216e-01
-2.103462965447054633e-02 -3.548346899613918914e-01
-3.243860440768959845e-03 -3.779083692099161618e-01
1.533696515963379851e-02 -4.007507535476278471e-01
3.444567626836311791e-02 -4.232702545563533647e-01
5.432580608300717484e-02 -4.454223685843933245e-01
7.502288993519055926e-02 -4.672897455858485705e-01
9.604190459094914811e-02 -4.888454361084666466e-01
1.171773075522317409e-01 -5.100555027512480022e-01
1.383194581558189473e-01 -5.310307881976781275e-01
1.593547603115596789e-01 -5.519335572485810637e-01
1.799627160087009792e-01 -5.728012554104005005e-01
1.998837790130112702e-01 -5.937571232288899603e-01
2.189397070014758306e-01 -6.148116702360684194e-01
2.371422072801047942e-01 -6.360060346612064208e-01
2.545737285371248992e-01 -6.574270845368799243e-01
2.710531438675569671e-01 -6.789103923420748421e-01
2.866425046204633120e-01 -7.006790204413819723e-01
3.009236432224038360e-01 -7.226161998429967426e-01
3.135354979849673818e-01 -7.447052404679470605e-01
3.241513944079159049e-01 -7.669594020190668715e-01
3.324719087835818487e-01 -7.892468204068775472e-01
3.383137432605514139e-01 -8.115032492971729905e-01
3.413255254242298364e-01 -8.334880843480826362e-01
3.409812642868878529e-01 -8.548794234726257990e-01
3.366899589711937479e-01 -8.756511687440822200e-01
3.268148267962778797e-01 -8.954993375824522595e-01
3.078518772810758808e-01 -9.138841935347503664e-01
2.756776534550460234e-01 -9.311287030949628729e-01
2.221308158059589477e-01 -9.469072870906232176e-01
1.360596149128952825e-01 -9.618268625716223097e-01
2.741649624693049108e-03 -9.759913310330214919e-01
-1.850406872830063498e-01 -9.891248490029256324e-01
-5.472983182301539573e-01 -1.000000000000000000e+00
