-2.304620095573070293e-01 -9.980218783202526867e-01
-2.041240038101936605e-01 -9.862517298307459379e-01
-1.740364121735344938e-01 -9.690943546175674328e-01
-1.368966592680826433e-01 -9.459276101505054157e-01
-9.431969280630675412e-02 -9.171411620942939713e-01
-4.812795304028834320e-02 -8.829158308380252729e-01
-3.013899646436834514e-04 -8.440906961162384370e-01
4.796338865495116538e-02 -8.017564769213145759e-01
9.617885264961544001e-02 -7.565340282549587458e-01
1.439145061792497515e-01 -7.090944756073369604e-01
1.910865862909154334e-01 -6.600745804250295334e-01
2.376536476109983587e-01 -6.098151848077546511e-01
2.836956524720754547e-01 -5.588490533663522664e-01
3.293356228086882220e-01 -5.077228227794013948e-01
3.743854950186500385e-01 -4.564921697384783927e-01
4.187713407699116819e-01 -4.059216422160125126e-01
4.617257429057792240e-01 -3.563482254732774357e-01
5.032977142013389527e-01 -3.082524445834740612e-01
5.422960496302479116e-01 -2.621220722490215649e-01
5.769374586729331122e-01 -2.188809600797013144e-01
6.051231217629611248e-01 -1.794832186602542679e-01
6.239644965701357515e-01 -1.449915798096843844e-01
6.307026735259512185e-01 -1.163117896877310653e-01
6.237072980827859103e-01 -9.382229841487912947e-02
6.033983511954631451e-01 -7.701380871944348006e-02
5.716354582119507199e-01 -6.499708281696500722e-02
5.308309472342751523e-01 -5.667905113616973634e-02
4.836408828313260577e-01 -5.092501212996485005e-02
4.321972561326040685e-01 -4.688933669889969180e-02
3.780821019003600125e-01 -4.397046408736415141e-02
3.223619431169963967e-01 -4.181521716958267604e-02
2.657787327271518008e-01 -4.021796513475017071e-02
2.087209335627530915e-01 -3.901121149887894907e-02
1.515325630761824860e-01 -3.810073877969276379e-02
9.492349853094088352e-02 -3.748482881943909772e-02
3.886535586347640570e-02 -3.710745744934911688e-02
-1.684647317068456093e-02 -3.688877684828333753e-02
-7.199035303002712660e-02 -3.683688342718297731e-02
-1.262178766548169850e-01 -3.687890642508723227e-02
-1.796264870003370651e-01 -3.700644197469199481e-02
-2.324127505160374363e-01 -3.721111269479614875e-02
-2.841924972441858266e-01 -3.748353114353372012e-02
-3.347741804285753187e-01 -3.793394653550857809e-02
-3.846879191961026234e-01 -3.847013224670330078e-02
-4.332952919212663678e-01 -3.914688172576717695e-02
-4.811645028891576858e-01 -3.988291130115446947e-02
-5.275165410593051218e-01 -4.064931518960911844e-02
-5.727690667934060009e-01 -4.141501548979604347e-02
-6.166091448666461972e-01 -4.216400291806905037e-02
-6.589278072515486473e-01 -4.288811124408414832e-02
-7.002390047922125715e-01 -4.366801294105103481e-02
-7.400833079370682244e-01 -4.452496089368686988e-02
-7.789167464146988795e-01 -4.547128403049732759e-02
-8.163678978001045472e-01 -4.653439885771969153e-02
-8.526823593574969218e-01 -4.771392350489998824e-02
-8.877799437440481167e-01 -4.903366438443829828e-02
-9.215722300372888309e-01 -5.038687671846483335e-02
-9.541345490691681697e-01 -5.167784540772243917e-02
-9.855971640021351510e-01 -5.301144662799323060e-02
-9.837283028436506482e-01 -5.420104531521204028e-02
-9.540439679180292565e-01 -5.542640433403066974e-02
-9.251050121600679077e-01 -5.646771854886850628e-02
-8.972826585899377205e-01 -5.737027781188347442e-02
-8.700172446428459105e-01 -5.825394757297624321e-02
-8.438147789603593907e-01 -5.907187863448803283e-02
-8.180797578471643572e-01 -5.989144963874703381e-02
-7.937200101698906884e-01 -6.064587843294629715e-02
-7.696500048017933526e-01 -6.142285417105909640e-02
-7.466697699217161865e-01 -6.236942366758608386e-02
-7.237646255982450594e-01 -6.337106735402281421e-02
-7.019684838611728317e-01 -6.453680228061237090e-02
-6.806606908451117155e-01 -6.579219316376412607e-02
-6.603629287167053219e-01 -6.719821613723936382e-02
-6.406858439762457280e-01 -6.866614849733182480e-02
-6.214665570893546098e-01 -7.027619185592182127e-02
-6.026123816486669282e-01 -7.202066901497412854e-02
-5.843377511434560967e-01 -7.365479352448343897e-02
-5.670259503770962439e-01 -7.514743102813618847e-02
-5.498981379682316151e-01 -7.661767254888462997e-02
-5.331670423207104381e-01 -7.840622521658949240e-02
-5.164797822214788336e-01 -8.030005219449248832e-02
-5.013941207268477473e-01 -8.160337011783717898e-02
-4.872362799592946936e-01 -8.258230613916801854e-02
-4.729624571638869623e-01 -8.362096773397004190e-02
-4.583120549331452520e-01 -8.524074910340616318e-02
-4.438089609825615067e-01 -8.674235004854739806e-02
-4.311431866811308855e-01 -8.713760148686827689e-02
-4.189025373480474435e-01 -8.731046422953728237e-02
-4.065849388030972622e-01 -8.788807883954671829e-02
-3.940974946091464481e-01 -8.899411537409021578e-02
-3.822203514835742499e-01 -8.975452191006326463e-02
-3.718032734677181872e-01 -8.971935073203343713e-02
-3.613462037413251449e-01 -8.971517962993921791e-02
-3.511995027791637303e-01 -9.003434396406632956e-02
-3.411639305989028204e-01 -9.065559881769492956e-02
-3.316755030803426596e-01 -9.108055234866800631e-02
-3.230689168525979760e-01 -9.125121765429661247e-02
-3.145878582936341150e-01 -9.133102633232698109e-02
-3.063570440158188135e-01 -9.167156628237353722e-02
-2.983633427349399181e-01 -9.221155375459698378e-02
-2.902992374461361713e-01 -9.278487069408901389e-02
-2.828535850991726330e-01 -9.308586007323525757e-02
-2.756143221797531795e-01 -9.329192883175835282e-02
-2.684069891635599281e-01 -9.346510167302943262e-02
-2.613631070303233384e-01 -9.351522961127139988e-02
-2.543243840350237206e-01 -9.358090749515882156e-02
-2.473477865333607306e-01 -9.361231790703748723e-02
-2.411132645002652397e-01 -9.346750762638117438e-02
-2.348844533343339702e-01 -9.334052985684597459e-02
-2.287474947949490189e-01 -9.325083396616459797e-02
-2.233677035379752485e-01 -9.337744565229437466e-02
-2.180784062888038721e-01 -9.352532555574095963e-02
-2.128894569599408537e-01 -9.365505562863102318e-02
-2.080729149963478353e-01 -9.365913092560067266e-02
-2.033101283017472449e-01 -9.363618338110328565e-02
-1.985834212306649971e-01 -9.362504159425265315e-02
-1.940674652005614509e-01 -9.366503684926272277e-02
-1.896753332102010248e-01 -9.375115939644894369e-02
-1.852234104260756520e-01 -9.385508446515834768e-02
-1.811514701637054192e-01 -9.398536567640830564e-02
-1.774458662235230966e-01 -9.418925738493577615e-02
-1.737904757054588023e-01 -9.445077050779690508e-02
-1.700945892878870380e-01 -9.469933326355890746e-02
-1.665134826097985632e-01 -9.505000147550630996e-02
-1.630721816910305211e-01 -9.545051590625666660e-02
-1.596470500105013068e-01 -9.588635542843119974e-02
-1.560273006872536228e-01 -9.615858177100537751e-02
-1.523631621203297148e-01 -9.641049826849719395e-02
-1.486927767746203388e-01 -9.666739296675314064e-02
-1.450188792165703899e-01 -9.688793756868417650e-02
-1.413581125249747661e-01 -9.699882436913789818e-02
-1.377344566150253413e-01 -9.710581539473280011e-02
-1.341020392200509836e-01 -9.722023941418769799e-02
-1.306261746864949280e-01 -9.724852735305959672e-02
-1.273061196215067303e-01 -9.718804317498698497e-02
-1.238858679744203189e-01 -9.713543512493530430e-02
-1.206382553442010563e-01 -9.709150373668064271e-02
-1.178379657731690178e-01 -9.708985375543505159e-02
-1.150241937280486598e-01 -9.709274200314084446e-02
-1.122764741521841692e-01 -9.713201815736140221e-02
-1.097998009410407344e-01 -9.711335020293859754e-02
-1.075327459050399309e-01 -9.699996214250766746e-02
-1.052572285435630639e-01 -9.684554443595799755e-02
-1.029870781584355244e-01 -9.672116226346730294e-02
-1.005760593192532443e-01 -9.649375279569825936e-02
-9.804908880338462918e-02 -9.616060439358771472e-02
-9.554310828193389449e-02 -9.579035302944541308e-02
-9.306720634471217501e-02 -9.542116750340039200e-02
-9.061487800290346506e-02 -9.482109597027088554e-02
-8.813971701233361267e-02 -9.411732572002325103e-02
-8.564467290081183293e-02 -9.341871627881034867e-02
-8.314645873029857803e-02 -9.273681170620079461e-02
-8.053824413007702743e-02 -9.214826617368963857e-02
-7.788831449008015717e-02 -9.160981986525613963e-02
-7.525636586004007256e-02 -9.109586565146891857e-02
-7.263364070393689420e-02 -9.056634842658869977e-02
-7.050068906541591407e-02 -8.992787753011940999e-02
-6.876009271222367769e-02 -8.926153700231861943e-02
-6.690094011221663084e-02 -8.862598164172670601e-02
-6.511826292120038995e-02 -8.805432593603589042e-02
-6.359280254840238289e-02 -8.773586085481442642e-02
-6.209139796872508582e-02 -8.751315533553641335e-02
-6.059393264437739485e-02 -8.728221405008210199e-02
-5.910759909438083326e-02 -8.716286252761203113e-02
-5.801266609248433709e-02 -8.670866018307268885e-02
-5.714740428163664343e-02 -8.604378868857995299e-02
-5.613240694261577984e-02 -8.545558963810200026e-02
-5.524824986951663852e-02 -8.482414128473364512e-02
-5.349923373729000703e-02 -8.440821078221931451e-02
-5.112862038801774256e-02 -8.405956155254974693e-02
-4.870455735867887381e-02 -8.366370319872623584e-02
-4.621283785107099806e-02 -8.328827445742036095e-02
-4.363203540850447287e-02 -8.234318086345066012e-02
-4.108643330971553653e-02 -8.070463316204407045e-02
-3.851986250308418042e-02 -7.904335979722337813e-02
-3.588392884984539788e-02 -7.734772905405215560e-02
-3.304010794983130994e-02 -7.578993009224506416e-02
-2.934640743132992113e-02 -7.491651187967614256e-02
-2.564486679075109188e-02 -7.395304918456231669e-02
-2.182023169074137625e-02 -7.308099402825488089e-02
-1.825330467023004999e-02 -7.181797363870802420e-02
-1.576344407498036018e-02 -6.910917503247988869e-02
-1.346947339863544674e-02 -6.606365141828281218e-02
-1.108040464816433326e-02 -6.307224659509888531e-02
-8.790840234418034749e-03 -5.980825224932224266e-02
-5.656433521103945358e-03 -5.776465139273077865e-02
-1.676931869876796457e-03 -5.700435557404923831e-02
2.260565464320924561e-03 -5.599525116705823119e-02
6.166367582429579247e-03 -5.500940072926673724e-02
1.027375498037844809e-02 -5.422583165641942093e-02
1.276762705791392033e-02 -5.175020404283664499e-02
1.464870528015114678e-02 -4.863685899458754236e-02
1.660295114985538278e-02 -4.562242502046214704e-02
1.857083573504797816e-02 -4.256165883103695674e-02
2.082909599143126927e-02 -3.964779313963778806e-02
2.491184874497199414e-02 -3.846520345523890549e-02
2.919035285248882533e-02 -3.738675019926289422e-02
3.354600019755942658e-02 -3.626344386391650715e-02
3.798953592558403786e-02 -3.507377914151113552e-02
4.167938313998327537e-02 -3.342639156348908847e-02
4.420105528021543717e-02 -3.102474008900277941e-02
4.690243107281136942e-02 -2.864904160081691020e-02
4.957037171508907325e-02 -2.619748621517789533e-02
5.228807643828325274e-02 -2.393533497348496533e-02
5.546010874562683213e-02 -2.238331424260917718e-02
5.883638594674335531e-02 -2.106851165792082009e-02
6.220835021086626448e-02 -1.968396494793050663e-02
6.573882118807136687e-02 -1.841809377364449912e-02
6.864040136630987499e-02 -1.655557332861717912e-02
7.084560178488728821e-02 -1.407855073928030928e-02
7.313068938833199029e-02 -1.168091437958323521e-02
7.542257387982259642e-02 -9.207060555848694747e-03
7.787203823236808764e-02 -6.825148236665327592e-03
8.050558192766861521e-02 -4.889787905227154993e-03
8.322004539182302485e-02 -3.080298255000373658e-03
8.595216507306009668e-02 -1.214664013591471763e-03
8.880017186985438016e-02 6.163715019669635444e-04
9.046920641319311507e-02 2.757062267009610830e-03
9.186680727770642207e-02 5.042513333893410520e-03
9.330130345648186829e-02 7.364884695319868883e-03
9.469948342372040695e-02 9.706993544125148282e-03
9.558810221648247896e-02 1.185135941922286530e-02
9.597279965537626467e-02 1.376326265493756258e-02
9.639769394169352135e-02 1.573332608382840489e-02
9.678940432472510347e-02 1.768692374885175514e-02
9.738809632744131750e-02 1.985744270352676408e-02
9.862009885450223612e-02 2.267222403714732465e-02
9.986399160429576538e-02 2.548017075416761715e-02
1.011608036077462636e-01 2.836682102166695335e-02
1.027911249075213612e-01 3.135953607057646864e-02
1.053108888981090230e-01 3.459133402519065648e-02
1.081512010862287348e-01 3.795081535254268834e-02
1.110634070100028070e-01 4.137515098533660340e-02
1.139982919628876740e-01 4.488088341811850845e-02
1.168131429577337899e-01 4.860705567028417162e-02
1.195849970712799387e-01 5.245863755100234338e-02
1.224222851472018536e-01 5.636341819345552090e-02
1.253447115575895277e-01 6.034809552426657203e-02
1.280844269725025797e-01 6.410287713696366518e-02
1.308562041915726781e-01 6.788060634791739933e-02
1.337096263084132930e-01 7.173494187864196125e-02
1.366682325974672985e-01 7.564110729058953764e-02
1.400022209533553497e-01 7.956181992616073728e-02
1.434198741871198501e-01 8.358093777074904196e-02
1.469449624939261068e-01 8.767653141741194034e-02
1.506159463484730288e-01 9.180487233695755478e-02
1.543516319118693469e-01 9.594135449367846569e-02
1.582023357706215660e-01 1.001498052810498585e-01
1.621976939127722506e-01 1.044685922830848185e-01
1.661304753759700881e-01 1.087461542469281006e-01
1.698661798529631506e-01 1.128198494383992334e-01
1.735351058540949842e-01 1.168861887760355295e-01
1.773282032411705178e-01 1.210704947754269178e-01
1.809602844852941650e-01 1.251629439469772731e-01
1.839205989158257393e-01 1.289574933421757663e-01
1.866529336532050942e-01 1.327137521034300882e-01
1.895373740472148238e-01 1.365712924976903442e-01
1.923154953343196583e-01 1.404577264386350222e-01
1.947469826507238488e-01 1.443026409341048033e-01
1.971492954613945359e-01 1.481869843689232191e-01
1.996665603714526671e-01 1.521526476267871519e-01
2.019112313344562371e-01 1.561268059251886275e-01
2.039023724734716492e-01 1.601195607557547307e-01
2.058625387059566936e-01 1.642016215981483285e-01
2.078887957028359157e-01 1.683590622804240489e-01
2.093105131348254877e-01 1.725466857545654986e-01
2.104931636108229309e-01 1.767876149996300550e-01
2.117275888520857297e-01 1.811071237688161029e-01
2.129396026853068447e-01 1.854777434054065144e-01
2.135626989780820828e-01 1.897723823003402976e-01
2.141484484773618913e-01 1.941314722170661422e-01
2.147119519027274326e-01 1.985718402438327035e-01
2.155072287539487597e-01 2.030219845371605825e-01
2.167544631472063388e-01 2.074032316358677130e-01
2.179583515227968282e-01 2.118805466002378901e-01
2.192151037891547916e-01 2.164178678720065363e-01
2.206844319719455105e-01 2.210512101962774645e-01
2.222895997343778685e-01 2.257654177312503896e-01
2.239383812318224976e-01 2.305447239123211423e-01
2.253299441651490653e-01 2.353761684108415242e-01
2.259801972413664206e-01 2.402362599110393626e-01
2.262241838345799005e-01 2.451087306061963400e-01
2.266731476502834020e-01 2.500724027944679628e-01
2.262112873491250176e-01 2.551102160269864139e-01
2.248997772902554260e-01 2.601729755126299670e-01
2.234021560068346623e-01 2.652670380632040636e-01
2.219896269398694555e-01 2.704725391633130416e-01
2.191976853175145179e-01 2.752077009747616598e-01
2.161636023214936753e-01 2.799604800005223160e-01
2.129992008104111822e-01 2.847585194161792455e-01
2.094967213572836995e-01 2.895599598882555581e-01
2.053700234735083563e-01 2.943055488598309011e-01
2.011635962803793309e-01 2.990789129903105859e-01
1.967356685857702125e-01 3.037951290948081029e-01
1.918625945624575224e-01 3.082862262699607725e-01
1.868011734514526956e-01 3.127569685579923986e-01
1.814968121412572633e-01 3.172250822679953397e-01
1.758763470028270048e-01 3.218267872227305038e-01
1.700404799148567125e-01 3.265856864289989336e-01
1.639254347821324787e-01 3.313212453855339801e-01
1.577673592001916369e-01 3.359642465779060783e-01
1.518506985455105873e-01 3.404340347986002380e-01
1.457917691819646533e-01 3.448506048766391552e-01
1.394899084987852034e-01 3.491987235648320587e-01
1.327405319890201385e-01 3.536383317276362570e-01
1.256507831853445889e-01 3.580470892309929876e-01
1.182689514558110666e-01 3.623778974160244415e-01
1.102530997895044829e-01 3.665300818898385993e-01
1.011773420498030540e-01 3.703497488557340178e-01
9.171574834604677429e-02 3.740158120158986743e-01
8.187550363529315367e-02 3.775555137112472925e-01
7.158077128696181679e-02 3.806941552430195830e-01
6.089863125624821877e-02 3.835714723367932844e-01
4.984330623557297474e-02 3.862538181366526047e-01
3.849434762999276449e-02 3.885727150297642596e-01
2.709647756209165523e-02 3.902486059877899871e-01
1.529213835337471690e-02 3.916368819229931186e-01
3.212232081377045922e-03 3.926951391348199594e-01
-8.712093267704440827e-03 3.932083363979008150e-01
-2.070604346416202168e-02 3.931887036145812475e-01
-3.311239390649663161e-02 3.927816579887856152e-01
-4.532216019167676496e-02 3.917700181460999631e-01
-5.718581931792179190e-02 3.900462563571495678e-01
-6.942587833014073062e-02 3.878348809650321027e-01
-8.148775667126215150e-02 3.850633154358572563e-01
-9.321198144485064174e-02 3.816623412697634499e-01
-1.050276092703765207e-01 3.776561587859692537e-01
-1.169111577396779317e-01 3.730380834343515195e-01
-1.287570025603675394e-01 3.676522500182443087e-01
-1.406097444965991039e-01 3.616535193061888864e-01
-1.524685136789518114e-01 3.550509086260333902e-01
-1.640767816386661249e-01 3.475994734999453550e-01
-1.755682863243410441e-01 3.395463075455097957e-01
-1.869549663727136102e-01 3.309048967755255921e-01
-1.976480586329598110e-01 3.213100131075716237e-01
-2.081578287540550298e-01 3.112156272881928532e-01
-2.183146467709481120e-01 3.005008748157378951e-01
-2.273531083582093215e-01 2.888272036927779784e-01
-2.362839779235802184e-01 2.767423129116908798e-01
-2.445077485181656185e-01 2.639779077676130958e-01
-2.515754710224329949e-01 2.503668480472958646e-01
-2.585154278830303354e-01 2.364138549680250279e-01
-2.643993432435328694e-01 2.217036677775080511e-01
-2.696032427208496784e-01 2.064397287108312440e-01
-2.741779319672540960e-01 1.907286023401300878e-01
-2.776467489197667615e-01 1.743911245231644369e-01
-2.808288378874507218e-01 1.577945034467747587e-01
-2.824930100966892565e-01 1.405206727505079189e-01
-2.836609446226826536e-01 1.229717438823852288e-01
-2.835856110742244196e-01 1.049798179515310514e-01
-2.827184922388089605e-01 8.670547298092780297e-02
-2.809712243314033131e-01 6.818858941941810525e-02
-2.783469756195778855e-01 4.943169110343607897e-02
-2.749755797144110003e-01 3.056923848914267286e-02
-2.707488964755751515e-01 1.157570601024946431e-02
-2.659403802139889139e-01 -7.491750832914186552e-03
-2.606230030244955365e-01 -2.659208742839361608e-02
-2.548596077862914089e-01 -4.574081972795771001e-02
-2.490412876968201850e-01 -6.482884380504980171e-02
-2.430894020639757513e-01 -8.405174554037471435e-02
-2.372496843439433345e-01 -1.032530165057800597e-01
-2.315136517222985968e-01 -1.225121747133058742e-01
-2.259406522223383618e-01 -1.419422810685335157e-01
-2.204845579271297595e-01 -1.613884657384131172e-01
-2.151404460222741399e-01 -1.808967321580219612e-01
-2.097473632326858073e-01 -2.005294092284945762e-01
-2.041871095622007359e-01 -2.203295560216527449e-01
-1.984741648441158135e-01 -2.402782422307102872e-01
-1.925461234581410941e-01 -2.604569927610672075e-01
-1.863848021949023881e-01 -2.809776747587403034e-01
-1.800023443789627031e-01 -3.018660944629568132e-01
-1.734098140996019610e-01 -3.232394990365045628e-01
-1.666203934760649708e-01 -3.451996441852999697e-01
-1.596608768877093021e-01 -3.678697903282719395e-01
-1.525488466774813923e-01 -3.912916361632060025e-01
-1.453146878135157527e-01 -4.155776694595226251e-01
-1.379713448590786373e-01 -4.407697864204807026e-01
-1.305082500230257958e-01 -4.669597448540634410e-01
-1.228632199077166198e-01 -4.941980176981787265e-01
-1.149833476047135705e-01 -5.223919790970629196e-01
-1.066409928317971489e-01 -5.516870384122345428e-01
-9.779886535901789746e-02 -5.819176055025869765e-01
-8.825365634008414117e-02 -6.129269930070808670e-01
-7.759421172214678308e-02 -6.447673752464939678e-01
-6.586309014210871282e-02 -6.770445245093466013e-01
-5.267463797692463479e-02 -7.095795750855244943e-01
-3.797045434559598309e-02 -7.422933349522529145e-01
-2.157181318228428013e-02 -7.745161261922289819e-01
-3.447998648063746192e-03 -8.059410990882589498e-01
1.628436049158468735e-02 -8.361198528485550563e-01
3.718138958215416734e-02 -8.643757839485198824e-01
5.813329381830706355e-02 -8.902782121991281716e-01
7.736972269668190849e-02 -9.135995474102640568e-01
9.093145891198976816e-02 -9.335671241656594566e-01
9.321878463884245014e-02 -9.502870413097346258e-01
7.589725045944968607e-02 -9.641866954505928788e-01
2.702971300347269470e-02 -9.756868683767068173e-01
-6.812334166324593432e-02 -9.854588301067159772e-01
-2.111249697742784426e-01 -9.935967657809923193e-01
-4.624000816308371786e-01 -9.983405932294295848e-01
