-8.204413265468663008e-01 -9.864260166230559568e-01
-7.939001819935392890e-01 -9.429859193831928721e-01
-7.558681492188844553e-01 -8.778717498232124772e-01
-7.201438588725740386e-01 -7.971464672835985033e-01
-6.897306319100613425e-01 -7.077728604230899556e-01
-6.653103961937892885e-01 -6.159381328367934394e-01
-6.470147650538471407e-01 -5.254506027933087964e-01
-6.351755771058228417e-01 -4.392987094494765765e-01
-6.303796723582436590e-01 -3.593499876202532195e-01
-6.329454437870086769e-01 -2.866632808209237382e-01
-6.434284139096270172e-01 -2.215543645288546304e-01
-6.617429850431223448e-01 -1.638946314532739035e-01
-6.874725829677709177e-01 -1.133729866731679470e-01
-7.198475752475103073e-01 -6.937764857371848948e-02
-7.580619214420508678e-01 -3.126970441352730501e-02
-8.012250722014782056e-01 1.462095477660958374e-03
-8.483569873870189237e-01 2.954561741915175815e-02
-8.987117803879621780e-01 5.339142505032066360e-02
-9.512922205515425000e-01 7.340184017059518673e-02
-9.948460125530894649e-01 9.007496735623578277e-02
-9.404022830740124128e-01 1.038759855732194343e-01
-8.860196439391416767e-01 1.151771087823858508e-01
-8.323915278203011248e-01 1.242703151753375423e-01
-7.803058642337074025e-01 1.313914416646093097e-01
-7.304571278026226189e-01 1.367450238830492104e-01
-6.829970683092176920e-01 1.406297003820251024e-01
-6.378034172863829010e-01 1.433117632382328588e-01
-5.951269675502000034e-01 1.448830133937342446e-01
-5.549126464811496851e-01 1.455694498986409013e-01
-5.169244300779856083e-01 1.453062701720490846e-01
-4.809518227114821243e-01 1.443514248749218076e-01
-4.463529676009539426e-01 1.429357914275189156e-01
-4.142717602310815317e-01 1.407026501133483987e-01
-3.839961614102245235e-01 1.383016326095691251e-01
-3.560513379707794246e-01 1.355931656113123218e-01
-3.305579892203393544e-01 1.325643923930602264e-01
-3.068713553288421325e-01 1.294453835344808179e-01
-2.856879029427625838e-01 1.260898763028457381e-01
-2.662336092383991160e-01 1.226005863497212217e-01
-2.488088651806800722e-01 1.188232308638625390e-01
-2.337451588619230414e-01 1.147282144394152492e-01
-2.212421177791438487e-01 1.100783908937151140e-01
-2.113949138225700297e-01 1.049389940546679029e-01
-2.030251508133539828e-01 9.962195494505389493e-02
-1.957300101492014666e-01 9.448314667936627553e-02
-1.897998488381684723e-01 8.916266896024006849e-02
-1.843928632904382747e-01 8.416008594497385864e-02
-1.799395123192569501e-01 7.907259623956200412e-02
-1.761760252980310859e-01 7.397635393682075455e-02
-1.729877796543460300e-01 6.890591003402786463e-02
-1.704198220163472555e-01 6.376869373123585094e-02
-1.686127254355264671e-01 5.863690747670140951e-02
-1.675589339570432157e-01 5.347143039308874246e-02
-1.669875138616881416e-01 4.830425590021557997e-02
-1.666688444607891117e-01 4.343467895983275928e-02
-1.658911548189306029e-01 3.912740510767330482e-02
-1.643755091000193846e-01 3.523593294861798730e-02
-1.633955299552644347e-01 3.127097054907830576e-02
-1.621070635449220199e-01 2.764888961934855796e-02
-1.615652026291536925e-01 2.371691705555240698e-02
-1.610969603868686872e-01 1.992878752654964752e-02
-1.617297029433785172e-01 1.584274144926572231e-02
-1.627419454333309812e-01 1.173457454406890213e-02
-1.628595290148105723e-01 7.774192037325367705e-03
-1.631874623847930361e-01 3.727918048706375508e-03
-1.643763561266260442e-01 -3.641032570367928444e-04
-1.643265409340439187e-01 -4.180938738188957372e-03
-1.627248248261740637e-01 -7.649388074254381310e-03
-1.635596970152221608e-01 -1.118831745853487471e-02
-1.646424916818503836e-01 -1.454295649245780642e-02
-1.625315659186952755e-01 -1.679059082104632228e-02
-1.619599983904735363e-01 -1.985932465830172328e-02
-1.637566077102884377e-01 -2.402347048167683893e-02
-1.604155620069234456e-01 -2.551429829039447705e-02
-1.588464349892264316e-01 -2.749302210596290402e-02
-1.606744330015003608e-01 -3.070779975747354312e-02
-1.585020330195154314e-01 -3.241244509832923865e-02
-1.558907529409656878e-01 -3.384225839444605227e-02
-1.561497796199223520e-01 -3.605744237968315502e-02
-1.557279147721407075e-01 -3.796766861003305488e-02
-1.545597860287816760e-01 -3.951924642187103903e-02
-1.551130026725064393e-01 -4.169328989196935398e-02
-1.563003786276712381e-01 -4.405593309927571116e-02
-1.564054422221914931e-01 -4.621399831242540418e-02
-1.560863990519434918e-01 -4.827124654748020383e-02
-1.556662467835275565e-01 -5.052929429613031015e-02
-1.545419511103485743e-01 -5.259304248022799583e-02
-1.530748037297959274e-01 -5.427381535719980749e-02
-1.514378902854507103e-01 -5.582861427008142807e-02
-1.504492928230592719e-01 -5.746906372548471476e-02
-1.493651627169418628e-01 -5.904663276693083995e-02
-1.477430387136511869e-01 -6.040047453803977506e-02
-1.459596133746879631e-01 -6.165311343888118384e-02
-1.441779174486564064e-01 -6.293294951465615295e-02
-1.424733263149387807e-01 -6.403028811336093640e-02
-1.410083800534467080e-01 -6.520818343204538847e-02
-1.401484445377696730e-01 -6.648501168600690070e-02
-1.394043438676160207e-01 -6.780768494653945100e-02
-1.388833777216167964e-01 -6.940728373349591696e-02
-1.385106362776868383e-01 -7.100315550867535019e-02
-1.383117548866795166e-01 -7.257730905251730258e-02
-1.382196895410185422e-01 -7.418174759090463699e-02
-1.381109745762554852e-01 -7.584717051969611101e-02
-1.375640612486811187e-01 -7.771040201453890961e-02
-1.368157002674275646e-01 -7.953830527283771434e-02
-1.346053306666220861e-01 -8.081598132393358336e-02
-1.317040063542982142e-01 -8.181431620454243658e-02
-1.287798216663337825e-01 -8.287054285651575258e-02
-1.265644749875995956e-01 -8.367694708381191726e-02
-1.242244714728029109e-01 -8.456356851588425760e-02
-1.214555140571775410e-01 -8.506034402657063065e-02
-1.182074248457207072e-01 -8.488734235823855445e-02
-1.148459779273042908e-01 -8.462648329626636101e-02
-1.117119208110088774e-01 -8.447553642207722424e-02
-1.088346946856505043e-01 -8.433285474434641660e-02
-1.060300428845413062e-01 -8.416869491521733471e-02
-1.024133674159773411e-01 -8.350435184186402737e-02
-9.754791765643465451e-02 -8.242954651586827108e-02
-9.260366880788267752e-02 -8.133407665407509091e-02
-8.836447400972644028e-02 -8.052062393207379265e-02
-8.487683199771747788e-02 -8.006432586113779171e-02
-8.145211382335743044e-02 -7.973887035988694305e-02
-7.796957523645035859e-02 -7.911774323951527299e-02
-7.466633228757452168e-02 -7.815074735875705836e-02
-7.147849023773521215e-02 -7.733430672769922576e-02
-6.833747533636884419e-02 -7.662178035058969661e-02
-6.510039499045373879e-02 -7.605416877106670193e-02
-6.179404852802868747e-02 -7.546509125452570410e-02
-5.860734206067740731e-02 -7.501232121786922946e-02
-5.399368042694548814e-02 -7.417575639499190965e-02
-4.883901898984073509e-02 -7.306298730068312708e-02
-4.365420936249341660e-02 -7.185192342011598177e-02
-3.897466941643033117e-02 -7.074951710644541980e-02
-3.570389505296615862e-02 -6.980749027183301425e-02
-3.251605432140965146e-02 -6.887111060565892506e-02
-2.946422781256475415e-02 -6.800827239151854831e-02
-2.430300337350925141e-02 -6.627851645247848089e-02
-1.734811153744089673e-02 -6.381105512884679976e-02
-1.058096411337539414e-02 -6.139517053263109092e-02
-3.998394020296520274e-03 -5.910602101085137006e-02
-1.116997332344569046e-04 -5.825857701375686259e-02
2.634447630098072073e-03 -5.803367302661083943e-02
5.618143173034773931e-03 -5.769636576067955352e-02
8.782635203360511164e-03 -5.730426581928380059e-02
1.364862644578489215e-02 -5.500683093115165539e-02
1.899850861446617314e-02 -5.233802142458348489e-02
2.434424568889108700e-02 -4.965270613160261554e-02
2.945178417125941459e-02 -4.695827865746834973e-02
3.125910803131540933e-02 -4.469325730360815263e-02
3.047301144058550681e-02 -4.275895784286276591e-02
3.004021228591392464e-02 -4.075365538638769242e-02
2.957560979384175545e-02 -3.871149382254644028e-02
2.913658110875691140e-02 -3.647931984656810345e-02
2.955346825345102693e-02 -3.290541199778728582e-02
3.014642225226490946e-02 -2.920196171032635180e-02
3.073333815998281413e-02 -2.544959724409209118e-02
3.134318657519886975e-02 -2.163817662681032442e-02
3.189696956062502281e-02 -1.820905234786735979e-02
3.225899947477511853e-02 -1.527767748916973242e-02
3.267324671720268220e-02 -1.222258029320142519e-02
3.305413639488041094e-02 -9.094797193342121777e-03
3.351031317300697671e-02 -5.835483035809689231e-03
3.491431543105012747e-02 -1.810006797462894619e-03
3.695439230491586596e-02 2.744683352855981345e-03
3.902976343087833505e-02 7.383287030158267907e-03
4.118908665490166043e-02 1.216324177092082022e-02
4.336361728011201705e-02 1.684026695090266867e-02
4.538691300870768136e-02 2.084051575734104447e-02
4.747338081735359011e-02 2.490844083524159161e-02
4.963314619698417501e-02 2.908405519888358770e-02
5.197679597365140181e-02 3.346596778667510624e-02
5.444002030662929703e-02 3.798875435663841976e-02
5.696854877767267705e-02 4.260525506407474711e-02
5.972273391547043564e-02 4.742750477366275419e-02
6.262255810311059823e-02 5.240316878639511566e-02
6.530352906852697481e-02 5.735144116869445030e-02
6.671621071918526491e-02 6.175795364163994688e-02
6.784845375429933434e-02 6.614081032960260342e-02
6.904875232609654356e-02 7.066166124884469546e-02
7.025996045649970934e-02 7.533976106681697371e-02
7.121958916046093602e-02 7.975452716684297561e-02
7.190241614413683813e-02 8.380459258910998022e-02
7.265030806450528678e-02 8.801517924871581078e-02
7.339669507362615863e-02 9.236282124313516251e-02
7.441256066650010770e-02 9.678254624507859338e-02
7.672024846077005189e-02 1.009319496618766299e-01
7.954565467371547960e-02 1.051122745331074526e-01
8.258412472922710412e-02 1.094737790126197180e-01
8.561189215715434009e-02 1.139355159057846567e-01
8.949144834097151613e-02 1.185738547296548290e-01
9.453048305489655800e-02 1.235035131924588775e-01
9.970000534405867865e-02 1.286275387975682194e-01
1.050729615553112062e-01 1.339236650116741312e-01
1.105293674020631639e-01 1.393247077599767958e-01
1.154437033818555697e-01 1.444483738742394496e-01
1.203433801053121616e-01 1.495685273365865708e-01
1.254415991019648957e-01 1.548261699917278245e-01
1.307404412283153239e-01 1.602715925835936639e-01
1.355976574855994876e-01 1.649932290588320138e-01
1.399878874822255703e-01 1.689828255360898146e-01
1.445635808405224820e-01 1.730667550447343161e-01
1.493051718618647328e-01 1.772744996217469893e-01
1.540931179432115383e-01 1.812704829323654176e-01
1.586467231593134408e-01 1.843071005257550243e-01
1.632591288538421670e-01 1.872326667588460891e-01
1.680022603999891950e-01 1.902331836593167402e-01
1.728891134293694676e-01 1.933364907299331970e-01
1.770139659203057714e-01 1.960907074538338069e-01
1.806593245814775983e-01 1.985939423392721614e-01
1.844095965094759426e-01 2.011385434596242860e-01
1.884744108440732646e-01 2.038838178729928952e-01
1.921852211141462929e-01 2.064579373265617024e-01
1.951510932902486839e-01 2.086805522876475361e-01
1.984118420283727535e-01 2.110180159394697552e-01
2.017849017401877609e-01 2.134164087994868675e-01
2.052355590325777301e-01 2.157758861919486792e-01
2.090765685058356138e-01 2.177486703177130278e-01
2.132159352489461090e-01 2.196068377177458897e-01
2.174346695456083056e-01 2.215068295170155854e-01
2.217757745859489926e-01 2.234306084634391787e-01
2.263809658134276481e-01 2.250043710820907039e-01
2.311933346035907610e-01 2.262995447593787179e-01
2.361195520432914918e-01 2.276914464923457670e-01
2.410872861303112458e-01 2.290122417873144411e-01
2.457927608553978627e-01 2.302250684097961464e-01
2.497092522869304998e-01 2.311366660740176437e-01
2.536157270002017405e-01 2.320406904690862637e-01
2.575944673141915553e-01 2.329586731356266815e-01
2.614666529192086752e-01 2.338668426520143784e-01
2.643344711821099535e-01 2.346561618318524500e-01
2.669222879438779561e-01 2.353937274536388458e-01
2.695898921119805336e-01 2.361321132267591993e-01
2.722943958298538747e-01 2.368871981731401066e-01
2.747409464848653560e-01 2.376713289980069144e-01
2.769656026020080875e-01 2.384707780233301100e-01
2.792349830158000756e-01 2.392790229665729962e-01
2.816142910085385198e-01 2.400977135462176171e-01
2.840803268518277691e-01 2.409455921718421934e-01
2.866680450107953471e-01 2.418331420651497199e-01
2.893257438819623606e-01 2.427005445754949475e-01
2.920281801253482024e-01 2.435744015385920003e-01
2.947964361689959234e-01 2.444964435940373826e-01
2.977713456858674390e-01 2.454865742658771388e-01
3.007362380355044218e-01 2.464594194166710717e-01
3.037817124253553991e-01 2.474379827053941883e-01
3.068301996134630838e-01 2.484054062144092079e-01
3.097527158724329155e-01 2.493633725771271514e-01
3.127444344779761187e-01 2.503485591675497779e-01
3.157513927747701565e-01 2.513414065828134536e-01
3.187355970084317369e-01 2.523341278355355488e-01
3.212858668918529004e-01 2.535666334375857867e-01
3.236984808988387363e-01 2.548999008609401651e-01
3.261666767761741137e-01 2.562490869466961807e-01
3.286689398346271940e-01 2.576090474764977101e-01
3.310224726629015790e-01 2.592499101948428919e-01
3.332778471870396775e-01 2.610853657022635388e-01
3.355745466223254980e-01 2.629277050836487106e-01
3.379300186152177643e-01 2.648006243962625073e-01
3.398958948205723640e-01 2.666585052044123660e-01
3.414528745362718221e-01 2.685094293979485292e-01
3.430573660616035303e-01 2.703810069741039435e-01
3.447014823512281056e-01 2.722554924270209620e-01
3.460437063748970088e-01 2.738349185733027769e-01
3.469215149497042461e-01 2.750389533734991510e-01
3.478356360288398230e-01 2.762844009459743955e-01
3.487467654256468097e-01 2.774951867291974850e-01
3.492924856965345382e-01 2.789167062121190588e-01
3.495443728883242951e-01 2.805104285370115802e-01
3.497588293846674024e-01 2.820753478538982617e-01
3.500239585222957861e-01 2.836809250889682499e-01
3.499577878462810654e-01 2.853110689670667055e-01
3.497869617009529142e-01 2.869575430540520222e-01
3.496127570862961331e-01 2.886264832164514571e-01
3.494591861614879114e-01 2.903232434425667696e-01
3.500068741065539557e-01 2.925399968737452117e-01
3.508598140365859486e-01 2.949944095355916951e-01
3.517050111770382292e-01 2.974677638642090338e-01
3.525873236086771167e-01 2.999901053873996748e-01
3.537446023305451104e-01 3.029088474313101353e-01
3.550651807007158545e-01 3.060769707971217612e-01
3.564011478908418740e-01 3.092727269557364878e-01
3.577927572563902037e-01 3.125307398437312534e-01
3.593331424712760125e-01 3.162349015195176638e-01
3.610285221983792758e-01 3.203840092991477317e-01
3.627892102776815175e-01 3.245630458869321333e-01
3.646249528689771702e-01 3.288099065053108339e-01
3.661609875871454922e-01 3.332049665840131070e-01
3.671100541329231359e-01 3.378737356033464923e-01
3.682009486152814648e-01 3.425997584262032158e-01
3.693085843222607134e-01 3.474035489254302944e-01
3.704746651508595279e-01 3.523326327347648945e-01
3.716715639621228084e-01 3.575451057738615601e-01
3.728640894920566828e-01 3.628852878612548460e-01
3.740927605821059987e-01 3.683035997601588618e-01
3.754039533086777625e-01 3.738218808649257374e-01
3.760593962538648638e-01 3.794638518893330148e-01
3.762313965607293476e-01 3.852040582463148732e-01
3.764534048958107504e-01 3.910441503035541055e-01
3.766913732801876469e-01 3.969776545350017782e-01
3.767169543521526331e-01 4.029455995989699724e-01
3.762821572468839637e-01 4.088814242062742688e-01
3.758700051156704247e-01 4.148939543768065397e-01
3.754126272019239763e-01 4.210048596782542951e-01
3.748204722419292700e-01 4.271925869747362214e-01
3.736399837811695823e-01 4.332930275121985586e-01
3.723854990865950731e-01 4.394725370856332192e-01
3.710434661398463452e-01 4.457383516835561332e-01
3.696006703087668099e-01 4.521080962643327372e-01
3.681463090011407591e-01 4.587139539309988412e-01
3.666011628872577477e-01 4.654552987012152698e-01
3.649347255410581026e-01 4.722985310580881668e-01
3.631947294499563994e-01 4.792499982040140938e-01
3.616543764508726722e-01 4.864521389921163119e-01
3.601353285576279206e-01 4.937905429044393002e-01
3.584169928144462780e-01 5.012073218745622949e-01
3.565573067595091405e-01 5.087466673398289840e-01
3.526791053535436316e-01 5.159677146705616835e-01
3.477521688848846382e-01 5.231029321474690574e-01
3.424041995079523670e-01 5.302558072656118338e-01
3.368199386604902035e-01 5.375143024716534379e-01
3.281302756244122154e-01 5.437395321363719392e-01
3.184780761873007293e-01 5.497617804134914410e-01
3.080764557331828191e-01 5.557164523887652141e-01
2.968431592009091458e-01 5.614130355747263268e-01
2.842889689347273818e-01 5.662233643084501056e-01
2.707706371996079775e-01 5.707832034897737383e-01
2.565492050184889905e-01 5.751822018849632734e-01
2.398457107093796004e-01 5.788487596930433909e-01
2.208803634089205881e-01 5.818136956216609645e-01
2.009650190917461610e-01 5.844629462822978905e-01
1.791974455222143381e-01 5.864848920907157481e-01
1.536188552250621064e-01 5.870736437203970537e-01
1.267667516762172875e-01 5.870464609833582204e-01
9.900409210588893838e-02 5.864945633062234043e-01
6.919702062318362767e-02 5.839623469243164777e-01
3.861940492167188765e-02 5.805826076143771886e-01
7.674412553206735876e-03 5.765075661061541679e-01
-2.419121130398423081e-02 5.703064134217269432e-01
-5.601761055007430101e-02 5.631582676985904534e-01
-8.774445608301710553e-02 5.549711526990425137e-01
-1.197228857044315004e-01 5.450156898516563819e-01
-1.509594107600510382e-01 5.341886801605775226e-01
-1.815429654772724721e-01 5.221172172467636319e-01
-2.114388764615727778e-01 5.086587264926557550e-01
-2.399822539913055164e-01 4.943873438597082837e-01
-2.668701137920708177e-01 4.786981707470026048e-01
-2.923270235132227612e-01 4.622390688686903171e-01
-3.154067987266276352e-01 4.444953751841461687e-01
-3.368193584215251057e-01 4.259358219353797104e-01
-3.558687367496918275e-01 4.063343156965286695e-01
-3.730811300485247228e-01 3.858956093251807440e-01
-3.880070780538670272e-01 3.643236768355927468e-01
-4.011834577383220912e-01 3.419139553665251907e-01
-4.123946743184526698e-01 3.184251194693278331e-01
-4.219647179008220728e-01 2.938928355706083573e-01
-4.301455616630546208e-01 2.683378354058255644e-01
-4.368466403422367472e-01 2.416827537659322622e-01
-4.422449711122354299e-01 2.140543127645723187e-01
-4.464967396846230563e-01 1.853270397042993678e-01
-4.491229186202735923e-01 1.552963139609781218e-01
-4.509000670440664882e-01 1.246358235055979313e-01
-4.503663910084608757e-01 9.236271356044992165e-02
-4.487070269008763268e-01 5.948194983499349719e-02
-4.450103448491701252e-01 2.539296548963632799e-02
-4.401794980285189673e-01 -9.315636568494373507e-03
-4.327288874952524012e-01 -4.535237655333520385e-02
-4.239556634589441431e-01 -8.189297932192204921e-02
-4.123725969692131899e-01 -1.195366669167429868e-01
-3.991201985537858876e-01 -1.577328306332687891e-01
-3.828486393403373600e-01 -1.968280823143079006e-01
-3.639751256714539585e-01 -2.365731727630734638e-01
-3.430918420245432920e-01 -2.767184821171455589e-01
-3.187182688210737913e-01 -3.176108615133950153e-01
-2.919373804653867532e-01 -3.588650479153697170e-01
-2.631303301813136541e-01 -4.002400188265828884e-01
-2.314714647679466109e-01 -4.418391935989409713e-01
-1.971038974587829007e-01 -4.834103596984933304e-01
-1.607152552960485203e-01 -5.245496555125246374e-01
-1.220812835910097538e-01 -5.651553727799600857e-01
-8.114693770162935416e-02 -6.049739840163935733e-01
-3.783503089136439068e-02 -6.437893050910958870e-01
7.798852608307650994e-03 -6.813947596721717792e-01
5.521870659806318166e-02 -7.173557560117145293e-01
1.041369218645423617e-01 -7.515054579614797170e-01
1.537171090401691920e-01 -7.834568492812459262e-01
2.034148230996749851e-01 -8.130729158700735759e-01
2.524951705853618611e-01 -8.401869712161973425e-01
3.000423680486778433e-01 -8.646433602775819294e-01
3.452988949343883118e-01 -8.864783556696060884e-01
3.868427496316931835e-01 -9.053932169388985152e-01
4.233966561814750396e-01 -9.216035082977065418e-01
4.538375548029774387e-01 -9.355546598253408064e-01
4.746732512376306556e-01 -9.469956751052811539e-01
4.841122604474186741e-01 -9.567156750603045268e-01
4.769747037667658174e-01 -9.648591471146219511e-01
4.474521888659089286e-01 -9.720809504714669202e-01
3.858205128980782828e-01 -9.790299298479436807e-01
2.827966375430671087e-01 -9.860611991173814372e-01
1.248943037519634341e-01 -9.937447862486763484e-01
-1.867794632623636097e-01 -1.000000000000000000e+00
