-7.354699642209441279e-01 -9.865673619597141730e-01
-7.328699969309497853e-01 -9.443709706993702602e-01
-7.125722128944614875e-01 -8.810834005599335050e-01
-6.882061155788896656e-01 -8.027321724586611307e-01
-6.647609451742257924e-01 -7.156297838664426036e-01
-6.440179309387825679e-01 -6.256840830964247591e-01
-6.268518826789859499e-01 -5.362072200966632174e-01
-6.140987921624136980e-01 -4.498613407012079790e-01
-6.064947731538922193e-01 -3.684199306146747066e-01
-6.043564573860334965e-01 -2.929931111610425964e-01
-6.079947398889818944e-01 -2.241751991097709895e-01
-6.176647878202605746e-01 -1.622458158765930081e-01
-6.333273675376150935e-01 -1.073495429402394480e-01
-6.547858239327984942e-01 -5.918089004161507238e-02
-6.816918985034399192e-01 -1.747393413809456356e-02
-7.136571054520129964e-01 1.821672473633318204e-02
-7.497889140149035514e-01 4.846877441199141934e-02
-7.893609360512411355e-01 7.360652299439401913e-02
-8.316982671851750331e-01 9.421822647647282167e-02
-8.759241196012427233e-01 1.109041554018969922e-01
-9.212278569624349212e-01 1.241169921252775477e-01
-9.668969555431899954e-01 1.343349289311788208e-01
-9.875139574113915852e-01 1.420334995901049169e-01
-9.424433040311399612e-01 1.476465175657531437e-01
-8.982340796842784858e-01 1.515523132279925633e-01
-8.551459126144460576e-01 1.540402415027330996e-01
-8.133306000714752848e-01 1.553547951732885957e-01
-7.730521821169300534e-01 1.557807192302470556e-01
-7.340721359894595288e-01 1.554957370380992687e-01
-6.967102769338333612e-01 1.545791920536192243e-01
-6.609344878066267803e-01 1.531784855277236457e-01
-6.268114895341886372e-01 1.513130817107703752e-01
-5.950115231912602720e-01 1.489081439669832641e-01
-5.649673848475345039e-01 1.461896941559312491e-01
-5.374168630010980330e-01 1.430026062364064821e-01
-5.124018985877802912e-01 1.394370859530993656e-01
-4.896878878452344264e-01 1.353877542739343187e-01
-4.693008706703150623e-01 1.310345526778058933e-01
-4.506942315925686615e-01 1.263344053664630096e-01
-4.336648302205538541e-01 1.214774730645344497e-01
-4.178086016765320543e-01 1.164002917989817310e-01
-4.031427642765889052e-01 1.113006558808562196e-01
-3.893549570838555907e-01 1.060456191523966030e-01
-3.763160094343772077e-01 1.007841222155435035e-01
-3.642521561873765523e-01 9.552477553644099506e-02
-3.523771336404363241e-01 9.026700085830702269e-02
-3.415048453855297761e-01 8.506228375642080342e-02
-3.309705327683374887e-01 7.989667327579266787e-02
-3.216880070288912208e-01 7.463153514781704911e-02
-3.129245209264794880e-01 6.936597877547522051e-02
-3.059853669897961148e-01 6.392124667290396967e-02
-2.996698634290305696e-01 5.842919928706405419e-02
-2.945399307257537957e-01 5.271983174885486179e-02
-2.896832840771686457e-01 4.712030474463221874e-02
-2.855577955831705150e-01 4.146755730828167313e-02
-2.814598883787318706e-01 3.599807919721522559e-02
-2.778764300777353813e-01 3.053151527274926280e-02
-2.743335334775232059e-01 2.532840940305455465e-02
-2.710588590210089022e-01 2.024752165158159173e-02
-2.672488920121680600e-01 1.524642551838220270e-02
-2.632419523157795704e-01 1.035228934231940782e-02
-2.592077631691700468e-01 5.733508235826040127e-03
-2.551731103824551039e-01 1.246173718110606728e-03
-2.505983052515465270e-01 -3.379250086177095283e-03
-2.460369314121196860e-01 -7.737960347405298429e-03
-2.416173914646846943e-01 -1.153171736741148874e-02
-2.363514974928712375e-01 -1.535356809288306902e-02
-2.307176364238858468e-01 -1.926275869870527901e-02
-2.258485749264293740e-01 -2.249833020017494647e-02
-2.211522898868441833e-01 -2.558300612316983039e-02
-2.152158140757473581e-01 -2.897169283948962393e-02
-2.106758742582658384e-01 -3.235914846926998822e-02
-2.076838310954343958e-01 -3.573497439893871114e-02
-2.028579463972889074e-01 -3.871187012541989908e-02
-1.993857056253307281e-01 -4.165804868438501007e-02
-1.981514246168190885e-01 -4.466195047497787535e-02
-1.949304613108246709e-01 -4.784722876122668445e-02
-1.916799447001993617e-01 -5.104301856428768852e-02
-1.897882862228191247e-01 -5.408812718377371126e-02
-1.870571861980867279e-01 -5.712602768459398850e-02
-1.833568273671061510e-01 -6.012148265317390772e-02
-1.805346304516130540e-01 -6.305560495850133507e-02
-1.781537807291182773e-01 -6.590926282206149844e-02
-1.754453948296128829e-01 -6.874379222295556868e-02
-1.725316605096831324e-01 -7.153108209864543487e-02
-1.709718188265633709e-01 -7.442704692989042525e-02
-1.696001369219817811e-01 -7.731123386710823941e-02
-1.682125261556981222e-01 -8.028868105580341807e-02
-1.669343221851094794e-01 -8.326056677196283506e-02
-1.661118350396142418e-01 -8.615582380648396932e-02
-1.653854776754321576e-01 -8.904654712756326917e-02
-1.642712992975077779e-01 -9.181615811066749788e-02
-1.630826925185151210e-01 -9.447361508399912400e-02
-1.615856816051504108e-01 -9.710013460429980925e-02
-1.599684898383271492e-01 -9.963609378552844287e-02
-1.582386800574233920e-01 -1.022038208044744878e-01
-1.556818945940836862e-01 -1.044584503614628956e-01
-1.535052242105744147e-01 -1.068315050393775362e-01
-1.511519018303142670e-01 -1.088766244711305980e-01
-1.487153157648295754e-01 -1.108731961163011287e-01
-1.461413491675837006e-01 -1.126880622220283595e-01
-1.430417059431806359e-01 -1.142111883974971098e-01
-1.401725686707470664e-01 -1.157614886007882204e-01
-1.373462459873553976e-01 -1.169489907371158849e-01
-1.346698773183849229e-01 -1.182204440072770896e-01
-1.316465839051651765e-01 -1.192086376886023757e-01
-1.285779278411453286e-01 -1.200292432025117095e-01
-1.254650042591117232e-01 -1.208665016615638604e-01
-1.223946528548356255e-01 -1.214912731770966814e-01
-1.193787774004690938e-01 -1.220318880663125438e-01
-1.162002559783821137e-01 -1.225222579219147206e-01
-1.122877906917004315e-01 -1.224841936110405982e-01
-1.082494560347397189e-01 -1.223751429180135603e-01
-1.044465923892090170e-01 -1.222089656069148267e-01
-1.010765913473607586e-01 -1.217997366881490573e-01
-9.731244413688609762e-02 -1.211915189719383334e-01
-9.347975652145885939e-02 -1.205508336864929836e-01
-8.906300685369152037e-02 -1.194156803186370991e-01
-8.465438958662234448e-02 -1.183112982612051917e-01
-8.035216946980314190e-02 -1.173460937272214483e-01
-7.572290101685126562e-02 -1.163164038354231461e-01
-7.099291094884921383e-02 -1.152508310987259421e-01
-6.606613089715093756e-02 -1.141856113200495487e-01
-5.977776484565317655e-02 -1.126680803116423130e-01
-5.313768432608490661e-02 -1.110522062554407108e-01
-4.657143605000502867e-02 -1.094542536661594762e-01
-4.124040735258913126e-02 -1.080585316436664667e-01
-3.683183816710877689e-02 -1.068151996768773038e-01
-3.242750385198506224e-02 -1.055960902929009848e-01
-2.706760125582091323e-02 -1.040332334399308029e-01
-2.007657045418845959e-02 -1.017593205742341606e-01
-1.314445179397000230e-02 -9.945487117724788328e-02
-5.778614053522867187e-03 -9.711035251863624207e-02
-2.516915046932867526e-03 -9.539597804437267847e-02
2.376180238507915275e-04 -9.377441562761996974e-02
2.942340364559715201e-03 -9.215930247656466123e-02
6.858349203733934800e-03 -9.024388911851571882e-02
1.264123464995620810e-02 -8.768948845442753326e-02
1.863387897583965863e-02 -8.503195909247178441e-02
2.516187576653815261e-02 -8.225670296330130082e-02
2.948657880523700842e-02 -8.009921672778329282e-02
2.983463650059046610e-02 -7.894488063798171806e-02
3.049303159613852079e-02 -7.769309476373245649e-02
3.123683258262947154e-02 -7.646950199790121527e-02
3.533224037173060550e-02 -7.372609586774400703e-02
4.389106488675529466e-02 -6.897922729391484098e-02
5.175078115169690074e-02 -6.452863878269349263e-02
6.017737189480126120e-02 -5.986336644488128578e-02
6.653382692777982943e-02 -5.607256193578873810e-02
6.466056950399899639e-02 -5.572344180194463426e-02
6.339285259272128825e-02 -5.516093290720202463e-02
6.188057042866110247e-02 -5.471339067446803067e-02
6.079427808474377470e-02 -5.406203004425474967e-02
6.410211999610750111e-02 -5.149573360979356473e-02
7.021097976103513050e-02 -4.766198991939450680e-02
7.624176117433829891e-02 -4.383562457164363185e-02
8.255555819806043027e-02 -3.987862990022669751e-02
8.755104087347771735e-02 -3.664117783318492777e-02
8.786851574365867057e-02 -3.581621433164988710e-02
8.836647604465197592e-02 -3.489233421595922674e-02
8.881725012384884821e-02 -3.398950022875790039e-02
8.937690467157248519e-02 -3.301783512974249685e-02
9.239353510404797742e-02 -3.054515333155381415e-02
9.726374486270016051e-02 -2.697376957608401543e-02
1.020784109877118651e-01 -2.344550394089172859e-02
1.071556089959520841e-01 -1.980005553379125469e-02
1.106626700983415618e-01 -1.648930811431273402e-02
1.091042170867355110e-01 -1.437026158363181351e-02
1.073424430404371493e-01 -1.223338580507644761e-02
1.055172414137191123e-01 -1.005583617673300005e-02
1.039096661465389176e-01 -7.754992695327666587e-03
1.048353482463249692e-01 -4.356605775296653639e-03
1.075252499987275207e-01 -1.886923856105203641e-04
1.101021795996553060e-01 3.987419814149412677e-03
1.128030818712239952e-01 8.323988571834013347e-03
1.154513700823179695e-01 1.248880086915681205e-02
1.177577736744992443e-01 1.594428635913794357e-02
1.202198222495025476e-01 1.950728850493716610e-02
1.226950625586888804e-01 2.313235442227917424e-02
1.252787756370397632e-01 2.686117780328295401e-02
1.291844485365259421e-01 3.111279077902277465e-02
1.339627967466806013e-01 3.572273113656416338e-02
1.387445793329684651e-01 4.043051812850157606e-02
1.438171399874848544e-01 4.529322994800884933e-02
1.482586496605253767e-01 4.978885459139487102e-02
1.510163410415846230e-01 5.327520492283926296e-02
1.539495457020529923e-01 5.693699233218783157e-02
1.569570892507461957e-01 6.067928854830757085e-02
1.601382050508728672e-01 6.448374550888093248e-02
1.639876410207940505e-01 6.834997295361784631e-02
1.683372913879790655e-01 7.230046265403997086e-02
1.728659136257670315e-01 7.636430577579761403e-02
1.775261137479025586e-01 8.056715331166405814e-02
1.820170410045990061e-01 8.426710995008507288e-02
1.864013719668035640e-01 8.713350486485316182e-02
1.909873406769863891e-01 9.020753925294311415e-02
1.957271419563085257e-01 9.334160187062101599e-02
2.003799400575341227e-01 9.655536213705899484e-02
2.040877326356058119e-01 9.992214488247315451e-02
2.076666995579596886e-01 1.034039356067877058e-01
2.113864344756100078e-01 1.069725068470576967e-01
2.152185006136277667e-01 1.106310394270683672e-01
2.175351337895070902e-01 1.137366569189551258e-01
2.183577481464345493e-01 1.162836726548763522e-01
2.193865149919996260e-01 1.189647149163681472e-01
2.204048797038863916e-01 1.217001134379813998e-01
2.217554619267501359e-01 1.244053848630190806e-01
2.238872211513166510e-01 1.268398329477637976e-01
2.260361402461738833e-01 1.293031579322727886e-01
2.282499789553080471e-01 1.318213401031875787e-01
2.306133983479554395e-01 1.343696066039111181e-01
2.330421405018757164e-01 1.365376569986915534e-01
2.354631630303288536e-01 1.385482338055267770e-01
2.378767481378224191e-01 1.406220003375965866e-01
2.405233124943979839e-01 1.427390479864291684e-01
2.429906262650227688e-01 1.447851258465393531e-01
2.451630794620247578e-01 1.466997578881262254e-01
2.474040413767328861e-01 1.486899023488763016e-01
2.497272483508764240e-01 1.506930179305014383e-01
2.522219893953769887e-01 1.526473765898050394e-01
2.552583151875128520e-01 1.542542174518255205e-01
2.583731451664685874e-01 1.558387031377281573e-01
2.615433439560644890e-01 1.574386163605009381e-01
2.648291577096301141e-01 1.590795072944360955e-01
2.683742061659591949e-01 1.605637897383506429e-01
2.721440142148726093e-01 1.619499579247700438e-01
2.760541022842022962e-01 1.633396756932856964e-01
2.800000405149644100e-01 1.647867934403662860e-01
2.838284288841923519e-01 1.660862681364107529e-01
2.875146982682508234e-01 1.670791354392278105e-01
2.913553428974636761e-01 1.681147620067685866e-01
2.952620349645716513e-01 1.691627356720614428e-01
2.990969865126870686e-01 1.702767882036680114e-01
3.022976259994191173e-01 1.716223989783129122e-01
3.054701191438680685e-01 1.729977521439491073e-01
3.086993501583720767e-01 1.743942726703129054e-01
3.119564892085096020e-01 1.758129316692099708e-01
3.146493517918796945e-01 1.772442214191533583e-01
3.171324968383330556e-01 1.786929570794917876e-01
3.196949625996314825e-01 1.801681903002930740e-01
3.223040474613299011e-01 1.816659833958199910e-01
3.255859620175841074e-01 1.833944831389548447e-01
3.296782459338821747e-01 1.854061278590738160e-01
3.337625419238139379e-01 1.874191682457012342e-01
3.379618906641655429e-01 1.894690158462366270e-01
3.423912494002460671e-01 1.914571541075410221e-01
3.472980114531744600e-01 1.932059000220230915e-01
3.522412382111785312e-01 1.950038974599160591e-01
3.572627793162790333e-01 1.968224458212463057e-01
3.623508733151418193e-01 1.986757329223458046e-01
3.653314066582910025e-01 2.007861076950094026e-01
3.683843605471423532e-01 2.029199435665604845e-01
3.714431031684821138e-01 2.050830174034052045e-01
3.746263494006499273e-01 2.072821235590689704e-01
3.767125509150012208e-01 2.091444213724495127e-01
3.785334461176567133e-01 2.109301679500304449e-01
3.803849392494471071e-01 2.127390106689876770e-01
3.823028000119187420e-01 2.145715488340785571e-01
3.836588202836851980e-01 2.165119840871166934e-01
3.845890435673182672e-01 2.185334802935517406e-01
3.854960554680892382e-01 2.205333988457182370e-01
3.864351772831821075e-01 2.225814836936461094e-01
3.876152106861635027e-01 2.246818977998283895e-01
3.891342243314354077e-01 2.268198681605824440e-01
3.905889716648298093e-01 2.289521054078184903e-01
3.921396356164886243e-01 2.311242158480656672e-01
3.934663927992321231e-01 2.334153726112985217e-01
3.944859230546610696e-01 2.358217075482258174e-01
3.955442359589029788e-01 2.382581236842446493e-01
3.965213056658308255e-01 2.407018473090657418e-01
3.982652288129360785e-01 2.433856154215374434e-01
4.004635421997493339e-01 2.462161723434475313e-01
4.026890459253203991e-01 2.490872509801868306e-01
4.050805210831833758e-01 2.519969222601998182e-01
4.060515264269909386e-01 2.549090056888729805e-01
4.062878536515843186e-01 2.578278048519034860e-01
4.065829893031616682e-01 2.607814147493494050e-01
4.069040975092743095e-01 2.637795769593060391e-01
4.069141153348798112e-01 2.667384796232735167e-01
4.066758096992405536e-01 2.696834059624596547e-01
4.064521742118530900e-01 2.726757548197655812e-01
4.062783119548584732e-01 2.756917816240477270e-01
4.055469489723027565e-01 2.788304172889129462e-01
4.039704240206739572e-01 2.821297473909931686e-01
4.023977289295936899e-01 2.854612014280838994e-01
4.007759155301945930e-01 2.888292673869699012e-01
3.990904585759191270e-01 2.923608244725603433e-01
3.972313933158801436e-01 2.963159114927002569e-01
3.952991189760359236e-01 3.003462986188000228e-01
3.933038345607319797e-01 3.044255073549299029e-01
3.913125317769679534e-01 3.086505878940741243e-01
3.898389141840382655e-01 3.135238466754448616e-01
3.885396072332342743e-01 3.187182881583474070e-01
3.871323219077622002e-01 3.239319921317750928e-01
3.857121151814028592e-01 3.292513234581457837e-01
3.846368097773045780e-01 3.349071366704136077e-01
3.840585990847327214e-01 3.409734910562150501e-01
3.833886225148679383e-01 3.470911342045462922e-01
3.826949792884400403e-01 3.533039176171677842e-01
3.815847526050670790e-01 3.594800041088061504e-01
3.790821000187597489e-01 3.652969512931994456e-01
3.764005059973061784e-01 3.711628605603163322e-01
3.735755179630199097e-01 3.770982494269480290e-01
3.706141618078714894e-01 3.830909369338223458e-01
3.674760129446087986e-01 3.891049785511251913e-01
3.641609171238117115e-01 3.951714633354195816e-01
3.606706931537801974e-01 4.012820324659968074e-01
3.569974995533468642e-01 4.074701143212212662e-01
3.531865662397536965e-01 4.135548760163132997e-01
3.492106960444451569e-01 4.195400518544380453e-01
3.449625743378481602e-01 4.255849991675103583e-01
3.405001566642004707e-01 4.316676468928620780e-01
3.357022760290388486e-01 4.376523453822775966e-01
3.305148228911587438e-01 4.434185461235601311e-01
3.250204958192181581e-01 4.492371374218170899e-01
3.191798965152133905e-01 4.550463236198435402e-01
3.125047805081265784e-01 4.606227465021419110e-01
3.045635312716552523e-01 4.657984018904949841e-01
2.962770902950944696e-01 4.709656811341946248e-01
2.875440035022316376e-01 4.760736562131094862e-01
2.763232499531174113e-01 4.805387550442923317e-01
2.626043082029813625e-01 4.843035025927869830e-01
2.483022940646753829e-01 4.879380372214271455e-01
2.335566457919855399e-01 4.915327894867179692e-01
2.151073210512088330e-01 4.936713623555665231e-01
1.953273805961818765e-01 4.952571784705775970e-01
1.749178810487725388e-01 4.966249612310556505e-01
1.533248232553537094e-01 4.973318355273498859e-01
1.299551424563451796e-01 4.966808622464048417e-01
1.059683199547166443e-01 4.955568013710559550e-01
8.141992487744557916e-02 4.939925567331618916e-01
5.603014099925431035e-02 4.909241162921131330e-01
3.013685079916061937e-02 4.867268070401378210e-01
4.078681025276073568e-03 4.821276680756994559e-01
-2.215956917671810592e-02 4.762742854173430684e-01
-4.842491084389507344e-02 4.688469838277830037e-01
-7.438504963338661569e-02 4.611026643344014464e-01
-1.001873998293925233e-01 4.518536000674919784e-01
-1.255680404758499347e-01 4.411554505057125875e-01
-1.503220504049014861e-01 4.299883948072311113e-01
-1.742529636900347345e-01 4.172947474029117809e-01
-1.971429749248861940e-01 4.033399798628048427e-01
-2.192365653301491246e-01 3.889583580684991548e-01
-2.394766614822496087e-01 3.725945215253106402e-01
-2.588059144902885023e-01 3.557835797073695683e-01
-2.763388289058452685e-01 3.376008351426865728e-01
-2.920602634751724436e-01 3.182802007976363035e-01
-3.068164037572632119e-01 2.983962432358265859e-01
-3.190751246966355148e-01 2.767168739525586174e-01
-3.304077753617806756e-01 2.546264131104876149e-01
-3.396389187707127832e-01 2.312245756548813591e-01
-3.479316877118571183e-01 2.073664564889842465e-01
-3.539703033573234348e-01 1.820995553376537623e-01
-3.588143079113069733e-01 1.561931481427988322e-01
-3.622590576105009785e-01 1.295870285444664094e-01
-3.635994482177133946e-01 1.017662647860992503e-01
-3.640543350723534077e-01 7.360277330933534534e-02
-3.622883578893996703e-01 4.439117690075849998e-02
-3.589954269551978161e-01 1.449529847087210367e-02
-3.539755289156538698e-01 -1.606629692554412819e-02
-3.470412002822544917e-01 -4.734242761879755429e-02
-3.383861320085086999e-01 -7.918883474980006887e-02
-3.275048697220295235e-01 -1.116867237496889931e-01
-3.146491736425709451e-01 -1.446819537238511200e-01
-2.993727474247031561e-01 -1.781714749320844893e-01
-2.819143949659154158e-01 -2.120478979941737285e-01
-2.625550376128010233e-01 -2.461150492114137778e-01
-2.403522797824911850e-01 -2.807083922389215225e-01
-2.173005571180035289e-01 -3.152359051484895924e-01
-1.914002155794532756e-01 -3.503170257569072632e-01
-1.642347137479418517e-01 -3.854367893783421373e-01
-1.358635282254978816e-01 -4.204678992133513149e-01
-1.051215706437011038e-01 -4.556595077420912410e-01
-7.280250872005684937e-02 -4.905925578756047400e-01
-3.937130357348311155e-02 -5.249693283775520580e-01
-4.416154121518213287e-03 -5.587888990936490385e-01
3.242851045838880675e-02 -5.919811641726778761e-01
7.028165138217383479e-02 -6.241277259447877146e-01
1.090146012558401989e-01 -6.551982715263551249e-01
1.482299596502291150e-01 -6.850535114172561224e-01
1.875951012322342737e-01 -7.136643197298460084e-01
2.267809941282497022e-01 -7.409845672936510308e-01
2.653739094366285300e-01 -7.668651627588336517e-01
3.031757202430179765e-01 -7.913104874041239079e-01
3.397687234058991423e-01 -8.141947725722943341e-01
3.747839370186674679e-01 -8.354758868575162811e-01
4.078178089057637457e-01 -8.551776997753028908e-01
4.382058362542459728e-01 -8.732632391764456603e-01
4.651146231057689540e-01 -8.896380224350762811e-01
4.878778373470193941e-01 -9.043956927539694712e-01
5.058269724687035618e-01 -9.177201453222623151e-01
5.169443866855697456e-01 -9.294875667238984285e-01
5.195686605990350593e-01 -9.399271926821576306e-01
5.106918184743722833e-01 -9.492609380230893068e-01
4.856094819215113212e-01 -9.577610492301199541e-01
4.382282807748334452e-01 -9.657608085875019066e-01
3.577962198376127279e-01 -9.742282298764967097e-01
2.369009500690143488e-01 -9.828401249512609406e-01
6.183452883937794881e-02 -9.923182975674589290e-01
-2.683852902340307933e-01 -1.000000000000000000e+00
