-7.708237754443583167e-01 -9.882097175576416426e-01
-8.019799365647404255e-01 -9.521167965595838112e-01
-8.140137171997164911e-01 -8.981649413925949510e-01
-8.156363873867916725e-01 -8.311987344375664222e-01
-8.123571217057234950e-01 -7.559631946778218037e-01
-8.069859770909328933e-01 -6.772659231173112637e-01
-8.009992636646168229e-01 -5.977145332270206168e-01
-7.954263052922820876e-01 -5.194870685420357459e-01
-7.913319353639268749e-01 -4.441975020781097072e-01
-7.893961148332040434e-01 -3.727653110390461433e-01
-7.904288054671716468e-01 -3.056180243132720631e-01
-7.949047955723460568e-01 -2.433288002056680777e-01
-8.030651067382408304e-01 -1.859938705061960351e-01
-8.150311513361262472e-01 -1.335504348318812262e-01
-8.307104131425663285e-01 -8.624106697021392820e-02
-8.502378774106132964e-01 -4.378289498502600102e-02
-8.732682807262989177e-01 -6.127602667815481088e-03
-8.997281739883706830e-01 2.674117290048516962e-02
-9.292567174563035604e-01 5.512939983627562768e-02
-9.613415091268423529e-01 7.943727185665670765e-02
-9.955398416002694262e-01 1.000072575530768088e-01
-9.684854749679898678e-01 1.172267072361128371e-01
-9.311273510627350314e-01 1.314842656364174911e-01
-8.928291594428726663e-01 1.431374679862193744e-01
-8.540782397008153115e-01 1.524886641626932438e-01
-8.154949604757256720e-01 1.597823163393692625e-01
-7.776658165249203947e-01 1.651979954236250103e-01
-7.412375446241807886e-01 1.690459700433107615e-01
-7.064880066464614972e-01 1.713054027314423466e-01
-6.737562596454285124e-01 1.722940531204670833e-01
-6.426909144014008035e-01 1.722434781387801317e-01
-6.135358122348133492e-01 1.711418841894893628e-01
-5.859508116823588519e-01 1.692001065880945898e-01
-5.599062160711401059e-01 1.666180776401486874e-01
-5.355791857717016047e-01 1.632655851130802027e-01
-5.124162537474927781e-01 1.594597719161780502e-01
-4.906219866995409906e-01 1.551885792142874698e-01
-4.697466926367687701e-01 1.505863127608375041e-01
-4.497926545836248846e-01 1.457323495321289353e-01
-4.307175585978146315e-01 1.407655242250576422e-01
-4.130357495219785235e-01 1.353231469023317701e-01
-3.964150206032367452e-01 1.297454260691195960e-01
-3.818079490748411131e-01 1.236522802921833364e-01
-3.687716376400638763e-01 1.172877006632817992e-01
-3.569436797044705512e-01 1.107550568698052740e-01
-3.466982101399382343e-01 1.039437826337654275e-01
-3.370459007897615988e-01 9.716301480759102771e-02
-3.284722168435254552e-01 9.021808835399050541e-02
-3.204272067974783256e-01 8.335588335191940201e-02
-3.129532505688436550e-01 7.652158678045806184e-02
-3.055857972356585961e-01 6.987516679495395233e-02
-2.984728814769010974e-01 6.335928229917681120e-02
-2.913636073341455690e-01 5.710458085698948139e-02
-2.842094481662231775e-01 5.110406306106572011e-02
-2.770714174468933422e-01 4.529180963757672984e-02
-2.699415145936837068e-01 3.984850557677497435e-02
-2.629049774931215833e-01 3.476098723523943224e-02
-2.556610275706898694e-01 2.996559421415187149e-02
-2.484171571356502406e-01 2.535434275208477833e-02
-2.415093078211613120e-01 2.128307195083898110e-02
-2.348383314716551429e-01 1.746072437961101662e-02
-2.280184969963163777e-01 1.365807349025739692e-02
-2.215057669667876705e-01 1.000804689441300160e-02
-2.151322296606041351e-01 6.969195164468304504e-03
-2.089259316194907734e-01 3.799299478475216818e-03
-2.022705433404177189e-01 2.422231162151581988e-04
-1.965936314193672541e-01 -2.715414508323413939e-03
-1.912139069774628219e-01 -5.308868356290380452e-03
-1.858035238558643498e-01 -8.821575011792358659e-03
-1.808016392881957868e-01 -1.228284362945196787e-02
-1.774427076644378987e-01 -1.498700464945542862e-02
-1.734200792822204462e-01 -1.827659802941999576e-02
-1.689394832606951335e-01 -2.194688986098249778e-02
-1.666669974087175154e-01 -2.436552242121892142e-02
-1.641556736683127404e-01 -2.729255613862826418e-02
-1.606922735337853181e-01 -3.135608655398209460e-02
-1.579078668752023629e-01 -3.417185979868811452e-02
-1.552496127609569732e-01 -3.685798364518261955e-02
-1.514556722389397980e-01 -4.051180853340539262e-02
-1.477705197098643508e-01 -4.375612170502002352e-02
-1.440066155048430607e-01 -4.645429884875310750e-02
-1.401474414309100414e-01 -4.950824260042234470e-02
-1.359475257202867049e-01 -5.278327140410080803e-02
-1.321582060180187812e-01 -5.569162372715755205e-02
-1.283257758760090184e-01 -5.841026711690432138e-02
-1.247941689988962544e-01 -6.137414361890464187e-02
-1.212468240872152242e-01 -6.433295009299774825e-02
-1.185216574561152175e-01 -6.708347244672169252e-02
-1.158782432665034084e-01 -6.978343586804154619e-02
-1.143460952017782695e-01 -7.254442517117540290e-02
-1.130862344706427547e-01 -7.533805429853657198e-02
-1.125727810903942583e-01 -7.805743476839385742e-02
-1.125842112761424457e-01 -8.077918774003155222e-02
-1.123698789448566854e-01 -8.338619413133581404e-02
-1.121664296464879446e-01 -8.589700240040205881e-02
-1.118807763751740320e-01 -8.832075802156531819e-02
-1.114984202674108027e-01 -9.034381367817206909e-02
-1.111474658529150311e-01 -9.245932573143583744e-02
-1.109698548146131475e-01 -9.414142443162447360e-02
-1.107372175236114031e-01 -9.570753735671976015e-02
-1.106801050568830685e-01 -9.730451504123484308e-02
-1.105723576093729094e-01 -9.862242985612500179e-02
-1.105564460195268411e-01 -1.000375351556005710e-01
-1.096661657892443048e-01 -1.010784712199011143e-01
-1.089624951753125487e-01 -1.021334150127721913e-01
-1.073778947132131983e-01 -1.030364155989423325e-01
-1.050742631372150043e-01 -1.036651873314305694e-01
-1.027961201727971285e-01 -1.042983544336831270e-01
-9.982706474547758946e-02 -1.048541590391485478e-01
-9.661311015108349498e-02 -1.052899147926300016e-01
-9.339394101387830938e-02 -1.057622500253558029e-01
-9.043709910197926527e-02 -1.061496781008327978e-01
-8.761112284033197029e-02 -1.065600198666791232e-01
-8.485285366735331736e-02 -1.069485658753691476e-01
-8.230619295725304096e-02 -1.071604370291895508e-01
-7.977615492840790801e-02 -1.073210932657605865e-01
-7.721098261314472688e-02 -1.075154691771172399e-01
-7.398902944330394693e-02 -1.074891015310513592e-01
-7.066492341100245878e-02 -1.075126960886663846e-01
-6.745750853191229135e-02 -1.074839802051465731e-01
-6.332656408261751191e-02 -1.074584780244638993e-01
-5.892441758010626141e-02 -1.074140645813531497e-01
-5.473463565312572388e-02 -1.074278840554118430e-01
-5.102778487909833544e-02 -1.072435632511490877e-01
-4.752942491150784904e-02 -1.069816203185134096e-01
-4.401123365943683530e-02 -1.067547420826144011e-01
-3.999805073017916046e-02 -1.066298826133170036e-01
-3.517667245351861760e-02 -1.067265033961947857e-01
-3.047452138691545548e-02 -1.069008230868122300e-01
-2.572286132176966264e-02 -1.070072387139439640e-01
-2.225136480272290121e-02 -1.063621485826416052e-01
-1.851300612485124938e-02 -1.058445284250592727e-01
-1.485379676725395379e-02 -1.052924524339341333e-01
-1.064976475255465134e-02 -1.050093722905741239e-01
-6.010318827057542848e-03 -1.049869068543466955e-01
-1.353057823230617096e-03 -1.049473228245570017e-01
3.296435791528084299e-03 -1.050107782601656242e-01
6.024254567489246287e-03 -1.033517626204398521e-01
8.547900789364779039e-03 -1.011767139505849872e-01
1.098618022312304078e-02 -9.901272134186177298e-02
1.365936563049549232e-02 -9.714884435126786011e-02
1.852807614665595223e-02 -9.619015959070507937e-02
2.391166834240513600e-02 -9.542851519637066127e-02
2.927371982028853514e-02 -9.466587886815765185e-02
3.364308136600498850e-02 -9.371419443463430143e-02
3.456481040629784396e-02 -9.216250243869755776e-02
3.513406076803263223e-02 -9.053011754406849187e-02
3.576054903682837627e-02 -8.891137397450583901e-02
3.665558712655064832e-02 -8.731281453171405027e-02
4.007735097572412419e-02 -8.581906398404283431e-02
4.440231047917623380e-02 -8.439920804645992258e-02
4.870207939255538632e-02 -8.297031328762823066e-02
5.311173782331395088e-02 -8.153715142584425091e-02
5.668489497582748088e-02 -7.951826060221248160e-02
5.893150082046646338e-02 -7.674340172169408225e-02
6.136684512819929466e-02 -7.402457961098195260e-02
6.380865742802104001e-02 -7.125827599343337315e-02
6.666749892170070746e-02 -6.853455592154698850e-02
7.123535695262614431e-02 -6.607295940828578074e-02
7.614184938065468589e-02 -6.362541103028929168e-02
8.112968626263013239e-02 -6.113509277027671940e-02
8.620356220888393539e-02 -5.858619588150597995e-02
9.011781253611977904e-02 -5.554327989552585582e-02
9.291449198396697917e-02 -5.207806334520440755e-02
9.588994843294215698e-02 -4.860113997951479026e-02
9.894053344834757846e-02 -4.504216159286883459e-02
1.023476827449024129e-01 -4.162314485579504675e-02
1.057337454074233629e-01 -3.886081398285352873e-02
1.089849795994548010e-01 -3.605472577833928466e-02
1.122940966498686549e-01 -3.321019174921586992e-02
1.160323973751011400e-01 -3.025627728999949126e-02
1.187782833024156881e-01 -2.721008751339288115e-02
1.210130964011612437e-01 -2.412586617522111815e-02
1.232120082351826212e-01 -2.102132723374863441e-02
1.258075517527419973e-01 -1.776045328236185508e-02
1.276996047210933460e-01 -1.472072085063910220e-02
1.282849621998738143e-01 -1.212126189615746197e-02
1.290681699626033407e-01 -9.408480119259834962e-03
1.298092469875842536e-01 -6.656452266748882733e-03
1.306371003442582945e-01 -3.882690722580297953e-03
1.318734771168389441e-01 -1.248569332991146530e-03
1.330836905982012985e-01 1.388853918337773453e-03
1.341568883997131256e-01 4.049618964438525190e-03
1.354852550134743872e-01 6.794784446465538912e-03
1.381027318881417609e-01 9.623632316426895122e-03
1.418978327257983674e-01 1.254411482803744274e-02
1.456884144717573715e-01 1.556396397624147665e-02
1.495973520426963632e-01 1.862702943352572901e-02
1.533710905881400521e-01 2.163959542595030386e-02
1.565839623635592315e-01 2.444791361412339617e-02
1.600940873339786463e-01 2.736999726810114553e-02
1.637032087268875113e-01 3.035352092985891051e-02
1.671982135395146674e-01 3.331410723972339644e-02
1.697561944054687411e-01 3.580658231275380549e-02
1.720541902045625016e-01 3.817257176093492160e-02
1.744401118182002108e-01 4.060096537935446032e-02
1.768874871767372459e-01 4.307912886788130280e-02
1.792710260306452641e-01 4.543672411889757706e-02
1.814823599640788543e-01 4.759793229209825782e-02
1.837792863366106144e-01 4.983462396152613105e-02
1.861297962448139331e-01 5.211097051422684118e-02
1.885073996963479714e-01 5.448642147754309550e-02
1.908055899936829947e-01 5.706322835677157118e-02
1.931622961982209785e-01 5.968537751144226827e-02
1.955825483819031985e-01 6.236986043716138961e-02
1.980780775593063980e-01 6.512043331696221182e-02
2.005306000963875401e-01 6.791492696514242478e-02
2.029195342690207349e-01 7.073699662058682835e-02
2.053515104061873764e-01 7.361781734480495054e-02
2.079180005270517551e-01 7.657186708898874872e-02
2.105997084087758708e-01 7.953719364020565841e-02
2.133561261276604171e-01 8.243785407655887520e-02
2.162543066427232430e-01 8.540974184087880838e-02
2.191729331343366394e-01 8.844212675213181107e-02
2.221279214316060624e-01 9.150811887706612746e-02
2.249841464566430804e-01 9.427283617578048613e-02
2.278898312229424850e-01 9.706373459758066424e-02
2.308919449850990457e-01 9.990280621611762057e-02
2.339906524036844127e-01 1.027941724099168119e-01
2.374169409522402796e-01 1.054307459958736537e-01
2.411053945118121766e-01 1.078759376965805622e-01
2.447499582482981495e-01 1.103744173977175280e-01
2.485688626805531987e-01 1.129308957469920965e-01
2.528085014446991297e-01 1.153900850436826303e-01
2.581796736701701400e-01 1.173874409308417049e-01
2.635172884489331846e-01 1.195054930307088981e-01
2.689914907253672105e-01 1.216476179884730668e-01
2.746120690215705928e-01 1.237772477814173544e-01
2.796457425396297602e-01 1.254333517251349228e-01
2.849136184392371818e-01 1.271736410273596463e-01
2.903315902115881086e-01 1.289641603564155303e-01
2.958301285823929927e-01 1.307617345508185203e-01
3.009289624450561806e-01 1.323035454441925385e-01
3.059852920539108956e-01 1.337643352770707672e-01
3.111784984115152364e-01 1.352618065030792294e-01
3.164695987013828593e-01 1.367788190284047189e-01
3.215347640330665224e-01 1.382522224094253072e-01
3.254605123899381725e-01 1.394898330862290869e-01
3.295834408167380158e-01 1.407681466890109423e-01
3.337508295981660433e-01 1.420677724653043317e-01
3.380265765332610139e-01 1.433890574885730018e-01
3.418558383513548016e-01 1.450413972873714208e-01
3.456414753501695358e-01 1.467402551821763435e-01
3.494911593775862357e-01 1.484679573230025251e-01
3.535305334866681304e-01 1.502414930920454306e-01
3.569774728831630051e-01 1.520231620251792648e-01
3.599352464904770899e-01 1.537917612233783704e-01
3.629554566279211691e-01 1.555607896191939232e-01
3.660897377929973051e-01 1.574016343331585688e-01
3.689659470328044977e-01 1.592520376328016019e-01
3.708322653346994291e-01 1.610011233585151025e-01
3.728609146874975466e-01 1.627924270124502526e-01
3.748659515309237800e-01 1.646195687384629514e-01
3.768968365760627659e-01 1.664595230490224231e-01
3.784890792756527844e-01 1.687859249186683952e-01
3.801031593095456906e-01 1.711528943059384966e-01
3.817425071600846764e-01 1.735639270063247808e-01
3.834070052905822479e-01 1.760253717741756818e-01
3.854148068711876762e-01 1.783179886454092367e-01
3.875912671794965458e-01 1.805342290993208754e-01
3.896569208384808580e-01 1.827530219003601075e-01
3.918586386922602860e-01 1.850150257325128278e-01
3.941692721424949752e-01 1.874470837946239088e-01
3.965719160998841253e-01 1.901451413292964132e-01
3.990699781800002843e-01 1.928789505551336825e-01
4.016424816779000651e-01 1.956516335620926972e-01
4.035498959732627400e-01 1.983188291544347170e-01
4.043638939941417432e-01 2.007845663385794954e-01
4.052467412285056803e-01 2.032793145949068903e-01
4.061279556985187833e-01 2.057585096369021205e-01
4.066796162553157901e-01 2.086824414294151664e-01
4.070564218613992868e-01 2.119451397130477643e-01
4.074214143897744167e-01 2.152445648338393580e-01
4.078415173543710193e-01 2.186063839805757469e-01
4.077298218596392410e-01 2.217523272177295557e-01
4.072405142730098349e-01 2.247356584982670435e-01
4.067392182725275140e-01 2.277571910692974544e-01
4.062006662056108497e-01 2.307912922440312764e-01
4.055925378044323293e-01 2.340707815339776177e-01
4.049156913837347327e-01 2.376233548691847053e-01
4.042032496067164971e-01 2.412132666697352490e-01
4.034692294685606750e-01 2.448359211309815153e-01
4.025675684722364034e-01 2.484866660542407180e-01
4.013921601398793282e-01 2.521845449220228574e-01
4.001593633451867582e-01 2.559341718115125119e-01
3.988749064422884572e-01 2.597329220132332805e-01
3.975880239919492576e-01 2.635644928556279964e-01
3.965075960374908060e-01 2.674267383806553378e-01
3.954292242266203572e-01 2.712860113944953744e-01
3.942886981718168316e-01 2.751828611861454332e-01
3.931363277572945680e-01 2.791735039638288951e-01
3.915213829594479389e-01 2.829678964814684727e-01
3.894838713449913503e-01 2.865754996952454836e-01
3.874200433452221759e-01 2.902148004112516388e-01
3.852936770239053788e-01 2.939077339679058709e-01
3.827430400073467687e-01 2.977017823206619118e-01
3.793647870413462964e-01 3.016363171929088427e-01
3.758786426146409898e-01 3.056162938451193467e-01
3.722573584282753423e-01 3.096317480177032122e-01
3.685113769812793372e-01 3.137232270277702795e-01
3.647169016008513509e-01 3.180745614154547596e-01
3.608131148822961154e-01 3.225327818173855943e-01
3.567481595786466397e-01 3.270312239969451751e-01
3.525203067907919929e-01 3.315583154026767732e-01
3.480393296236492517e-01 3.361344242608410582e-01
3.432901127626462046e-01 3.407536854837947549e-01
3.383013869813337182e-01 3.453591494742047630e-01
3.331628551866946952e-01 3.500111381503601682e-01
3.273410626727352724e-01 3.545905009374008543e-01
3.201100536288359333e-01 3.589762277825862546e-01
3.126411991062317264e-01 3.633456014372852261e-01
3.048840609396154533e-01 3.677079443695427385e-01
2.965040709960202192e-01 3.719882162134822701e-01
2.863175201664438507e-01 3.758264278695243599e-01
2.757134957687640830e-01 3.795979936072096383e-01
2.646526810062208579e-01 3.833067935211779131e-01
2.529606884217457941e-01 3.868782335836031261e-01
2.384426645711915926e-01 3.895062300419822598e-01
2.234278140554938619e-01 3.919955623189040894e-01
2.078905130760020925e-01 3.943386137721793805e-01
1.918220973733568702e-01 3.965007444547747339e-01
1.746553192269837407e-01 3.975803621285522449e-01
1.570553141041932665e-01 3.985202746806561502e-01
1.390109545526412860e-01 3.992652111964734574e-01
1.205181259743228761e-01 3.993528635594683629e-01
1.016713543445828816e-01 3.984508055474054178e-01
8.250503168615802574e-02 3.972625793446474263e-01
6.294167779036416444e-02 3.958915126565912823e-01
4.354355354625197294e-02 3.929832352870618051e-01
2.409055139129743020e-02 3.894552198771647489e-01
4.418688426052866207e-03 3.856063480868555660e-01
-1.506131648645696493e-02 3.807650488667656541e-01
-3.411339657095717459e-02 3.746000447658769938e-01
-5.314059026857396312e-02 3.679751413063699350e-01
-7.204756158989987502e-02 3.607058775213669022e-01
-9.072971840420240852e-02 3.516738914406952743e-01
-1.091267376990438381e-01 3.421019000131840238e-01
-1.271892468158697942e-01 3.320779652470901011e-01
-1.442908603334698836e-01 3.200782301260824414e-01
-1.610423238322750972e-01 3.077397386736239748e-01
-1.766551604911691387e-01 2.944538407984345074e-01
-1.902556290694024099e-01 2.796957681945860252e-01
-2.032209767109577347e-01 2.644300507569664616e-01
-2.146729641134719202e-01 2.479442703322405350e-01
-2.243433013921350694e-01 2.300691539497655980e-01
-2.334950743618384172e-01 2.117813008460242286e-01
-2.406594343318549656e-01 1.917709041303049256e-01
-2.472608725450236578e-01 1.713628614358116697e-01
-2.519661078697784107e-01 1.496600247808155537e-01
-2.558296357671913102e-01 1.273768582169833574e-01
-2.576172934635454492e-01 1.039771481275208465e-01
-2.584844942612678498e-01 8.008935554455250128e-02
-2.575243918472983617e-01 5.531650856636164543e-02
-2.552801884557289736e-01 2.985585203123992601e-02
-2.513839657268194805e-01 3.580914978001030567e-03
-2.463584733616366040e-01 -2.322162429715742341e-02
-2.395408127013449739e-01 -5.082113021852250473e-02
-2.317808617116244307e-01 -7.880928172772977414e-02
-2.223985015549882482e-01 -1.074377457158267324e-01
-2.121679010753369510e-01 -1.361767549376365349e-01
-1.999529825077078216e-01 -1.654598413084638064e-01
-1.870870015292978028e-01 -1.946138751030973002e-01
-1.721330850540160884e-01 -2.241196478157701510e-01
-1.564836433882647593e-01 -2.533814704563553399e-01
-1.384613310230122518e-01 -2.828354932189863225e-01
-1.195524014647418726e-01 -3.120073426893089086e-01
-9.868555581951696243e-02 -3.410710980434819573e-01
-7.630861493491078451e-02 -3.698612062357197749e-01
-5.298815447709587234e-02 -3.982523008484939453e-01
-2.775127902079416523e-02 -4.264329123337623484e-01
-1.904188492370698918e-03 -4.541613409275796487e-01
2.482821864438356646e-02 -4.814661644701704324e-01
5.289814023353025391e-02 -5.085311567023810264e-01
8.161904644543097054e-02 -5.351662302137354388e-01
1.107347647186672362e-01 -5.612053370593268475e-01
1.401927445721507515e-01 -5.866489682840646536e-01
1.701525237927366263e-01 -6.115867583546200636e-01
2.001119686134988640e-01 -6.359057033307891071e-01
2.297155468044816684e-01 -6.596182967044071921e-01
2.585919832099723426e-01 -6.826064254213457527e-01
2.865935521664563779e-01 -7.049178396078675801e-01
3.135528958476053729e-01 -7.266022347431517758e-01
3.390952630890771147e-01 -7.475110594536493736e-01
3.631778078079671568e-01 -7.678451954216086728e-01
3.854850385767012999e-01 -7.875011029179492805e-01
4.058909654842531300e-01 -8.065271731340812877e-01
4.241175829003209774e-01 -8.248414161489552310e-01
4.399672304891512065e-01 -8.424296118324183791e-01
4.530571177291613516e-01 -8.593220908659899848e-01
4.627429778384093972e-01 -8.754704433055863211e-01
4.677956887635092986e-01 -8.907367434778669102e-01
4.666462214667170261e-01 -9.050449249159058240e-01
4.578119730462431036e-01 -9.185812908086967710e-01
4.376060548159306229e-01 -9.311230142651484298e-01
4.015859471798637337e-01 -9.431721369504932895e-01
3.425376814082413679e-01 -9.545206349581625282e-01
2.497028332824878238e-01 -9.662643668140693531e-01
1.130061943733095126e-01 -9.781064133691642626e-01
-7.597957156008476598e-02 -9.901300116034909005e-01
-4.273620513654440289e-01 -1.000000000000000000e+00
