-6.023090774168076145e-01 -9.903854205750159956e-01
-6.246364602513589936e-01 -9.634548310122212911e-01
-6.587157702110580937e-01 -9.255288284482856564e-01
-6.933177189382213612e-01 -8.806206160259746341e-01
-7.241619693244291112e-01 -8.313189586092673000e-01
-7.490763828210551534e-01 -7.799646479094629603e-01
-7.687613173666704158e-01 -7.277132584085929112e-01
-7.841077538960097293e-01 -6.756596605922313703e-01
-7.962214572380102995e-01 -6.246238389262014357e-01
-8.062864581455247981e-01 -5.750923928066483670e-01
-8.152030919875442594e-01 -5.271956559709707335e-01
-8.236136131315301423e-01 -4.811747899657810024e-01
-8.318513981600536011e-01 -4.371025597280093766e-01
-8.401141839180228388e-01 -3.949972249061586838e-01
-8.485656480222723008e-01 -3.548795262927625926e-01
-8.574262335084371633e-01 -3.167474402548127732e-01
-8.668912132093450351e-01 -2.806092985112220162e-01
-8.771222191994012540e-01 -2.464538333419822314e-01
-8.882790492213431532e-01 -2.143842355276917300e-01
-9.004900177457625388e-01 -1.843781798042548048e-01
-9.138049386885676029e-01 -1.563535627365501557e-01
-9.282024347896828953e-01 -1.302801903208275214e-01
-9.436374387740371628e-01 -1.063297468947378144e-01
-9.599767663109461946e-01 -8.450559770242206670e-02
-9.770042504690881202e-01 -6.475012520217844625e-02
-9.944778147441659666e-01 -4.694243994016527449e-02
-9.876829972520245748e-01 -3.090348544470316108e-02
-9.697099249058994674e-01 -1.627341384070274052e-02
-9.520417202244716437e-01 -3.246155757985515200e-03
-9.343075543737787703e-01 8.663936465425972622e-03
-9.164915772128191529e-01 1.944651104371224876e-02
-8.985172616527425937e-01 2.932201337675619315e-02
-8.802473670154233876e-01 3.826194020246086874e-02
-8.615641569419998369e-01 4.583155545530950836e-02
-8.425309631908339814e-01 5.236716489226811433e-02
-8.229559110894216767e-01 5.807503525885816809e-02
-8.033620557838043741e-01 6.313387933263461815e-02
-7.837641119515138532e-01 6.778484053182304292e-02
-7.646856847417684566e-01 7.214840677249396983e-02
-7.456731710945838643e-01 7.593836714477637806e-02
-7.271544869660698795e-01 7.905116628585623362e-02
-7.086346647739180105e-01 8.158401984445105837e-02
-6.911251903071488067e-01 8.293342268904566050e-02
-6.739473669323473581e-01 8.372235241867428956e-02
-6.569673958439312678e-01 8.415868259686855313e-02
-6.402651873561068241e-01 8.421237655322649784e-02
-6.238906814195440687e-01 8.425410058014223824e-02
-6.081164170386524903e-01 8.441117043878615389e-02
-5.925422045969730434e-01 8.430882895359295692e-02
-5.769057976112150765e-01 8.402128291470639665e-02
-5.619253650919828758e-01 8.352786881166494870e-02
-5.471601186341814582e-01 8.247189941112534339e-02
-5.326861283591896035e-01 8.112022708056998432e-02
-5.184034958806043036e-01 7.964501337399852721e-02
-5.042110521501881326e-01 7.816081343252535840e-02
-4.904615421543760401e-01 7.651566795370266794e-02
-4.766867691557510889e-01 7.515079165539771677e-02
-4.633155350929352712e-01 7.350883556200021873e-02
-4.501267226994477011e-01 7.187183597896452947e-02
-4.373717817144847086e-01 6.972511387206357936e-02
-4.247424434186953257e-01 6.756434454226398212e-02
-4.130623641288972414e-01 6.487617524749865472e-02
-4.019941437017743313e-01 6.201406129044825105e-02
-3.914341153223458991e-01 5.886813145354353322e-02
-3.812462498572413705e-01 5.566381358124556505e-02
-3.714843341048164604e-01 5.232716444407078255e-02
-3.619399592724428794e-01 4.876880515064582755e-02
-3.520929584820116642e-01 4.520749006983892232e-02
-3.426959979270488565e-01 4.161426931967530246e-02
-3.335453844246810684e-01 3.784755983923520500e-02
-3.244715816487735438e-01 3.379435450104086025e-02
-3.158011295070142221e-01 2.964220427284387435e-02
-3.075140396035016543e-01 2.548860588749238265e-02
-3.011958997943053884e-01 2.125320235727756746e-02
-2.951339602427195397e-01 1.718760808825887942e-02
-2.895014791650800667e-01 1.343915830988269382e-02
-2.841578090000620449e-01 9.645104295476342876e-03
-2.790750872221006706e-01 5.772227145857128892e-03
-2.739856145123662490e-01 2.112713420796170482e-03
-2.679278041944808675e-01 -1.734210305952645298e-03
-2.614888291027220313e-01 -5.715106775363518361e-03
-2.551359184346246867e-01 -9.635313756681109648e-03
-2.488333525751915132e-01 -1.342770955277171503e-02
-2.426616767608195946e-01 -1.720616659149701994e-02
-2.367881145562347467e-01 -2.109835182734393771e-02
-2.311221774566572795e-01 -2.492769868998029673e-02
-2.272904883934217524e-01 -2.838580709090536211e-02
-2.234346538455143916e-01 -3.185652291705103750e-02
-2.200798010971556362e-01 -3.533071026975317247e-02
-2.168946370825614867e-01 -3.880534153748368270e-02
-2.137665020923815717e-01 -4.210159781755128117e-02
-2.107335826588817018e-01 -4.528389856475930481e-02
-2.077225194274207876e-01 -4.841517065635597694e-02
-2.042093236886495522e-01 -5.168489261477432484e-02
-2.006577118159617590e-01 -5.494966401527211913e-02
-1.974211968873791079e-01 -5.805248984608533946e-02
-1.942334394168752087e-01 -6.112446877463561384e-02
-1.911644929544294158e-01 -6.406475043682242909e-02
-1.881804006339439783e-01 -6.693633651284108810e-02
-1.852085720049455320e-01 -6.981816284428116193e-02
-1.830436739020359915e-01 -7.217416756217766294e-02
-1.815977859160906593e-01 -7.401660743019181088e-02
-1.800523935273370402e-01 -7.596620081011230818e-02
-1.791797544777582463e-01 -7.772575953401664184e-02
-1.782479734057112464e-01 -7.953919883818685865e-02
-1.772197253560048869e-01 -8.123688826733160839e-02
-1.760581992615809499e-01 -8.277168978833855661e-02
-1.748812715668582596e-01 -8.431481017190649296e-02
-1.729376681893502743e-01 -8.625609225033990801e-02
-1.700610946959584258e-01 -8.830320208896208500e-02
-1.673906564172628619e-01 -9.036920048520664939e-02
-1.643858304919368352e-01 -9.235035602340378735e-02
-1.609696446397308189e-01 -9.420729221056946268e-02
-1.576477066226355250e-01 -9.605371876716833901e-02
-1.541700645587274210e-01 -9.782505263139176788e-02
-1.505598407851484466e-01 -9.945678463859192187e-02
-1.468138534437542497e-01 -1.007225494015045880e-01
-1.429441744325239960e-01 -1.015932529417481189e-01
-1.391816140966008475e-01 -1.025600840816532772e-01
-1.354265893588483816e-01 -1.035332853621848681e-01
-1.317605728246349917e-01 -1.045305398105709632e-01
-1.285660547822215782e-01 -1.055307629144537906e-01
-1.255641634393405426e-01 -1.065561673483740451e-01
-1.225218703504627749e-01 -1.076088939662113719e-01
-1.194799043611924211e-01 -1.086498154054417881e-01
-1.170578394861601645e-01 -1.097042857075292838e-01
-1.147118458679734221e-01 -1.107701524361120599e-01
-1.123259520831766944e-01 -1.118434176809785519e-01
-1.099667139573843738e-01 -1.129262982283083111e-01
-1.076727619711929651e-01 -1.140185239630712583e-01
-1.054163177939518581e-01 -1.151474865264576208e-01
-1.031468086943391343e-01 -1.162849554996480406e-01
-1.012144771675815430e-01 -1.173912700968989253e-01
-9.953574038814202996e-02 -1.185190048172918981e-01
-9.731048634055738944e-02 -1.197499328917071976e-01
-9.507495628079758176e-02 -1.209983814323861290e-01
-9.322437512045816943e-02 -1.219044764909127526e-01
-9.156621978022698449e-02 -1.225864852482367734e-01
-8.992125865642759674e-02 -1.233189571344264907e-01
-8.834572595533772554e-02 -1.240772423465159729e-01
-8.703689793526196705e-02 -1.245576000199030836e-01
-8.589189865171263649e-02 -1.247762304588027893e-01
-8.469555157131414269e-02 -1.250101253568514648e-01
-8.372561982740445163e-02 -1.251818688492226106e-01
-8.281573497596197986e-02 -1.252392112630946186e-01
-8.178657889962646921e-02 -1.252131888883341315e-01
-8.081994395696022460e-02 -1.252199311834119866e-01
-7.971234709347935210e-02 -1.251684068787521364e-01
-7.838620717264142834e-02 -1.250812344277812405e-01
-7.614937487155824802e-02 -1.248708837109195197e-01
-7.364843237084200966e-02 -1.245963573254970647e-01
-7.109746174165956778e-02 -1.243079178443207283e-01
-6.850622971947387119e-02 -1.240302333466610091e-01
-6.466675297605334327e-02 -1.236344078875279417e-01
-5.972094515874275256e-02 -1.230460316164312812e-01
-5.489635941472491981e-02 -1.224887220589548353e-01
-4.990499244283523594e-02 -1.219056210068782536e-01
-4.471313326386122666e-02 -1.212876592087080846e-01
-3.933435905252555265e-02 -1.205757397360764649e-01
-3.379760349406008002e-02 -1.197850571434885825e-01
-2.822156980505099999e-02 -1.189685153433080594e-01
-2.259254790747344810e-02 -1.181555512790323781e-01
-1.693385322130574674e-02 -1.172887280042403113e-01
-1.233152517192812742e-02 -1.162583370029555002e-01
-8.175637166361006056e-03 -1.151990147842325007e-01
-3.921894055265834865e-03 -1.141409253705740201e-01
2.826075127508128238e-04 -1.130986704974974999e-01
4.449213879934884978e-03 -1.121100416678630224e-01
7.888752222659958790e-03 -1.109891261379763600e-01
1.092546608361281806e-02 -1.097986394271606020e-01
1.377982483883605398e-02 -1.086728414425118389e-01
1.665847592958535905e-02 -1.075472196510179473e-01
1.960597843700625717e-02 -1.064013833168390710e-01
2.206608045153644199e-02 -1.054305331274190682e-01
2.415836452589932223e-02 -1.044236224444451966e-01
2.628396551229921288e-02 -1.034130367198489997e-01
2.839399972637894967e-02 -1.023890413118782872e-01
3.048949707926425917e-02 -1.013622489790882708e-01
3.233300322555106993e-02 -1.002730331280524273e-01
3.400324188180233603e-02 -9.913704321848046397e-02
3.560216924493651153e-02 -9.800494700140859050e-02
3.719564439860673782e-02 -9.686374406135009330e-02
3.880221290126281003e-02 -9.571262700935473378e-02
4.083036098981333850e-02 -9.443625241246786373e-02
4.298141515399510337e-02 -9.293081751499526755e-02
4.516131723731379305e-02 -9.142968357958365655e-02
4.736157280041716766e-02 -8.991505666766325122e-02
4.948423231586823734e-02 -8.845019966877439022e-02
5.171107777593985516e-02 -8.695315317077799422e-02
5.402915040421563120e-02 -8.542452547699080911e-02
5.633188218778386464e-02 -8.389030341880351904e-02
5.865926270301111828e-02 -8.233764151042266555e-02
6.104604937592101460e-02 -8.075501994602313216e-02
6.340870919071989187e-02 -7.909366675804983815e-02
6.580560863870975330e-02 -7.742842051738410558e-02
6.832130572288502846e-02 -7.581094127216198020e-02
7.088572450793013957e-02 -7.417069437966024303e-02
7.333882028028523847e-02 -7.253199344804858728e-02
7.560017761162422800e-02 -7.097724141005959386e-02
7.781829645123221340e-02 -6.944124749082399017e-02
8.012876755709918974e-02 -6.785607043566173335e-02
8.251204564990551049e-02 -6.623777599832200713e-02
8.481352462057140107e-02 -6.459227278463548771e-02
8.666783618582082904e-02 -6.290385524222015523e-02
8.853031097019344042e-02 -6.118167139067060695e-02
9.043936310596706329e-02 -5.941653285566302761e-02
9.231672441609768687e-02 -5.745159923893500969e-02
9.409287102911084721e-02 -5.541226879719998721e-02
9.540714717536845357e-02 -5.322793678105417620e-02
9.665868748942106625e-02 -5.096847944306043265e-02
9.795448853797236732e-02 -4.868144226917841405e-02
9.927835577305427206e-02 -4.640210889447441561e-02
1.009570492886590065e-01 -4.398749251038430730e-02
1.030631307597707214e-01 -4.142272854364646012e-02
1.054241809430922772e-01 -3.874463016159120088e-02
1.078738662890996874e-01 -3.601750217535758941e-02
1.102765887186805543e-01 -3.323089321306901128e-02
1.137066554250923123e-01 -3.045687357570453849e-02
1.176978821986910673e-01 -2.770967079264103142e-02
1.217967228584322659e-01 -2.490990613742526463e-02
1.259486389246051996e-01 -2.204065263091013749e-02
1.302629030168130642e-01 -1.904773891728082577e-02
1.325653054951052290e-01 -1.621731922738275933e-02
1.347284740120081314e-01 -1.335099721728249741e-02
1.368948683317798842e-01 -1.042363314573440183e-02
1.391438595203164097e-01 -7.432920467308536464e-03
1.412446673214816373e-01 -4.485998128828714779e-03
1.428868487682192767e-01 -1.730032030096642246e-03
1.445886315448174364e-01 1.088360850198150185e-03
1.463341704309572555e-01 3.968544516509028321e-03
1.481824701436303127e-01 6.948731918627025668e-03
1.498705276500720551e-01 9.695118264577935047e-03
1.514374285628895256e-01 1.233387958684864852e-02
1.530310424232186606e-01 1.501604550584212730e-02
1.547138807861974386e-01 1.777490049722321719e-02
1.564518065715380102e-01 2.059060750522247185e-02
1.580188042759521905e-01 2.334458014833359907e-02
1.596083034762258435e-01 2.614076104871693521e-02
1.612136315696248989e-01 2.895172471518446880e-02
1.628313904790191224e-01 3.183618455772260075e-02
1.652146311564728354e-01 3.474606553712961815e-02
1.682635423429024724e-01 3.761889584316933238e-02
1.713241121032954561e-01 4.057039549578606019e-02
1.744738710501701484e-01 4.358645840647019237e-02
1.776141944083840796e-01 4.661495687650157177e-02
1.815162723276792511e-01 4.956657534219360145e-02
1.855115047708995046e-01 5.259083959893677551e-02
1.896181541997115361e-01 5.567114363365738977e-02
1.938668513055136766e-01 5.880502115628090387e-02
1.973592737744866432e-01 6.186379851206134234e-02
2.002367063185762908e-01 6.487442610418021893e-02
2.031472327054471838e-01 6.797393007867597037e-02
2.061192379471583347e-01 7.114434088069659934e-02
2.090539454984350065e-01 7.435803496976545190e-02
2.110063805550819183e-01 7.758631891024658778e-02
2.130894533802081825e-01 8.087387378270299854e-02
2.152732996762183881e-01 8.423194289403704293e-02
2.174687357265191190e-01 8.764049561526522647e-02
2.200873752018648044e-01 9.124597925187541425e-02
2.228267435530253970e-01 9.495829790164893314e-02
2.256483082287890074e-01 9.873907550406511857e-02
2.286170651988370939e-01 1.026120770121545650e-01
2.317329818494287264e-01 1.063506182756484286e-01
2.349905869554449189e-01 1.099818660792401537e-01
2.384402646977836493e-01 1.137158598434133694e-01
2.419589657520339609e-01 1.175192170438219275e-01
2.457835445339139058e-01 1.213458325987096104e-01
2.502185325841864150e-01 1.251488068023406952e-01
2.547492979822885140e-01 1.290260815749157686e-01
2.593190852318832396e-01 1.330154891365160075e-01
2.638964059311069699e-01 1.371565739849090471e-01
2.682843466723824899e-01 1.415705807392813598e-01
2.728485320652298540e-01 1.460613662260780710e-01
2.774832005724744421e-01 1.506537260497897712e-01
2.820809384945024423e-01 1.553541154042908656e-01
2.853161102110123859e-01 1.597788546678343968e-01
2.884464816218581529e-01 1.642383734617131885e-01
2.916286460266456215e-01 1.688089189904388165e-01
2.949392489066485767e-01 1.734368269149933472e-01
2.988517174219665340e-01 1.779404619239489116e-01
3.030921175704197057e-01 1.825332400114777209e-01
3.074950522850081747e-01 1.872175498292259765e-01
3.116173258396500167e-01 1.918767224814695582e-01
3.148917066255877417e-01 1.962954847740546738e-01
3.182499047818959648e-01 2.006537838800586115e-01
3.216755664349270072e-01 2.050713303092460971e-01
3.239943320327888787e-01 2.092448913667290800e-01
3.253814263574324461e-01 2.131891075015519554e-01
3.268673202875996830e-01 2.172041111410978886e-01
3.282896650152844487e-01 2.212718613390327327e-01
3.278483560353846471e-01 2.249253309728448391e-01
3.274468769900687470e-01 2.286328253751993833e-01
3.269393629112117283e-01 2.323680794158374252e-01
3.265086726850069399e-01 2.361613681800193154e-01
3.262068637061333876e-01 2.400235926137229414e-01
3.257748236026991595e-01 2.438953364629791176e-01
3.253931666251954069e-01 2.478317189703668766e-01
3.244132670713795741e-01 2.516600658191076034e-01
3.229797868807339767e-01 2.553908520682360850e-01
3.213961473296117477e-01 2.591719992431009145e-01
3.198436365546670213e-01 2.631398763875639757e-01
3.157259953478975256e-01 2.665992069044419988e-01
3.106283240365035891e-01 2.699063656006704393e-01
3.053990205263866775e-01 2.732078488230128555e-01
2.998716351582626505e-01 2.764437916684306940e-01
2.933365350386424319e-01 2.794526352531089830e-01
2.862843791619741896e-01 2.823561385496015097e-01
2.790027767642197509e-01 2.852236187867674411e-01
2.714691440161092761e-01 2.880268206674964637e-01
2.636393801342313270e-01 2.907986219321424537e-01
2.555728481635283211e-01 2.935109114181350676e-01
2.472856571564711337e-01 2.961420563620628110e-01
2.385866419736044353e-01 2.987208291108669478e-01
2.293571239968259512e-01 3.013013201523333517e-01
2.198135486823625806e-01 3.037859540853022899e-01
2.099377343348605152e-01 3.061603571261124479e-01
1.997048555201552944e-01 3.084167992443030970e-01
1.889282156004517266e-01 3.104998342029026137e-01
1.778565972917081073e-01 3.123544225019492804e-01
1.664381510636865347e-01 3.140587868027402418e-01
1.542082302473900546e-01 3.154571856913066519e-01
1.406502452464669095e-01 3.163266189779295745e-01
1.268090005105743656e-01 3.169872508126700961e-01
1.126200412737205642e-01 3.174509374817608420e-01
9.722914805079860279e-02 3.172507298588614910e-01
8.102476540099057267e-02 3.165231481226432608e-01
6.453472169684042192e-02 3.155000209516323761e-01
4.792503902283847678e-02 3.141140738744222505e-01
3.258204344143265929e-02 3.121029982658971025e-01
1.731469354906528882e-02 3.096617912378255566e-01
1.606647559804357060e-03 3.068374718370645016e-01
-1.241375744363711064e-02 3.034902944949107173e-01
-2.455779314118581788e-02 2.995774429110726333e-01
-3.703604538799860901e-02 2.952111987090504375e-01
-4.926850004531480726e-02 2.902711969781527901e-01
-5.948280115249535149e-02 2.842463665275679618e-01
-6.975213357448754870e-02 2.776683831682009163e-01
-8.011776726303397600e-02 2.706116220533134609e-01
-8.856028136446553178e-02 2.618424168291124121e-01
-9.702962827582752026e-02 2.525399118369898166e-01
-1.051994968275924286e-01 2.425067950779059567e-01
-1.119207658307751346e-01 2.311454424418439013e-01
-1.183114894308194692e-01 2.190856355100473107e-01
-1.243978606117453478e-01 2.063238684650617882e-01
-1.293739630749327629e-01 1.921903610709359000e-01
-1.342596693930591667e-01 1.776077483056243411e-01
-1.387178611939248740e-01 1.620879404216964415e-01
-1.427209502208528769e-01 1.456075657199757400e-01
-1.465415595915836033e-01 1.286763211241909732e-01
-1.496049764234831381e-01 1.107245976681281718e-01
-1.524753826070766038e-01 9.236557235913607500e-02
-1.541575421596382556e-01 7.325966554457204183e-02
-1.552467275547294856e-01 5.373643111591903249e-02
-1.555114239007892030e-01 3.363890239335543680e-02
-1.548790825176687980e-01 1.299822223270003657e-02
-1.534787289993291282e-01 -8.005769502319749417e-03
-1.511866208069232997e-01 -2.934240964026948659e-02
-1.481681165838030501e-01 -5.091742222451244720e-02
-1.443305780106753922e-01 -7.270042089720259171e-02
-1.393772194670939713e-01 -9.452596094196724641e-02
-1.337208994135724305e-01 -1.164044731006506628e-01
-1.271746149377894486e-01 -1.383350824864529316e-01
-1.199840848958071415e-01 -1.602281378268759771e-01
-1.121675428720405321e-01 -1.821427329273717366e-01
-1.037367477586834535e-01 -2.040025819694481490e-01
-9.493226380134170417e-02 -2.257215042875984068e-01
-8.545655470475303772e-02 -2.472816619091247337e-01
-7.540106253574450912e-02 -2.686074686743062379e-01
-6.488565758101545733e-02 -2.897265033666219236e-01
-5.373462436005040088e-02 -3.106094866087762418e-01
-4.198724895576440991e-02 -3.314015003079547328e-01
-3.004989669579694392e-02 -3.521160459707941559e-01
-1.801439328945202492e-02 -3.728738971349875309e-01
-5.927603469899887269e-03 -3.937573602786940685e-01
6.129859794240569669e-03 -4.148050689346063358e-01
1.823498935597524587e-02 -4.361159438825974455e-01
3.051808123162495431e-02 -4.578596246278333615e-01
4.303989807268052831e-02 -4.800080521104745923e-01
5.587729848523941695e-02 -5.027003617902906507e-01
6.884135863728441107e-02 -5.259095424518025474e-01
8.172177635262833917e-02 -5.497571246504149300e-01
9.429441026934906600e-02 -5.743328575656001522e-01
1.063116523241558337e-01 -5.996974680478963649e-01
1.174591223358716213e-01 -6.259293872460168773e-01
1.278006152927066985e-01 -6.530204607264478156e-01
1.374209479796726363e-01 -6.810329309386795593e-01
1.462348877033342875e-01 -7.098611442079901801e-01
1.542364256050249571e-01 -7.392340569880818668e-01
1.614792124577456300e-01 -7.689706591191824980e-01
1.679711954808138508e-01 -7.986976573317199346e-01
1.734462234604807196e-01 -8.279173661757842639e-01
1.774229645943751210e-01 -8.560306628459257716e-01
1.787389022195139676e-01 -8.826335214611468194e-01
1.748905522157782888e-01 -9.069255672708309568e-01
1.612592563118581401e-01 -9.284591378563278319e-01
1.302376662255096684e-01 -9.476295775866845350e-01
6.774385248786983504e-02 -9.634508987672838476e-01
-4.449539979194451489e-02 -9.777322835627777486e-01
-2.261692232118570900e-01 -9.906147243890659482e-01
-5.982290520575191950e-01 -1.000000000000000000e+00
