-4.431950074793817862e-01 -9.891938367251462694e-01
-2.757058104846408231e-01 -9.796518841366936847e-01
-1.420975064656500864e-01 -9.703777963536013296e-01
-5.372160586284301792e-02 -9.613204094843357250e-01
-9.289654648027806383e-03 -9.519228074606287393e-01
-7.511382800705897894e-03 -9.406474944597438270e-01
-3.902884571851112511e-02 -9.272128585596441930e-01
-1.038851171649537858e-01 -9.101053691136415935e-01
-1.924682993123313646e-01 -8.893109609980437424e-01
-3.048483513908021858e-01 -8.635724607115315976e-01
-4.321318358544652960e-01 -8.333377938790429429e-01
-5.712451058572325380e-01 -7.979749491437826414e-01
-7.151725356814730983e-01 -7.584868214336026870e-01
-8.604965351969191545e-01 -7.152753803025125867e-01
-9.995901692735551514e-01 -6.690124095304024188e-01
-8.664282283704872745e-01 -6.205580456757195940e-01
-7.430873042482688540e-01 -5.708026673249277927e-01
-6.287554054848860652e-01 -5.201957533083914065e-01
-5.247130069058630886e-01 -4.694189949475371382e-01
-4.302795865293101985e-01 -4.185279910630375078e-01
-3.453606274541608512e-01 -3.681553863800959836e-01
-2.685485910523479069e-01 -3.182861337352017594e-01
-1.988217544472954679e-01 -2.693161592077849553e-01
-1.351122037840830070e-01 -2.212665605260915602e-01
-7.759015471965817479e-02 -1.746405737246447820e-01
-2.651481837479194650e-02 -1.296440320876932895e-01
1.821206394175294008e-02 -8.659670462691411441e-02
5.610680246439034985e-02 -4.586174636656906861e-02
8.878726637278527845e-02 -7.551235325110778468e-03
1.136815508561361404e-01 2.770363761830069160e-02
1.285436241324817708e-01 5.941032076395310474e-02
1.352700421801932562e-01 8.765846151822390131e-02
1.324173815440998769e-01 1.123564997668418386e-01
1.188468957493352268e-01 1.332932917009866380e-01
9.636353865438440636e-02 1.509360311692804213e-01
6.512736128624443954e-02 1.655988484214641898e-01
2.626958734748609595e-02 1.776401718085339754e-01
-1.847296581105773924e-02 1.876250199767311722e-01
-6.850699547632929653e-02 1.959402877460981185e-01
-1.220774789295160506e-01 2.028306656124297391e-01
-1.784284396359953895e-01 2.088219488143613356e-01
-2.368795903505279132e-01 2.139589478758577856e-01
-2.961401970882641677e-01 2.185195610467772775e-01
-3.565516238416979733e-01 2.225662625983443887e-01
-4.165827142097037195e-01 2.262731880598324030e-01
-4.770507336863500369e-01 2.296059010610521089e-01
-5.366308780583181059e-01 2.327209823987813342e-01
-5.955013084941982449e-01 2.354843464777544582e-01
-6.535040331174772898e-01 2.381336549174023487e-01
-7.104095971648514141e-01 2.403618061400456252e-01
-7.660466726081713862e-01 2.425403333764085678e-01
-8.208340393192451456e-01 2.443585124727979119e-01
-8.737296961543333795e-01 2.460347739821598934e-01
-9.256028748598952305e-01 2.474849508123017905e-01
-9.752394421205250463e-01 2.487478577663705115e-01
-9.751506316071973934e-01 2.499278055146282596e-01
-9.291099051130239372e-01 2.508215015857221952e-01
-8.830308276933459544e-01 2.516975936530626012e-01
-8.395464329104156409e-01 2.523413635564756285e-01
-7.972786728144809487e-01 2.528975759440325044e-01
-7.564995078111468318e-01 2.533251021297608374e-01
-7.182594105780996108e-01 2.535928533910067340e-01
-6.800544071431909865e-01 2.538455638978105444e-01
-6.450119475636613142e-01 2.538808056584621609e-01
-6.107225002956206961e-01 2.539306483717824747e-01
-5.776122235875991162e-01 2.538298816478129494e-01
-5.471562775375369281e-01 2.536383792110967206e-01
-5.165235675811149507e-01 2.534644898389729617e-01
-4.883615353565109451e-01 2.530142282432154555e-01
-4.612865757816124734e-01 2.526000260401016773e-01
-4.347099750869820589e-01 2.520554856665976895e-01
-4.103928772886900056e-01 2.512503433421589549e-01
-3.866036393445178021e-01 2.504740672322083861e-01
-3.637390786389749775e-01 2.494837154712474248e-01
-3.429441641049972289e-01 2.483239846805523898e-01
-3.222033208804098159e-01 2.471389081548630573e-01
-3.027969640806547069e-01 2.458056055826236541e-01
-2.850445290814491717e-01 2.443312629585491502e-01
-2.670134552870960798e-01 2.428552467680517024e-01
-2.509685038756849229e-01 2.412686715730031906e-01
-2.355401956104641870e-01 2.396235502959448149e-01
-2.202152143556940778e-01 2.379603786811103905e-01
-2.068889330587308506e-01 2.361884215504466977e-01
-1.934915260918274316e-01 2.343847210439660156e-01
-1.810665282748939731e-01 2.325264238349374901e-01
-1.700210030835509201e-01 2.305965528960089994e-01
-1.589712355452904957e-01 2.286307595843725393e-01
-1.493608814194821999e-01 2.265725003004400995e-01
-1.404907553916964202e-01 2.244553430042083297e-01
-1.319607396911060826e-01 2.223073188772885511e-01
-1.245780076475698911e-01 2.201370918047838021e-01
-1.173834046608589060e-01 2.179529018227956139e-01
-1.110888456424515697e-01 2.156816109429146588e-01
-1.055070591437723276e-01 2.133681616456054309e-01
-1.001424133163098251e-01 2.110052943768869760e-01
-9.597890764148679643e-02 2.085828233261858289e-01
-9.186614383286600960e-02 2.061235689745000155e-01
-8.871179774953569241e-02 2.035827213924736590e-01
-8.609139684689409711e-02 2.009663578485537949e-01
-8.364341079139048230e-02 1.983170055878281657e-01
-8.193512297891834828e-02 1.955775745791242526e-01
-8.033316992156536163e-02 1.928135340466161363e-01
-7.930665997446163795e-02 1.900020349919251117e-01
-7.842504871292874102e-02 1.871484638404049550e-01
-7.776919737180351677e-02 1.842918018232659882e-01
-7.715701827263812818e-02 1.814104045143835053e-01
-7.653668087994926206e-02 1.785988994130832119e-01
-7.593316849411108072e-02 1.758095397906730695e-01
-7.551091910970668397e-02 1.731481097344321485e-01
-7.519074702043591907e-02 1.705035299936239479e-01
-7.481957051578889961e-02 1.679880049286747723e-01
-7.444975153960331493e-02 1.654642306567891685e-01
-7.412610374949503422e-02 1.630274238779299001e-01
-7.382870231686160245e-02 1.606351815992732579e-01
-7.351210287293420687e-02 1.582745079047948311e-01
-7.314166550796735722e-02 1.560033254685156967e-01
-7.279748601908908601e-02 1.536753739055989332e-01
-7.238163044218906550e-02 1.515819213644574170e-01
-7.197717711853596212e-02 1.494592622552393391e-01
-7.148049944574361159e-02 1.473761638462239287e-01
-7.074694502718946454e-02 1.454614072339766029e-01
-7.008986489034108036e-02 1.434509731593674176e-01
-6.921090210621878847e-02 1.416686677676612660e-01
-6.825803898197842223e-02 1.399314133464741594e-01
-6.730084032180903841e-02 1.381678002195579069e-01
-6.613336633426344924e-02 1.365429568389520398e-01
-6.489964895508290588e-02 1.349278470020756349e-01
-6.366310172754206798e-02 1.332959855619295086e-01
-6.238137439136139106e-02 1.318483170785302583e-01
-6.109048249642024669e-02 1.304120184157004370e-01
-5.979070374211654243e-02 1.289540855074953474e-01
-5.827071483548155323e-02 1.276883629267897002e-01
-5.667027124885639505e-02 1.264511562247161436e-01
-5.509041205269522845e-02 1.251495354423763362e-01
-5.337964241234230411e-02 1.240150831904918288e-01
-5.162124904413558507e-02 1.229018816889746041e-01
-4.986166040535758293e-02 1.217436490572605529e-01
-4.808331270957313247e-02 1.206495910577629060e-01
-4.622923779336098049e-02 1.197463115089887065e-01
-4.437153825339068547e-02 1.187624853880267090e-01
-4.251521944649341161e-02 1.177589805572551579e-01
-4.061570436448953131e-02 1.171420228710269296e-01
-3.868959717374399060e-02 1.165164379865424454e-01
-3.677574241247746206e-02 1.158649502398807207e-01
-3.471786206847696926e-02 1.153455999104108787e-01
-3.236105994489215515e-02 1.149978342994164571e-01
-2.998613332980620480e-02 1.145848554736046965e-01
-2.760880747876300403e-02 1.141649297143427361e-01
-2.490026426394006259e-02 1.140308416498377053e-01
-2.206105344434991858e-02 1.138873110778419601e-01
-1.920666158343664609e-02 1.137218761032193076e-01
-1.625891992655283114e-02 1.136324574264793302e-01
-1.304966617400603497e-02 1.136954526195920884e-01
-9.783691106141405303e-03 1.137485419036468187e-01
-6.493411216663827652e-03 1.137842359878914050e-01
-3.115508538579175521e-03 1.138720362704963435e-01
4.034780336612837502e-04 1.140583870936624361e-01
3.905088501111000920e-03 1.141952806441830504e-01
7.464675665850992875e-03 1.143276142715508037e-01
1.109707237404603496e-02 1.145940443973679224e-01
1.471576330051394856e-02 1.148527991605248905e-01
1.836269500978869249e-02 1.150923154204405857e-01
2.204396101453302836e-02 1.153696372828514338e-01
2.559176720735514485e-02 1.157829746803144960e-01
2.900292008383785133e-02 1.161841274546495661e-01
3.244622325616658420e-02 1.165503331983946261e-01
3.597225208430734900e-02 1.170018922140742684e-01
3.900057251417942544e-02 1.174892734571746505e-01
4.205086382556917635e-02 1.178973894905752107e-01
4.516825554861992470e-02 1.183261580285634579e-01
4.808218829319856058e-02 1.188583677390352977e-01
5.072790196118723977e-02 1.194067835320937326e-01
5.337838832463862038e-02 1.199239693683542968e-01
5.605518220424521997e-02 1.204749256304257915e-01
5.850012071559194948e-02 1.210229877710233826e-01
6.081048798075726347e-02 1.215254361306010583e-01
6.316931125520469648e-02 1.220221910867937548e-01
6.541675422477694068e-02 1.225409580210512495e-01
6.715846445928483344e-02 1.230661299849344636e-01
6.898973191774933345e-02 1.235766456466806801e-01
7.076972486838067899e-02 1.240922390936964742e-01
7.222580576304156452e-02 1.245763071611398626e-01
7.347643697300119958e-02 1.250057378157523325e-01
7.479806844956569944e-02 1.254401786734729296e-01
7.608075490723552325e-02 1.259034364263305061e-01
7.748613392731877603e-02 1.265449397924102992e-01
7.889847003434354022e-02 1.271631581285310730e-01
8.035620522745980099e-02 1.278165279135752008e-01
8.204523699451701790e-02 1.285882338077234954e-01
8.388882452383003563e-02 1.294728322031892531e-01
8.573941076637502101e-02 1.303312496352657390e-01
8.756754579877797096e-02 1.312128249391486257e-01
8.943637617816474483e-02 1.321365844968087899e-01
9.133863752617815690e-02 1.330466485612235572e-01
9.317129591219330820e-02 1.340896700170690903e-01
9.490626789271668085e-02 1.352908240706103271e-01
9.666985964255088437e-02 1.364922495124767376e-01
9.858671749380019944e-02 1.377669752657217361e-01
1.005692629545457545e-01 1.391316736142635957e-01
1.024579856227705588e-01 1.404392762235611436e-01
1.048409734653770464e-01 1.419638201487276041e-01
1.077319288652530127e-01 1.436447494950737203e-01
1.105642835497977344e-01 1.453192167764285614e-01
1.136182092472801802e-01 1.470597607253536498e-01
1.163503908367513467e-01 1.488713782457011248e-01
1.189659041570801656e-01 1.506668098084294194e-01
1.216284124754611062e-01 1.524798579110187013e-01
1.244368089283681006e-01 1.544127257187952740e-01
1.274279939496612002e-01 1.564167239937517273e-01
1.304809438874978689e-01 1.584576984112194831e-01
1.335368607772395577e-01 1.605130105444660116e-01
1.359674593591911340e-01 1.625672357266123025e-01
1.382681929179805924e-01 1.646274878903796757e-01
1.406305936641088494e-01 1.667258549174060744e-01
1.427777814280570545e-01 1.687822503822117015e-01
1.447612146138640976e-01 1.707705713791388413e-01
1.467867322579030076e-01 1.727248558109591159e-01
1.487585367332283637e-01 1.748004398741169474e-01
1.503529200205875327e-01 1.770972340350806251e-01
1.517625319778488080e-01 1.794143721643437217e-01
1.532444013428051199e-01 1.817954705999321741e-01
1.548623387723903899e-01 1.842636282853488128e-01
1.565823392549918203e-01 1.867631003624251607e-01
1.583235054370337735e-01 1.892805392547795840e-01
1.600497136316734736e-01 1.918723053720922389e-01
1.614876953517096481e-01 1.945793791779570903e-01
1.628073875252257774e-01 1.973032685732109548e-01
1.642023845546744243e-01 2.000970115166795238e-01
1.657629937816430254e-01 2.028941830003588853e-01
1.674740218641890821e-01 2.056886790288484645e-01
1.692061813726085107e-01 2.085019725287050318e-01
1.709065739636152770e-01 2.114108200832599538e-01
1.722747176036427130e-01 2.144133005379684209e-01
1.737150505417810742e-01 2.174765856306717926e-01
1.750911976764919220e-01 2.205815324936506450e-01
1.763147023887514653e-01 2.236896759645314314e-01
1.774343465005187581e-01 2.268064254270942548e-01
1.786293933279923252e-01 2.299830390462459240e-01
1.796445477362479115e-01 2.332081282781945097e-01
1.803203144542697700e-01 2.365401976330813172e-01
1.809415863996111373e-01 2.399376117002849362e-01
1.815959068898887474e-01 2.433709774277312832e-01
1.821790154464892897e-01 2.468302592911401916e-01
1.826072530969189700e-01 2.503208986168331540e-01
1.830844043780817942e-01 2.538689590476276292e-01
1.835993395310950294e-01 2.575104015189029205e-01
1.840410408530340491e-01 2.613237398314421922e-01
1.843442625817213465e-01 2.651863660428265823e-01
1.848138996159247316e-01 2.691239911830604070e-01
1.852062806469546574e-01 2.731470827023743664e-01
1.855135909884453871e-01 2.772507144812937918e-01
1.858743310788501801e-01 2.814037964799990243e-01
1.860391057632911072e-01 2.856573934717208108e-01
1.858147379296306856e-01 2.900115448688524444e-01
1.855828893337678198e-01 2.944265045328303687e-01
1.853019290688667775e-01 2.988920770652619407e-01
1.847424423691040596e-01 3.033647161817899507e-01
1.840103712188909946e-01 3.078621770623962139e-01
1.833017907705675187e-01 3.124312410671690188e-01
1.824182711982891558e-01 3.170169030285663325e-01
1.812754100569790860e-01 3.216263341553432520e-01
1.801043806649302581e-01 3.262917360043221526e-01
1.788280135875469912e-01 3.309930962267903509e-01
1.772022833369545081e-01 3.356510320161750771e-01
1.754148802175538868e-01 3.403625155090818089e-01
1.735903541687945362e-01 3.451089777455074170e-01
1.713783465047725441e-01 3.498918524446320566e-01
1.687290486792978883e-01 3.546910516275275649e-01
1.660384225253490886e-01 3.595317180768607956e-01
1.630899569598110166e-01 3.644335491444762876e-01
1.595144067474803251e-01 3.693689252119857769e-01
1.556984550219268904e-01 3.743300494705723014e-01
1.517935528026546355e-01 3.793518445112295523e-01
1.476345242926532797e-01 3.844628228914141466e-01
1.431681211574804824e-01 3.896136265410131694e-01
1.385552591984647586e-01 3.948050565739555373e-01
1.339177811050787925e-01 4.000610786289551246e-01
1.293102626907747521e-01 4.054317170557854566e-01
1.244476961581937047e-01 4.107960387496529808e-01
1.194588870503721229e-01 4.162184799202540697e-01
1.142037376203356019e-01 4.217200884405564731e-01
1.086633701085915893e-01 4.272786660621769039e-01
1.029225880440132190e-01 4.328279286064532494e-01
9.661812979875272767e-02 4.383927082824563559e-01
8.955703950734035523e-02 4.439431391870695132e-01
8.219166837996400021e-02 4.494961715363514632e-01
7.446612276063384328e-02 4.549957622378707489e-01
6.604951995784436036e-02 4.603533353140387141e-01
5.714179844051219676e-02 4.656405762120854885e-01
4.787921271341294416e-02 4.708632878071957739e-01
3.831557024022495123e-02 4.758905350308188509e-01
2.841136387192472537e-02 4.806997545830658525e-01
1.811220909551594649e-02 4.853955602552446624e-01
7.357751535544982541e-03 4.899537023251705481e-01
-2.432337382871221400e-03 4.943690097097371838e-01
-1.239416948951605098e-02 4.986012924385078704e-01
-2.288956271019729552e-02 5.026554323285807868e-01
-3.359292060272668634e-02 5.063921491442170408e-01
-4.418799220486085977e-02 5.096039396578533331e-01
-5.524724639781703611e-02 5.125052218459840159e-01
-6.670509316289155444e-02 5.151098626027195149e-01
-7.811800667541858589e-02 5.172407527437431485e-01
-8.929521655540273439e-02 5.187887354000388918e-01
-1.009336932774752144e-01 5.199933082138722407e-01
-1.128025942640216717e-01 5.207279294167647121e-01
-1.245696463949124561e-01 5.207333803991862631e-01
-1.365168631375628383e-01 5.201675530660878621e-01
-1.486719763382412240e-01 5.191288869442612919e-01
-1.609044113535662845e-01 5.174899493356649449e-01
-1.729669351979985781e-01 5.151327294189805839e-01
-1.852283204193022337e-01 5.122795296545870070e-01
-1.975506692166230371e-01 5.088026788130984857e-01
-2.100265577946010820e-01 5.045283573258748655e-01
-2.225227107656193304e-01 4.996572296463749341e-01
-2.349525820184014957e-01 4.942057941744687488e-01
-2.473380352507462410e-01 4.878703546610965169e-01
-2.596290192885652992e-01 4.808938355728105130e-01
-2.716837890812860978e-01 4.733889207849494296e-01
-2.832576603766839285e-01 4.650600354030253181e-01
-2.945381496808079369e-01 4.561339049541980328e-01
-3.054711035882283765e-01 4.466991700274239308e-01
-3.156752912643239761e-01 4.366135804035353174e-01
-3.254749371270478919e-01 4.260469325527428408e-01
-3.348752268146565347e-01 4.149874342442984032e-01
-3.436390957239143229e-01 4.033775704580214727e-01
-3.520902364514100213e-01 3.912918857435795372e-01
-3.600762644199038687e-01 3.788071414535562620e-01
-3.674874253062385132e-01 3.656809793472384218e-01
-3.746406883923358300e-01 3.522793354477259942e-01
-3.810419439728013891e-01 3.383695998047165365e-01
-3.869036671116017345e-01 3.240355918807981128e-01
-3.924178075261791077e-01 3.094516814879788025e-01
-3.968141683277091047e-01 2.944774157211075272e-01
-4.010312713500396309e-01 2.792667792699499718e-01
-4.043996056999192290e-01 2.638344052255248706e-01
-4.072028733546449453e-01 2.481472831936578360e-01
-4.095576728318957582e-01 2.323383070998813194e-01
-4.112809318642646206e-01 2.163046787504851465e-01
-4.128530666514926839e-01 2.002400380236973865e-01
-4.136995618217258475e-01 1.839030808270157302e-01
-4.144765381584895603e-01 1.675451052787492734e-01
-4.147662358825692785e-01 1.509577296090114651e-01
-4.149301545276179448e-01 1.343617499751279531e-01
-4.145217087874090711e-01 1.174974905110204165e-01
-4.140130007271203838e-01 1.006151683835280752e-01
-4.131051184626074457e-01 8.352552137719704284e-02
-4.120259123954300717e-01 6.634978010100045509e-02
-4.106397971743212527e-01 4.904647501863144271e-02
-4.090639636735755036e-01 3.162511949817601448e-02
-4.071345828501802822e-01 1.406395230366335944e-02
-4.050842085233576917e-01 -3.549869932584099556e-03
-4.026497408220502949e-01 -2.137213038879298352e-02
-4.001242618720419197e-01 -3.925650807079014010e-02
-3.973384244536924959e-01 -5.730624838381636471e-02
-3.944121411867441140e-01 -7.550800650056285757e-02
-3.912931592577870710e-01 -9.384647179074595558e-02
-3.880079782554307077e-01 -1.124286419279755117e-01
-3.844609855603298709e-01 -1.312129799331613333e-01
-3.807547491459216671e-01 -1.502612386780185216e-01
-3.766785143962080307e-01 -1.696846436974397965e-01
-3.724068954343924265e-01 -1.893885272618021920e-01
-3.677460663795647511e-01 -2.095266315849836081e-01
-3.629334574656482015e-01 -2.299752662524242042e-01
-3.576688038579099449e-01 -2.510642448553339623e-01
-3.522657836336171022e-01 -2.725200654415376178e-01
-3.466322126000941917e-01 -2.945086224697361366e-01
-3.406544301164951549e-01 -3.172540700068611774e-01
-3.345599124730217477e-01 -3.403853411993887912e-01
-3.280688130500413746e-01 -3.643215713286264701e-01
-3.211583619656672717e-01 -3.889129427983909482e-01
-3.138445823318994909e-01 -4.141439061707217761e-01
-3.059980347499469122e-01 -4.400095101532155439e-01
-2.973076822674006192e-01 -4.666731736495559613e-01
-2.877381511319391239e-01 -4.939935146105129959e-01
-2.772451055237648010e-01 -5.218380687440400401e-01
-2.655526766503988334e-01 -5.503019413959909789e-01
-2.525131886108724077e-01 -5.792076205182761228e-01
-2.379017651444342851e-01 -6.085273197408818113e-01
-2.215662826177151878e-01 -6.380628553768979971e-01
-2.032814204590382423e-01 -6.677720260316327705e-01
-1.829855204355976539e-01 -6.973422863806042482e-01
-1.605047841599746561e-01 -7.266791098768456969e-01
-1.358966382369541093e-01 -7.553988430264353404e-01
-1.090256139990648798e-01 -7.833940684648780239e-01
-8.010613555229298410e-02 -8.102850838029573843e-01
-4.912315681684706337e-02 -8.359429330292864613e-01
-1.636850527369714328e-02 -8.597443592976441451e-01
1.758191034953547616e-02 -8.817232577231441937e-01
5.179552239915142381e-02 -9.017108927712897959e-01
8.508369706223575801e-02 -9.192349163199344808e-01
1.158234497333254648e-01 -9.345952146526275151e-01
1.415625832743253598e-01 -9.476446095839207162e-01
1.594908457427031967e-01 -9.586209804148100311e-01
1.658430585126244305e-01 -9.677771409372364353e-01
1.556636036903884801e-01 -9.752883340668554446e-01
1.240456298248981681e-01 -9.818467733011967402e-01
6.459908143092746302e-02 -9.875955184895228722e-01
-2.610788068525102951e-02 -9.927072294123197027e-01
-1.473475824151716795e-01 -9.972154797464258813e-01
-3.334134905487342038e-01 -9.998003857023975982e-01
