-6.661279325951684482e-01 -9.985613184936663611e-01
-6.576863350469795977e-01 -9.919883391064249212e-01
-6.442255855905267836e-01 -9.820006716663254309e-01
-6.288311583635423085e-01 -9.692068832141328416e-01
-6.132184986379964897e-01 -9.538641186624824408e-01
-5.992426955220693241e-01 -9.363125626596989770e-01
-5.879307657364635231e-01 -9.168202439817427774e-01
-5.804031830629885480e-01 -8.956154189282101719e-01
-5.765847368847948351e-01 -8.729770066855503385e-01
-5.758333887171400711e-01 -8.484778862231019403e-01
-5.776684693220257572e-01 -8.226930102788142518e-01
-5.816999419036145147e-01 -7.955060027986458060e-01
-5.875381890847052313e-01 -7.670582785023638550e-01
-5.947184255892116189e-01 -7.375510019900058944e-01
-6.029813966213100063e-01 -7.068199972591371338e-01
-6.118082543393477124e-01 -6.752368253262899245e-01
-6.208242631021129165e-01 -6.426952731335443536e-01
-6.300748995428827604e-01 -6.093666601478229250e-01
-6.393873186409453346e-01 -5.755024342395463899e-01
-6.487084906032934972e-01 -5.411848204149084518e-01
-6.580453787457688497e-01 -5.065452560080725419e-01
-6.673203624011334600e-01 -4.716409716143569186e-01
-6.765024692196388578e-01 -4.365361911921343818e-01
-6.855701575939788794e-01 -4.012996758881259285e-01
-6.949445805346083915e-01 -3.657999699100565882e-01
-7.045039309389508064e-01 -3.301408642733250631e-01
-7.138286006460462518e-01 -2.945374812603063219e-01
-7.229552147488453873e-01 -2.590271294781500422e-01
-7.319492449891722430e-01 -2.237232367286502155e-01
-7.406703179002507298e-01 -1.887271620613620304e-01
-7.490750240205985566e-01 -1.540229309148101466e-01
-7.567186045344035383e-01 -1.197973051149626156e-01
-7.635990903343838898e-01 -8.623371481070170319e-02
-7.697326440549421278e-01 -5.322413167346066315e-02
-7.738036466016834369e-01 -2.099562265538279168e-02
-7.767171143803304201e-01 1.025775234431500725e-02
-7.776042515485515061e-01 4.025307537055125562e-02
-7.761924714188374042e-01 6.907028402088905006e-02
-7.727685985518207845e-01 9.653151491030367848e-02
-7.667477517731803305e-01 1.223797979642559930e-01
-7.582590197183975977e-01 1.467422330886201109e-01
-7.469936513556444391e-01 1.692764599629227873e-01
-7.328132536196351188e-01 1.899083966317262062e-01
-7.162485923360969453e-01 2.086165824184108286e-01
-6.967492637362562302e-01 2.253158971285770806e-01
-6.749060616857922579e-01 2.402281654098749331e-01
-6.491015953199733568e-01 2.527729794018526710e-01
-6.217178114257676524e-01 2.633708103910908926e-01
-5.896989319767933502e-01 2.716266144716913966e-01
-5.566850839226714642e-01 2.783394514107832007e-01
-5.200363531135229200e-01 2.828071555985341989e-01
-4.830305938102652519e-01 2.858632943757833944e-01
-4.429748800078772142e-01 2.865645314782777620e-01
-4.044280295631120792e-01 2.865215275298321762e-01
-3.634398365720236668e-01 2.839975669986734008e-01
-3.238755328447177617e-01 2.802957057230536231e-01
-2.844835967487185369e-01 2.746529352799452761e-01
-2.442644609182972604e-01 2.668422520681531518e-01
-2.071626605038745517e-01 2.584988261565790424e-01
-1.701019334328213173e-01 2.479327038059750410e-01
-1.357143234015331101e-01 2.361796017306458939e-01
-1.026674965435325909e-01 2.231929905175387696e-01
-7.145425735062549411e-02 2.091535493850193439e-01
-4.321653801682762835e-02 1.948182688010745567e-01
-1.669154732153075443e-02 1.787306096992970494e-01
6.921615854343918413e-03 1.629477503772801261e-01
2.912412240431814375e-02 1.458368240796483750e-01
4.881397607047046477e-02 1.293906257283934658e-01
6.797429103997190691e-02 1.116978737947513373e-01
8.591949140262090945e-02 9.411026483042214674e-02
1.019609767407598372e-01 7.553709351946322204e-02
1.159132878536152794e-01 5.753976688927011501e-02
1.301253552244759359e-01 3.921936548962418750e-02
1.425795324391110341e-01 2.208165839128925154e-02
1.530627865713735380e-01 4.043441931928416430e-03
1.606715604825002808e-01 -1.473179194123314627e-02
1.687065726744268190e-01 -3.224438864866350368e-02
1.780373850941536495e-01 -4.863374875661238828e-02
1.861141247990966974e-01 -6.468762398255360757e-02
1.881442242107279061e-01 -8.215490009743695032e-02
1.878457706968261476e-01 -1.002426065205115902e-01
1.919843960406742434e-01 -1.149213020665168089e-01
1.979715034259185713e-01 -1.278001544353859764e-01
2.017510523184948001e-01 -1.408803785482815873e-01
1.970708480243670568e-01 -1.581146125404388481e-01
1.930501314792199552e-01 -1.743552827322770449e-01
1.895723555956069784e-01 -1.857758148127628961e-01
1.860238046641308485e-01 -1.956339894620255371e-01
1.807182605353027938e-01 -2.066285174541749314e-01
1.722120726986320904e-01 -2.187423805929991361e-01
1.641211795937631002e-01 -2.300899359350216389e-01
1.548331202323616762e-01 -2.390036896512439391e-01
1.441997949489157993e-01 -2.468534704979964689e-01
1.314277681043199419e-01 -2.538533468583845654e-01
1.181706232511961496e-01 -2.612714213465929247e-01
1.041190105346574829e-01 -2.677596057507954930e-01
8.895090806042604825e-02 -2.722615738452351386e-01
7.341921513873207739e-02 -2.762800726639607629e-01
5.752906912515133586e-02 -2.800057936144500492e-01
4.018378438654981316e-02 -2.820211022743354112e-01
2.182160752614178273e-02 -2.833175468932190300e-01
3.461788190045117161e-03 -2.842275509380026710e-01
-1.687194357071087128e-02 -2.830751868381108372e-01
-3.913796395438848968e-02 -2.810884637815792009e-01
-6.274632249696292241e-02 -2.774370209358740236e-01
-8.708539519344393742e-02 -2.734828916238832286e-01
-1.125442753714332167e-01 -2.687437950114096030e-01
-1.386752864861446055e-01 -2.625099843857537918e-01
-1.655710504915990644e-01 -2.552848723383633889e-01
-1.938398356749102824e-01 -2.472862206689673270e-01
-2.225898882006319968e-01 -2.390152273250476800e-01
-2.520840751103001209e-01 -2.290919835774785085e-01
-2.830406228733942098e-01 -2.187414247162360603e-01
-3.145926446847400193e-01 -2.072669702973895245e-01
-3.460105006487099732e-01 -1.941157897345071881e-01
-3.794503808289296787e-01 -1.806628699077063582e-01
-4.122973327426999735e-01 -1.663168002963812397e-01
-4.440406244322658846e-01 -1.515671308045752064e-01
-4.778774351086713668e-01 -1.362753532737021600e-01
-5.113515389728583438e-01 -1.202958788693453962e-01
-5.437000270469438679e-01 -1.038738748849731414e-01
-5.722677018503319335e-01 -8.674281784312691534e-02
-6.025052351795955330e-01 -6.901849944585097818e-02
-6.334449349724092793e-01 -5.099658664152117299e-02
-6.576168258688455115e-01 -3.286040949055519383e-02
-6.823035281149879561e-01 -1.414400397105419066e-02
-7.056811579463576622e-01 4.793915770095775498e-03
-7.221238250319099716e-01 2.292854430348346267e-02
-7.408860554037549617e-01 4.160879206957798088e-02
-7.581555957514021227e-01 6.033460813053421329e-02
-7.716025087196817234e-01 7.835515177532358100e-02
-7.822166904278363697e-01 9.571442587943046476e-02
-7.876787855595713816e-01 1.122606915624945884e-01
-7.951269666038424111e-01 1.292981222593560520e-01
-7.984110137933340123e-01 1.455226785059160199e-01
-7.953603931813180150e-01 1.606248417610392776e-01
-7.895077042207034879e-01 1.753390842623065438e-01
-7.808615377034029414e-01 1.894005658218569088e-01
-7.671546508367805828e-01 2.016833400570406942e-01
-7.537109388958764811e-01 2.142431026152299411e-01
-7.374228852748665464e-01 2.260543513563364193e-01
-7.188731600078747119e-01 2.373326736115287938e-01
-6.967375256389839455e-01 2.475842035224550541e-01
-6.727217742445902315e-01 2.571200175078526273e-01
-6.471033823092829929e-01 2.663706156638745992e-01
-6.213188878131140624e-01 2.753521043312365801e-01
-5.950503854846178609e-01 2.822463204740166542e-01
-5.676781932872111414e-01 2.887992356963408058e-01
-5.393052961014854763e-01 2.950405107718233055e-01
-5.102169758200140182e-01 3.004400968344419498e-01
-4.803457313180488075e-01 3.053526128810196139e-01
-4.494481208957886165e-01 3.103943851454236125e-01
-4.179469151329226473e-01 3.149275920093304038e-01
-3.878241798079899993e-01 3.188038411017914964e-01
-3.603686556741927394e-01 3.217588207877944417e-01
-3.333741973696076055e-01 3.243372258701703870e-01
-3.060538386045861259e-01 3.268453045606087848e-01
-2.778537230780130929e-01 3.294224992269873531e-01
-2.507671039795256185e-01 3.314402456237189321e-01
-2.241034059826209901e-01 3.331315283155024121e-01
-1.970959371497063850e-01 3.347688322126401994e-01
-1.724916232808265670e-01 3.359343485843573340e-01
-1.527689590523263474e-01 3.364700298657619659e-01
-1.321984423521470886e-01 3.370993235236806607e-01
-1.121687282652958639e-01 3.375919450884375950e-01
-9.206973645438561171e-02 3.380112403089986506e-01
-7.041800495732929155e-02 3.382024105036063322e-01
-4.983151040958763017e-02 3.381167606912589552e-01
-2.968665715584100501e-02 3.378995144013403618e-01
-8.847685304797788669e-03 3.377799742473986955e-01
3.833411276559658097e-03 3.371427759860218254e-01
1.481233979784219237e-02 3.363592621002468031e-01
2.581263898285946282e-02 3.355515719099017580e-01
3.563779840508394386e-02 3.346708418262642759e-01
4.558139135864994196e-02 3.327937851566601379e-01
5.591575710619754030e-02 3.306213659153262596e-01
6.594690070745232169e-02 3.284125999046363376e-01
7.570759421957271029e-02 3.259863027195734064e-01
8.294135611281200360e-02 3.242672966236898047e-01
8.713179956739373899e-02 3.231875626171570315e-01
9.095567082397511272e-02 3.220020335891237151e-01
9.474795069615569998e-02 3.208239467478244955e-01
9.865132458734160448e-02 3.194025189664109199e-01
1.030634388459639034e-01 3.174228883041455562e-01
1.075998585300294991e-01 3.153954899710553206e-01
1.121251542648232791e-01 3.133546380390780373e-01
1.162867655754700608e-01 3.112857298757932267e-01
1.194233861475054587e-01 3.090611932540864859e-01
1.216726549989942396e-01 3.066909354321259995e-01
1.241755209096770673e-01 3.043218764114216102e-01
1.262547145061638232e-01 3.019175288699534887e-01
1.282106533783735069e-01 2.994868821084546440e-01
1.291308465947527406e-01 2.969784618033288193e-01
1.292382755549310314e-01 2.944379642938640962e-01
1.290078581112234224e-01 2.919007660271709104e-01
1.287631254751918641e-01 2.893377918832183426e-01
1.286886652518053342e-01 2.867849671483676532e-01
1.276155394810280230e-01 2.845815742491432099e-01
1.263681514769012526e-01 2.824734359004397177e-01
1.250752353007642537e-01 2.803208034273269034e-01
1.236931935109289310e-01 2.781338067875158138e-01
1.226373958234909661e-01 2.760964056164197933e-01
1.218097854977170519e-01 2.741901206701894966e-01
1.209021920224742919e-01 2.722326707628907050e-01
1.200248154273114570e-01 2.702634612082777665e-01
1.193739237020698951e-01 2.683402585645751626e-01
1.190279779537507521e-01 2.666579941057359848e-01
1.187422001900713259e-01 2.650197275425635879e-01
1.184501631936875771e-01 2.633537561250531289e-01
1.181760579308634845e-01 2.616579886726538851e-01
1.179235570335997324e-01 2.599455612228193102e-01
1.177074388241961395e-01 2.582188565314754713e-01
1.174758120158120589e-01 2.564278994873530060e-01
1.172345261267596084e-01 2.546062631797864073e-01
1.169955798740885677e-01 2.527813054178407737e-01
1.166220227465592091e-01 2.510474865210977624e-01
1.162623917317937017e-01 2.493210494738476724e-01
1.158897914322246370e-01 2.475727756667877588e-01
1.155194314286010493e-01 2.457836116741446419e-01
1.150550249818172860e-01 2.441530741187039888e-01
1.145708247606728042e-01 2.427042126621386797e-01
1.140837008437432382e-01 2.412532837750944459e-01
1.135845795165212752e-01 2.397639099063593182e-01
1.130921023529066344e-01 2.385333125192038717e-01
1.125641095166350358e-01 2.374703829430415136e-01
1.119875929494461020e-01 2.363334336078756204e-01
1.114380703128218936e-01 2.352296314852170278e-01
1.110041091612487957e-01 2.343211538333892507e-01
1.107023334892151961e-01 2.336751756806964841e-01
1.103793824157649345e-01 2.330207377717599115e-01
1.100765305299952895e-01 2.323783252036860647e-01
1.098482678955636227e-01 2.318151964132164067e-01
1.098211457820111037e-01 2.315001808512785197e-01
1.099237245683651054e-01 2.312974749854715961e-01
1.101223019655663410e-01 2.311344289710048072e-01
1.102453860424039978e-01 2.309315262916789013e-01
1.106645139936065086e-01 2.309883451083297456e-01
1.114760290597899828e-01 2.312768512407393784e-01
1.124122013694125455e-01 2.316062848781893224e-01
1.132449766875344155e-01 2.318885458688229317e-01
1.144664503653039789e-01 2.323757148430318220e-01
1.162388305331123195e-01 2.330698626546820473e-01
1.180083654821630912e-01 2.337517501471101378e-01
1.197801183224298238e-01 2.344359701593685397e-01
1.222225671202272906e-01 2.351614575712134836e-01
1.249361365841428623e-01 2.359248764132248766e-01
1.276869508215548454e-01 2.366967468532990837e-01
1.305296592049304816e-01 2.374687635588210721e-01
1.339144089189181208e-01 2.384590604959573867e-01
1.373797318324658512e-01 2.393950671001393582e-01
1.409172328189476353e-01 2.403600248891782920e-01
1.445756700011072426e-01 2.414370218748861374e-01
1.482602628650908916e-01 2.429133197194160987e-01
1.519422316257182382e-01 2.444416093258358624e-01
1.556990389951162235e-01 2.459754750782851829e-01
1.596399711805987776e-01 2.477478974038416770e-01
1.638043553517053996e-01 2.499160631663210896e-01
1.681317207225233867e-01 2.522715902150143297e-01
1.725857455566060794e-01 2.546887292002971703e-01
1.771467736792929626e-01 2.572033948402218662e-01
1.818193381083077764e-01 2.602279127802247238e-01
1.865795910681293523e-01 2.634264586957668630e-01
1.914833043210787400e-01 2.666679697869576704e-01
1.962662340495791025e-01 2.699611437668781311e-01
2.004390177441038035e-01 2.734862479475116959e-01
2.045409152189811841e-01 2.771418015542205238e-01
2.089134321052572851e-01 2.808225141689676962e-01
2.128063488549712945e-01 2.846408585212382159e-01
2.162034770617122514e-01 2.886326531546922758e-01
2.196932057335775623e-01 2.927016871574200652e-01
2.232857180302474931e-01 2.968446859791941672e-01
2.265713697959635120e-01 3.010293967848673979e-01
2.297196730981034274e-01 3.052886534023218079e-01
2.329968685847385867e-01 3.096414579178886628e-01
2.360451727104385111e-01 3.140409824412826456e-01
2.379038344910522074e-01 3.183864561699333295e-01
2.399519422194222873e-01 3.228308393105207563e-01
2.420046322867529798e-01 3.273486872135975001e-01
2.432597128825279842e-01 3.317417051192611543e-01
2.441987528071005165e-01 3.360672516570625823e-01
2.452287774451310520e-01 3.404790055988889952e-01
2.460514490717288505e-01 3.449516885522199705e-01
2.457546756568458612e-01 3.496442066180699415e-01
2.454036468282270178e-01 3.544232523899984444e-01
2.449931200807735077e-01 3.592979398333615570e-01
2.441194510958037966e-01 3.641384497167332590e-01
2.426739617206470356e-01 3.688511200716115268e-01
2.412038691912634925e-01 3.736506540273326071e-01
2.396019434999403785e-01 3.785329562510374446e-01
2.375181323640679909e-01 3.836915559512852347e-01
2.351557050449042952e-01 3.890162751206373004e-01
2.327020599909645771e-01 3.944293347799278093e-01
2.301994968810035236e-01 3.998356877526890729e-01
2.277471369000627355e-01 4.051186556462559318e-01
2.252685663727060916e-01 4.104813051921431533e-01
2.226229437671747302e-01 4.159346450243515680e-01
2.201307561570306492e-01 4.216693488022899006e-01
2.176673485804346275e-01 4.275381767924235632e-01
2.150541638964528768e-01 4.334775749406051260e-01
2.119453234140467879e-01 4.394671771295441398e-01
2.080636255251018807e-01 4.454885440574496980e-01
2.039152233446955842e-01 4.515733468221386215e-01
1.996081841723363337e-01 4.577279881293790376e-01
1.937258485360183191e-01 4.640874979080941154e-01
1.874617554582964363e-01 4.705524449140802146e-01
1.809236555335447527e-01 4.770244207707648454e-01
1.735238701446092102e-01 4.837179343982936364e-01
1.655129529746453276e-01 4.905689238449134071e-01
1.570464752011073439e-01 4.974540384118787961e-01
1.480799345528043820e-01 5.044357571321050893e-01
1.385286264730595240e-01 5.116147665753333351e-01
1.284147931446158186e-01 5.187591341730816152e-01
1.176686904297623432e-01 5.258960908523563349e-01
1.060160553964507452e-01 5.329733026444868349e-01
9.363556638303854873e-02 5.399671300381417849e-01
8.042930515489016274e-02 5.468714109925916222e-01
6.673644731663842811e-02 5.535705920434460525e-01
5.211372019752615048e-02 5.600664235193049123e-01
3.657117552198486943e-02 5.663380207433887925e-01
2.092165762837381454e-02 5.722349229366947565e-01
4.982623720790604546e-03 5.776669330848284156e-01
-1.212740282267248115e-02 5.827567045312675997e-01
-2.953359185625592520e-02 5.872795358489096840e-01
-4.702145573629631231e-02 5.910247673412972746e-01
-6.559033263078364873e-02 5.942857810522523820e-01
-8.495560192550540013e-02 5.966935462197781037e-01
-1.051677216705920737e-01 5.980359224537961094e-01
-1.260611774179378475e-01 5.986694381014583399e-01
-1.479152784707733759e-01 5.982416691313471313e-01
-1.708674624694585531e-01 5.962475547939852794e-01
-1.941343419179922258e-01 5.934075917434998848e-01
-2.176084534249503599e-01 5.893232976880707907e-01
-2.409225992835514196e-01 5.835721143282592838e-01
-2.640388931759265478e-01 5.769138727512799214e-01
-2.862618883851836826e-01 5.688988771828566993e-01
-3.070887275793127702e-01 5.594676598949547275e-01
-3.273040650162120091e-01 5.491503349203544770e-01
-3.456536329848179934e-01 5.375709152084765519e-01
-3.624373027849526196e-01 5.249123879854883379e-01
-3.781673676237816140e-01 5.113912453341303843e-01
-3.916740503753932123e-01 4.967742454826425957e-01
-4.039249080406697168e-01 4.813725648079646424e-01
-4.150715636993536628e-01 4.651502789020006690e-01
-4.246159978975298510e-01 4.480018601503715781e-01
-4.335361697097822598e-01 4.303087610928731932e-01
-4.414790647790965417e-01 4.118028236202063153e-01
-4.488064097384609208e-01 3.928212597107728632e-01
-4.553909147947851066e-01 3.730483839487052089e-01
-4.614133525580186856e-01 3.527975167516554933e-01
-4.666796885610344225e-01 3.318666238899138365e-01
-4.711822874641726222e-01 3.103082477948092555e-01
-4.751007593655773853e-01 2.882651112617812261e-01
-4.781807131261701094e-01 2.655323369203954065e-01
-4.808379182242468186e-01 2.424501011679848217e-01
-4.829556925243533860e-01 2.188946017422862544e-01
-4.844410978224615305e-01 1.948261374053948669e-01
-4.855357042119487487e-01 1.704813882721029072e-01
-4.859979847179174972e-01 1.456684369508265131e-01
-4.859733546664483095e-01 1.205583375445569150e-01
-4.853668353179210193e-01 9.507351264711116912e-02
-4.841047847199109744e-01 6.904173169968988444e-02
-4.825227668334315378e-01 4.279448669284360851e-02
-4.801953875037850428e-01 1.600745272044832787e-02
-4.775122439565838151e-01 -1.109567844926367952e-02
-4.741576132839881441e-01 -3.873609431587249352e-02
-4.701171266479575173e-01 -6.694370361272333758e-02
-4.655503023406438734e-01 -9.560835101442982653e-02
-4.600611341611368643e-01 -1.250706430468245256e-01
-4.538902445180924561e-01 -1.552485460902625347e-01
-4.470768371689908816e-01 -1.861681590012558007e-01
-4.393792458121343336e-01 -2.179320515961270244e-01
-4.304821089439696546e-01 -2.506927204425256073e-01
-4.204263315224186504e-01 -2.842683314504612091e-01
-4.089747376947843738e-01 -3.187544928708367920e-01
-3.959477105258608076e-01 -3.541145418915410681e-01
-3.811168378779035137e-01 -3.903756338219739885e-01
-3.642830966490557265e-01 -4.275315434937914105e-01
-3.451956112159359491e-01 -4.655178623122978587e-01
-3.235901376861838319e-01 -5.042314890471391031e-01
-2.992516893868922279e-01 -5.434589924375188286e-01
-2.719263077871619250e-01 -5.830322209911650289e-01
-2.415196905056552212e-01 -6.226480116515349383e-01
-2.080542323549056383e-01 -6.619649099296833761e-01
-1.714526379539103029e-01 -7.006358802257596219e-01
-1.314001651374907542e-01 -7.381507909045398330e-01
-8.847089450551570700e-02 -7.740488487224994607e-01
-4.279932196441178088e-02 -8.080298625097104281e-01
5.604286251593171633e-03 -8.393314082603571258e-01
5.580620590613303428e-02 -8.677241466178794438e-01
1.066247592717416287e-01 -8.929638013020829712e-01
1.564364973767733979e-01 -9.146313362759593835e-01
2.029928076224561395e-01 -9.331106337180599120e-01
2.425396540845262960e-01 -9.480339692421424491e-01
2.714521171792149135e-01 -9.601916818134852427e-01
2.837989722796794845e-01 -9.697398409944878450e-01
2.737402473706614936e-01 -9.775956647365503516e-01
2.314364520343717702e-01 -9.841873177597451061e-01
1.486558086425117942e-01 -9.900485868848072357e-01
2.130185918745041568e-02 -9.956098859646052013e-01
-2.353222624475177216e-01 -9.992915000161372019e-01
