1.000000000000000000e+00 4.532860000000000222e-01 5.000000000000000278e-02 0.000000000000000000e+00
2.000000000000000000e+00 6.135970000000000139e-03 5.000000000000000278e-02 0.000000000000000000e+00
3.000000000000000000e+00 6.135970000000000139e-03 5.000000000000000278e-02 7.830978403211602545e-02
4.000000000000000000e+00 5.269910000000000046e-03 5.000000000000000278e-02 7.858802865376222913e-02
5.000000000000000000e+00 5.269910000000000046e-03 5.000000000000000278e-02 7.883009743409177816e-02
6.000000000000000000e+00 5.269730000000000247e-03 5.000000000000000278e-02 7.895627349254524807e-02
7.000000000000000000e+00 6.135970000000000139e-03 5.000000000000000278e-02 7.887667261118559703e-02
8.000000000000000000e+00 4.532860000000000222e-01 5.000000000000000278e-02 4.572979842870746048e-02
1.000000000000000000e+00 4.650659999999999794e-01 5.000000000000000278e-02 5.195581697274065866e-18
2.000000000000000000e+00 1.881740000000000149e-02 5.000000000000000278e-02 0.000000000000000000e+00
3.000000000000000000e+00 1.881740000000000149e-02 5.000000000000000278e-02 7.837875729806402514e-02
4.000000000000000000e+00 1.729719999999999869e-02 5.000000000000000278e-02 7.896032031225024006e-02
5.000000000000000000e+00 1.729719999999999869e-02 5.000000000000000278e-02 7.943783693893607945e-02
6.000000000000000000e+00 1.729609999999999828e-02 5.000000000000000278e-02 7.967795545028008575e-02
7.000000000000000000e+00 1.881740000000000149e-02 5.000000000000000278e-02 7.969904290762207244e-02
8.000000000000000000e+00 4.650659999999999794e-01 5.000000000000000278e-02 4.649555514115785021e-02
1.000000000000000000e+00 4.801579999999999737e-01 5.000000000000000278e-02 3.339947621504726211e-02
2.000000000000000000e+00 3.508399999999999713e-02 5.000000000000000278e-02 0.000000000000000000e+00
3.000000000000000000e+00 3.508399999999999713e-02 5.000000000000000278e-02 7.959868233765612922e-02
4.000000000000000000e+00 3.271929999999999977e-02 5.000000000000000278e-02 8.013415101447296518e-02
5.000000000000000000e+00 3.271929999999999977e-02 5.000000000000000278e-02 8.049680542849618758e-02
6.000000000000000000e+00 3.271559999999999746e-02 5.000000000000000278e-02 8.064276683150622960e-02
7.000000000000000000e+00 3.508399999999999713e-02 5.000000000000000278e-02 8.074568641524504375e-02
8.000000000000000000e+00 4.801579999999999737e-01 5.000000000000000278e-02 8.084687486487912578e-02
1.000000000000000000e+00 4.994899999999999896e-01 5.000000000000000278e-02 1.651725165364598941e-16
2.000000000000000000e+00 5.595119999999999955e-02 5.000000000000000278e-02 0.000000000000000000e+00
3.000000000000000000e+00 5.595119999999999955e-02 5.000000000000000278e-02 8.256052145725324698e-02
4.000000000000000000e+00 5.249449999999999950e-02 5.000000000000000278e-02 8.205701341053783793e-02
5.000000000000000000e+00 5.249449999999999950e-02 5.000000000000000278e-02 8.176204959183724919e-02
6.000000000000000000e+00 5.248499999999999693e-02 5.000000000000000278e-02 8.104079281594774031e-02
7.000000000000000000e+00 5.595119999999999955e-02 5.000000000000000278e-02 8.188882238839705063e-02
8.000000000000000000e+00 4.994899999999999896e-01 5.000000000000000278e-02 4.841370338656814098e-02
1.000000000000000000e+00 5.242449999999999610e-01 5.000000000000000278e-02 8.696916873399842227e-18
2.000000000000000000e+00 8.272359999999999436e-02 5.000000000000000278e-02 2.281444100015727695e-18
3.000000000000000000e+00 8.272359999999999436e-02 5.000000000000000278e-02 8.766515023893339809e-02
4.000000000000000000e+00 7.785150000000000403e-02 5.000000000000000278e-02 8.654539672250713411e-02
5.000000000000000000e+00 7.785150000000000403e-02 5.000000000000000278e-02 8.502407893932513450e-02
6.000000000000000000e+00 7.783070000000000266e-02 5.000000000000000278e-02 8.367778575624762460e-02
7.000000000000000000e+00 8.272359999999999436e-02 5.000000000000000278e-02 8.337108991090272370e-02
8.000000000000000000e+00 5.242449999999999610e-01 5.000000000000000278e-02 5.006513808594231091e-02
1.000000000000000000e+00 5.559330000000000105e-01 5.000000000000000278e-02 0.000000000000000000e+00
2.000000000000000000e+00 1.170780000000000015e-01 5.000000000000000278e-02 2.651022699133640293e-19
3.000000000000000000e+00 1.170780000000000015e-01 5.000000000000000278e-02 9.442616556845706555e-02
4.000000000000000000e+00 1.103660000000000058e-01 5.000000000000000278e-02 9.284732824527094919e-02
5.000000000000000000e+00 1.103660000000000058e-01 5.000000000000000278e-02 8.979160098396271605e-02
6.000000000000000000e+00 1.103240000000000054e-01 5.000000000000000278e-02 8.676783058378090274e-02
7.000000000000000000e+00 1.170780000000000015e-01 5.000000000000000278e-02 8.558669518111131080e-02
8.000000000000000000e+00 5.559330000000000105e-01 5.000000000000000278e-02 5.513866265782026155e-02
1.000000000000000000e+00 5.825139999999999763e-01 5.000000000000000278e-02 0.000000000000000000e+00
2.000000000000000000e+00 1.611700000000000077e-01 5.000000000000000278e-02 0.000000000000000000e+00
3.000000000000000000e+00 1.611700000000000077e-01 5.000000000000000278e-02 0.000000000000000000e+00
4.000000000000000000e+00 1.520569999999999977e-01 5.000000000000000278e-02 1.001363655903414751e-01
5.000000000000000000e+00 1.520569999999999977e-01 5.000000000000000278e-02 9.650141009864027231e-02
6.000000000000000000e+00 1.519780000000000020e-01 5.000000000000000278e-02 0.000000000000000000e+00
7.000000000000000000e+00 1.611700000000000077e-01 5.000000000000000278e-02 8.890945033138014653e-02
8.000000000000000000e+00 5.825139999999999763e-01 5.000000000000000278e-02 6.621618060251673044e-02
1.000000000000000000e+00 6.052880000000000482e-01 5.000000000000000278e-02 0.000000000000000000e+00
2.000000000000000000e+00 2.177769999999999984e-01 5.000000000000000278e-02 0.000000000000000000e+00
3.000000000000000000e+00 2.177769999999999984e-01 5.000000000000000278e-02 0.000000000000000000e+00
4.000000000000000000e+00 2.055170000000000052e-01 5.000000000000000278e-02 0.000000000000000000e+00
5.000000000000000000e+00 2.055170000000000052e-01 5.000000000000000278e-02 0.000000000000000000e+00
6.000000000000000000e+00 2.053719999999999990e-01 5.000000000000000278e-02 0.000000000000000000e+00
7.000000000000000000e+00 2.177769999999999984e-01 5.000000000000000278e-02 0.000000000000000000e+00
8.000000000000000000e+00 6.052880000000000482e-01 5.000000000000000278e-02 8.288228587972557015e-02
1.000000000000000000e+00 6.483959999999999724e-01 5.000000000000000278e-02 1.809677124502432036e-18
2.000000000000000000e+00 2.904720000000000080e-01 5.000000000000000278e-02 1.353664730459679392e-19
3.000000000000000000e+00 2.904720000000000080e-01 5.000000000000000278e-02 1.353664730459679392e-19
4.000000000000000000e+00 2.740659999999999763e-01 5.000000000000000278e-02 2.427433076961901188e-19
5.000000000000000000e+00 2.740659999999999763e-01 5.000000000000000278e-02 2.427433076961901188e-19
6.000000000000000000e+00 2.738079999999999958e-01 5.000000000000000278e-02 2.444843451022378963e-19
7.000000000000000000e+00 2.904720000000000080e-01 5.000000000000000278e-02 1.353664730459679392e-19
8.000000000000000000e+00 6.483959999999999724e-01 5.000000000000000278e-02 1.025545506863342615e-01
1.000000000000000000e+00 7.147200000000000220e-01 5.000000000000000278e-02 0.000000000000000000e+00
2.000000000000000000e+00 3.838719999999999910e-01 5.000000000000000278e-02 0.000000000000000000e+00
3.000000000000000000e+00 3.838719999999999910e-01 5.000000000000000278e-02 0.000000000000000000e+00
4.000000000000000000e+00 3.619629999999999792e-01 5.000000000000000278e-02 0.000000000000000000e+00
5.000000000000000000e+00 3.619629999999999792e-01 5.000000000000000278e-02 0.000000000000000000e+00
6.000000000000000000e+00 3.615120000000000000e-01 5.000000000000000278e-02 0.000000000000000000e+00
7.000000000000000000e+00 3.838719999999999910e-01 5.000000000000000278e-02 0.000000000000000000e+00
8.000000000000000000e+00 7.147200000000000220e-01 5.000000000000000278e-02 1.097904965857552928e-01
1.000000000000000000e+00 7.993780000000000330e-01 5.000000000000000278e-02 2.092159227765903565e-18
2.000000000000000000e+00 5.039379999999999971e-01 5.000000000000000278e-02 2.286510392517000050e-19
3.000000000000000000e+00 5.039379999999999971e-01 5.000000000000000278e-02 2.286510392517000050e-19
4.000000000000000000e+00 4.746710000000000096e-01 5.000000000000000278e-02 5.643135352692549248e-20
5.000000000000000000e+00 4.746710000000000096e-01 5.000000000000000278e-02 5.643135352692549248e-20
6.000000000000000000e+00 4.738879999999999759e-01 5.000000000000000278e-02 4.992939606912918239e-20
7.000000000000000000e+00 5.039379999999999971e-01 5.000000000000000278e-02 2.286510392517000050e-19
8.000000000000000000e+00 7.993780000000000330e-01 5.000000000000000278e-02 1.119422851192429236e-01
1.000000000000000000e+00 9.073149999999999826e-01 5.000000000000000278e-02 0.000000000000000000e+00
2.000000000000000000e+00 6.583970000000000100e-01 5.000000000000000278e-02 0.000000000000000000e+00
3.000000000000000000e+00 6.583970000000000100e-01 5.000000000000000278e-02 0.000000000000000000e+00
4.000000000000000000e+00 6.191919999999999646e-01 5.000000000000000278e-02 0.000000000000000000e+00
5.000000000000000000e+00 6.191919999999999646e-01 5.000000000000000278e-02 0.000000000000000000e+00
6.000000000000000000e+00 6.178460000000000063e-01 5.000000000000000278e-02 0.000000000000000000e+00
7.000000000000000000e+00 6.583970000000000100e-01 5.000000000000000278e-02 0.000000000000000000e+00
8.000000000000000000e+00 9.073149999999999826e-01 5.000000000000000278e-02 0.000000000000000000e+00
1.000000000000000000e+00 1.044750000000000068e+00 5.000000000000000278e-02 0.000000000000000000e+00
2.000000000000000000e+00 8.572840000000000460e-01 5.000000000000000278e-02 4.964970510457988262e-18
3.000000000000000000e+00 8.572840000000000460e-01 5.000000000000000278e-02 4.964970510457988262e-18
4.000000000000000000e+00 8.045050000000000257e-01 5.000000000000000278e-02 3.754755972516787246e-18
5.000000000000000000e+00 8.045050000000000257e-01 5.000000000000000278e-02 3.754755972516787246e-18
6.000000000000000000e+00 8.022040000000000282e-01 5.000000000000000278e-02 3.714448628702217058e-18
7.000000000000000000e+00 8.572840000000000460e-01 5.000000000000000278e-02 4.964970510457988262e-18
8.000000000000000000e+00 1.044750000000000068e+00 5.000000000000000278e-02 0.000000000000000000e+00
1.000000000000000000e+00 1.219449999999999923e+00 5.000000000000000278e-02 1.154350569027944130e-18
2.000000000000000000e+00 1.113680000000000003e+00 5.000000000000000278e-02 2.116664864239554839e-18
3.000000000000000000e+00 1.113680000000000003e+00 5.000000000000000278e-02 2.116664864239554839e-18
4.000000000000000000e+00 1.042119999999999935e+00 5.000000000000000278e-02 2.322954166639360498e-18
5.000000000000000000e+00 1.042119999999999935e+00 5.000000000000000278e-02 2.322954166639360498e-18
6.000000000000000000e+00 1.038200000000000012e+00 5.000000000000000278e-02 2.316306199302891524e-18
7.000000000000000000e+00 1.113680000000000003e+00 5.000000000000000278e-02 2.116664864239554839e-18
8.000000000000000000e+00 1.219449999999999923e+00 5.000000000000000278e-02 1.154350569027944130e-18
1.000000000000000000e+00 1.441119999999999957e+00 5.000000000000000278e-02 0.000000000000000000e+00
2.000000000000000000e+00 1.417240000000000055e+00 5.000000000000000278e-02 0.000000000000000000e+00
3.000000000000000000e+00 1.417240000000000055e+00 5.000000000000000278e-02 0.000000000000000000e+00
4.000000000000000000e+00 1.346810000000000063e+00 5.000000000000000278e-02 0.000000000000000000e+00
5.000000000000000000e+00 1.346810000000000063e+00 5.000000000000000278e-02 0.000000000000000000e+00
6.000000000000000000e+00 1.340100000000000069e+00 5.000000000000000278e-02 0.000000000000000000e+00
7.000000000000000000e+00 1.417240000000000055e+00 5.000000000000000278e-02 0.000000000000000000e+00
8.000000000000000000e+00 1.441119999999999957e+00 5.000000000000000278e-02 0.000000000000000000e+00
1.000000000000000000e+00 1.721799999999999997e+00 5.000000000000000278e-02 0.000000000000000000e+00
2.000000000000000000e+00 1.603909999999999947e+00 5.000000000000000278e-02 0.000000000000000000e+00
3.000000000000000000e+00 1.603909999999999947e+00 5.000000000000000278e-02 0.000000000000000000e+00
4.000000000000000000e+00 1.689189999999999969e+00 5.000000000000000278e-02 0.000000000000000000e+00
5.000000000000000000e+00 1.689189999999999969e+00 5.000000000000000278e-02 0.000000000000000000e+00
6.000000000000000000e+00 1.681009999999999893e+00 5.000000000000000278e-02 0.000000000000000000e+00
7.000000000000000000e+00 1.603909999999999947e+00 5.000000000000000278e-02 0.000000000000000000e+00
8.000000000000000000e+00 1.721799999999999997e+00 5.000000000000000278e-02 0.000000000000000000e+00
1.000000000000000000e+00 2.009640000000000093e+00 5.000000000000000278e-02 9.751795715185304265e-18
2.000000000000000000e+00 1.791139999999999954e+00 5.000000000000000278e-02 0.000000000000000000e+00
3.000000000000000000e+00 1.791139999999999954e+00 5.000000000000000278e-02 0.000000000000000000e+00
4.000000000000000000e+00 1.993880000000000097e+00 5.000000000000000278e-02 4.129295063515296204e-18
5.000000000000000000e+00 1.993880000000000097e+00 5.000000000000000278e-02 4.129295063515296204e-18
6.000000000000000000e+00 1.986499999999999932e+00 5.000000000000000278e-02 3.753589554613702058e-18
7.000000000000000000e+00 1.791139999999999954e+00 5.000000000000000278e-02 0.000000000000000000e+00
8.000000000000000000e+00 2.009640000000000093e+00 5.000000000000000278e-02 9.751795715185304265e-18
1.000000000000000000e+00 2.242710000000000203e+00 5.000000000000000278e-02 0.000000000000000000e+00
2.000000000000000000e+00 2.074829999999999952e+00 5.000000000000000278e-02 8.739338643766644253e-18
3.000000000000000000e+00 2.074829999999999952e+00 5.000000000000000278e-02 8.739338643766644253e-18
4.000000000000000000e+00 2.231500000000000039e+00 5.000000000000000278e-02 1.424658251628062481e-17
5.000000000000000000e+00 2.231500000000000039e+00 5.000000000000000278e-02 1.424658251628062481e-17
6.000000000000000000e+00 2.225190000000000001e+00 5.000000000000000278e-02 1.369555120382092468e-17
7.000000000000000000e+00 2.074829999999999952e+00 5.000000000000000278e-02 8.739338643766644253e-18
8.000000000000000000e+00 2.242710000000000203e+00 5.000000000000000278e-02 0.000000000000000000e+00
1.000000000000000000e+00 2.424110000000000209e+00 5.000000000000000278e-02 0.000000000000000000e+00
2.000000000000000000e+00 2.295220000000000038e+00 5.000000000000000278e-02 1.259733642290519985e-17
3.000000000000000000e+00 2.295220000000000038e+00 5.000000000000000278e-02 1.259733642290519985e-17
4.000000000000000000e+00 2.416809999999999903e+00 5.000000000000000278e-02 0.000000000000000000e+00
5.000000000000000000e+00 2.416809999999999903e+00 5.000000000000000278e-02 0.000000000000000000e+00
6.000000000000000000e+00 2.411599999999999966e+00 5.000000000000000278e-02 0.000000000000000000e+00
7.000000000000000000e+00 2.295220000000000038e+00 5.000000000000000278e-02 1.259733642290519985e-17
8.000000000000000000e+00 2.424110000000000209e+00 5.000000000000000278e-02 0.000000000000000000e+00
1.000000000000000000e+00 2.565360000000000085e+00 5.000000000000000278e-02 2.653810549745228607e-17
2.000000000000000000e+00 2.466579999999999995e+00 5.000000000000000278e-02 0.000000000000000000e+00
3.000000000000000000e+00 2.466579999999999995e+00 5.000000000000000278e-02 0.000000000000000000e+00
4.000000000000000000e+00 2.513999999999999790e+00 5.000000000000000278e-02 0.000000000000000000e+00
5.000000000000000000e+00 2.513999999999999790e+00 5.000000000000000278e-02 0.000000000000000000e+00
6.000000000000000000e+00 2.557119999999999838e+00 5.000000000000000278e-02 0.000000000000000000e+00
7.000000000000000000e+00 2.466579999999999995e+00 5.000000000000000278e-02 0.000000000000000000e+00
8.000000000000000000e+00 2.565360000000000085e+00 5.000000000000000278e-02 2.653810549745228607e-17
1.000000000000000000e+00 2.675390000000000157e+00 5.000000000000000278e-02 0.000000000000000000e+00
2.000000000000000000e+00 2.599920000000000009e+00 5.000000000000000278e-02 0.000000000000000000e+00
3.000000000000000000e+00 2.599920000000000009e+00 5.000000000000000278e-02 0.000000000000000000e+00
4.000000000000000000e+00 2.577329999999999899e+00 5.000000000000000278e-02 0.000000000000000000e+00
5.000000000000000000e+00 2.577329999999999899e+00 5.000000000000000278e-02 0.000000000000000000e+00
6.000000000000000000e+00 2.670710000000000139e+00 5.000000000000000278e-02 7.211571526710959523e-02
7.000000000000000000e+00 2.599920000000000009e+00 5.000000000000000278e-02 0.000000000000000000e+00
8.000000000000000000e+00 2.675390000000000157e+00 5.000000000000000278e-02 0.000000000000000000e+00
1.000000000000000000e+00 2.761120000000000019e+00 5.000000000000000278e-02 0.000000000000000000e+00
2.000000000000000000e+00 2.703720000000000123e+00 5.000000000000000278e-02 0.000000000000000000e+00
3.000000000000000000e+00 2.703720000000000123e+00 5.000000000000000278e-02 0.000000000000000000e+00
4.000000000000000000e+00 2.674040000000000195e+00 5.000000000000000278e-02 1.040289915634570184e-01
5.000000000000000000e+00 2.674040000000000195e+00 5.000000000000000278e-02 1.040289915634570184e-01
6.000000000000000000e+00 2.759339999999999904e+00 5.000000000000000278e-02 0.000000000000000000e+00
7.000000000000000000e+00 2.703720000000000123e+00 5.000000000000000278e-02 0.000000000000000000e+00
8.000000000000000000e+00 2.761120000000000019e+00 5.000000000000000278e-02 0.000000000000000000e+00
1.000000000000000000e+00 2.827939999999999898e+00 5.000000000000000278e-02 8.267349088394193579e-02
2.000000000000000000e+00 2.784559999999999924e+00 5.000000000000000278e-02 0.000000000000000000e+00
3.000000000000000000e+00 2.784559999999999924e+00 5.000000000000000278e-02 0.000000000000000000e+00
4.000000000000000000e+00 2.761929999999999996e+00 5.000000000000000278e-02 0.000000000000000000e+00
5.000000000000000000e+00 2.761929999999999996e+00 5.000000000000000278e-02 0.000000000000000000e+00
6.000000000000000000e+00 2.810820000000000096e+00 5.000000000000000278e-02 0.000000000000000000e+00
7.000000000000000000e+00 2.784559999999999924e+00 5.000000000000000278e-02 0.000000000000000000e+00
8.000000000000000000e+00 2.827939999999999898e+00 5.000000000000000278e-02 8.267349088394193579e-02
1.000000000000000000e+00 2.880009999999999959e+00 5.000000000000000278e-02 1.011534476697623086e-01
2.000000000000000000e+00 2.847539999999999960e+00 5.000000000000000278e-02 0.000000000000000000e+00
3.000000000000000000e+00 2.847539999999999960e+00 5.000000000000000278e-02 0.000000000000000000e+00
4.000000000000000000e+00 2.830480000000000107e+00 5.000000000000000278e-02 0.000000000000000000e+00
5.000000000000000000e+00 2.830480000000000107e+00 5.000000000000000278e-02 0.000000000000000000e+00
6.000000000000000000e+00 2.841140000000000221e+00 5.000000000000000278e-02 0.000000000000000000e+00
7.000000000000000000e+00 2.847539999999999960e+00 5.000000000000000278e-02 0.000000000000000000e+00
8.000000000000000000e+00 2.880009999999999959e+00 5.000000000000000278e-02 1.011534476697623086e-01
1.000000000000000000e+00 2.920609999999999928e+00 5.000000000000000278e-02 0.000000000000000000e+00
2.000000000000000000e+00 2.896609999999999907e+00 5.000000000000000278e-02 0.000000000000000000e+00
3.000000000000000000e+00 2.896609999999999907e+00 5.000000000000000278e-02 0.000000000000000000e+00
4.000000000000000000e+00 2.883939999999999948e+00 5.000000000000000278e-02 1.085880310343648597e-01
5.000000000000000000e+00 2.883939999999999948e+00 5.000000000000000278e-02 1.085880310343648597e-01
6.000000000000000000e+00 2.882490000000000219e+00 5.000000000000000278e-02 4.849160164512480997e-02
7.000000000000000000e+00 2.896609999999999907e+00 5.000000000000000278e-02 0.000000000000000000e+00
8.000000000000000000e+00 2.920609999999999928e+00 5.000000000000000278e-02 0.000000000000000000e+00
1.000000000000000000e+00 2.952259999999999884e+00 5.000000000000000278e-02 1.561070033749771824e-01
2.000000000000000000e+00 2.934860000000000024e+00 5.000000000000000278e-02 0.000000000000000000e+00
3.000000000000000000e+00 2.934860000000000024e+00 5.000000000000000278e-02 0.000000000000000000e+00
4.000000000000000000e+00 2.925629999999999953e+00 5.000000000000000278e-02 0.000000000000000000e+00
5.000000000000000000e+00 2.925629999999999953e+00 5.000000000000000278e-02 0.000000000000000000e+00
6.000000000000000000e+00 2.924589999999999801e+00 5.000000000000000278e-02 0.000000000000000000e+00
7.000000000000000000e+00 2.934860000000000024e+00 5.000000000000000278e-02 0.000000000000000000e+00
8.000000000000000000e+00 2.952259999999999884e+00 5.000000000000000278e-02 1.561070033749771824e-01
1.000000000000000000e+00 2.976939999999999920e+00 5.000000000000000278e-02 0.000000000000000000e+00
2.000000000000000000e+00 2.964669999999999916e+00 5.000000000000000278e-02 0.000000000000000000e+00
3.000000000000000000e+00 2.964669999999999916e+00 5.000000000000000278e-02 0.000000000000000000e+00
4.000000000000000000e+00 2.958149999999999835e+00 5.000000000000000278e-02 0.000000000000000000e+00
5.000000000000000000e+00 2.958149999999999835e+00 5.000000000000000278e-02 0.000000000000000000e+00
6.000000000000000000e+00 2.957419999999999938e+00 5.000000000000000278e-02 0.000000000000000000e+00
7.000000000000000000e+00 2.964669999999999916e+00 5.000000000000000278e-02 0.000000000000000000e+00
8.000000000000000000e+00 2.976939999999999920e+00 5.000000000000000278e-02 0.000000000000000000e+00
1.000000000000000000e+00 2.996179999999999843e+00 5.000000000000000278e-02 9.483135719039698097e-02
2.000000000000000000e+00 2.987909999999999844e+00 5.000000000000000278e-02 0.000000000000000000e+00
3.000000000000000000e+00 2.987909999999999844e+00 5.000000000000000278e-02 0.000000000000000000e+00
4.000000000000000000e+00 2.983509999999999884e+00 5.000000000000000278e-02 1.490083472058422454e-01
5.000000000000000000e+00 2.983509999999999884e+00 5.000000000000000278e-02 1.490083472058422454e-01
6.000000000000000000e+00 2.983019999999999783e+00 5.000000000000000278e-02 1.287266555028208914e-01
7.000000000000000000e+00 2.987909999999999844e+00 5.000000000000000278e-02 0.000000000000000000e+00
8.000000000000000000e+00 2.996179999999999843e+00 5.000000000000000278e-02 9.483135719039698097e-02
1.000000000000000000e+00 3.011179999999999968e+00 5.000000000000000278e-02 0.000000000000000000e+00
2.000000000000000000e+00 3.006029999999999980e+00 5.000000000000000278e-02 1.394883694676841424e-01
3.000000000000000000e+00 3.006029999999999980e+00 5.000000000000000278e-02 1.394883694676841424e-01
4.000000000000000000e+00 3.003280000000000172e+00 5.000000000000000278e-02 2.566254868545295859e-02
5.000000000000000000e+00 3.003280000000000172e+00 5.000000000000000278e-02 2.566254868545295859e-02
6.000000000000000000e+00 3.002979999999999983e+00 5.000000000000000278e-02 1.324518641829180304e-02
7.000000000000000000e+00 3.006029999999999980e+00 5.000000000000000278e-02 1.394883694676841424e-01
8.000000000000000000e+00 3.011179999999999968e+00 5.000000000000000278e-02 0.000000000000000000e+00
1.000000000000000000e+00 3.022879999999999789e+00 5.000000000000000278e-02 1.361681026323665056e-01
2.000000000000000000e+00 3.020160000000000178e+00 5.000000000000000278e-02 0.000000000000000000e+00
3.000000000000000000e+00 3.020160000000000178e+00 5.000000000000000278e-02 0.000000000000000000e+00
4.000000000000000000e+00 3.018699999999999939e+00 5.000000000000000278e-02 0.000000000000000000e+00
5.000000000000000000e+00 3.018699999999999939e+00 5.000000000000000278e-02 0.000000000000000000e+00
6.000000000000000000e+00 3.018539999999999779e+00 5.000000000000000278e-02 0.000000000000000000e+00
7.000000000000000000e+00 3.020160000000000178e+00 5.000000000000000278e-02 0.000000000000000000e+00
8.000000000000000000e+00 3.022879999999999789e+00 5.000000000000000278e-02 1.361681026323665056e-01
1.000000000000000000e+00 3.032000000000000028e+00 5.000000000000000278e-02 0.000000000000000000e+00
2.000000000000000000e+00 3.031169999999999920e+00 5.000000000000000278e-02 7.584583847057226047e-02
3.000000000000000000e+00 3.031169999999999920e+00 5.000000000000000278e-02 7.584583847057226047e-02
4.000000000000000000e+00 3.030730000000000146e+00 5.000000000000000278e-02 9.408199635419775553e-02
5.000000000000000000e+00 3.030730000000000146e+00 5.000000000000000278e-02 0.000000000000000000e+00
6.000000000000000000e+00 3.030679999999999819e+00 5.000000000000000278e-02 0.000000000000000000e+00
7.000000000000000000e+00 3.031169999999999920e+00 5.000000000000000278e-02 0.000000000000000000e+00
8.000000000000000000e+00 3.032000000000000028e+00 5.000000000000000278e-02 0.000000000000000000e+00
1.000000000000000000e+01 4.532860000000000222e-01 5.000000000000000278e-02 1.000000000000000082e-05
1.100000000000000000e+01 6.135970000000000139e-03 5.000000000000000278e-02 1.000000000000000082e-05
1.200000000000000000e+01 6.135970000000000139e-03 5.000000000000000278e-02 1.000000000000000082e-05
1.300000000000000000e+01 5.269910000000000046e-03 5.000000000000000278e-02 1.000000000000000082e-05
1.400000000000000000e+01 5.269910000000000046e-03 5.000000000000000278e-02 1.000000000000000082e-05
1.500000000000000000e+01 5.269730000000000247e-03 5.000000000000000278e-02 1.000000000000000082e-05
1.600000000000000000e+01 6.135970000000000139e-03 5.000000000000000278e-02 1.000000000000000082e-05
1.700000000000000000e+01 4.532860000000000222e-01 5.000000000000000278e-02 1.000000000000000082e-05
1.000000000000000000e+01 4.650659999999999794e-01 5.000000000000000278e-02 1.000000000000000082e-05
1.100000000000000000e+01 1.881740000000000149e-02 5.000000000000000278e-02 1.000000000000000082e-05
1.200000000000000000e+01 1.881740000000000149e-02 5.000000000000000278e-02 1.000000000000000082e-05
1.300000000000000000e+01 1.729719999999999869e-02 5.000000000000000278e-02 1.000000000000000082e-05
1.400000000000000000e+01 1.729719999999999869e-02 5.000000000000000278e-02 1.000000000000000082e-05
1.500000000000000000e+01 1.729609999999999828e-02 5.000000000000000278e-02 1.000000000000000082e-05
1.600000000000000000e+01 1.881740000000000149e-02 5.000000000000000278e-02 1.000000000000000082e-05
1.700000000000000000e+01 4.650659999999999794e-01 5.000000000000000278e-02 1.000000000000000082e-05
1.000000000000000000e+01 4.801579999999999737e-01 5.000000000000000278e-02 1.000000000000000082e-05
1.100000000000000000e+01 3.508399999999999713e-02 5.000000000000000278e-02 1.000000000000000082e-05
1.200000000000000000e+01 3.508399999999999713e-02 5.000000000000000278e-02 1.000000000000000082e-05
1.300000000000000000e+01 3.271929999999999977e-02 5.000000000000000278e-02 1.000000000000000082e-05
1.400000000000000000e+01 3.271929999999999977e-02 5.000000000000000278e-02 1.000000000000000082e-05
1.500000000000000000e+01 3.271559999999999746e-02 5.000000000000000278e-02 1.000000000000000082e-05
1.600000000000000000e+01 3.508399999999999713e-02 5.000000000000000278e-02 1.000000000000000082e-05
1.700000000000000000e+01 4.801579999999999737e-01 5.000000000000000278e-02 1.000000000000000082e-05
1.000000000000000000e+01 4.994899999999999896e-01 5.000000000000000278e-02 1.000000000000000082e-05
1.100000000000000000e+01 5.595119999999999955e-02 5.000000000000000278e-02 1.000000000000000082e-05
1.200000000000000000e+01 5.595119999999999955e-02 5.000000000000000278e-02 1.000000000000000082e-05
1.300000000000000000e+01 5.249449999999999950e-02 5.000000000000000278e-02 1.000000000000000082e-05
1.400000000000000000e+01 5.249449999999999950e-02 5.000000000000000278e-02 1.000000000000000082e-05
1.500000000000000000e+01 5.248499999999999693e-02 5.000000000000000278e-02 1.000000000000000082e-05
1.600000000000000000e+01 5.595119999999999955e-02 5.000000000000000278e-02 1.000000000000000082e-05
1.700000000000000000e+01 4.994899999999999896e-01 5.000000000000000278e-02 1.000000000000000082e-05
1.000000000000000000e+01 5.242449999999999610e-01 5.000000000000000278e-02 1.000000000000000082e-05
1.100000000000000000e+01 8.272359999999999436e-02 5.000000000000000278e-02 1.000000000000000082e-05
1.200000000000000000e+01 8.272359999999999436e-02 5.000000000000000278e-02 1.000000000000000082e-05
1.300000000000000000e+01 7.785150000000000403e-02 5.000000000000000278e-02 1.000000000000000082e-05
1.400000000000000000e+01 7.785150000000000403e-02 5.000000000000000278e-02 1.000000000000000082e-05
1.500000000000000000e+01 7.783070000000000266e-02 5.000000000000000278e-02 1.000000000000000082e-05
1.600000000000000000e+01 8.272359999999999436e-02 5.000000000000000278e-02 1.000000000000000082e-05
1.700000000000000000e+01 5.242449999999999610e-01 5.000000000000000278e-02 1.000000000000000082e-05
1.000000000000000000e+01 5.559330000000000105e-01 5.000000000000000278e-02 1.000000000000000082e-05
1.100000000000000000e+01 1.170780000000000015e-01 5.000000000000000278e-02 1.000000000000000082e-05
1.200000000000000000e+01 1.170780000000000015e-01 5.000000000000000278e-02 1.000000000000000082e-05
1.300000000000000000e+01 1.103660000000000058e-01 5.000000000000000278e-02 1.000000000000000082e-05
1.400000000000000000e+01 1.103660000000000058e-01 5.000000000000000278e-02 1.000000000000000082e-05
1.500000000000000000e+01 1.103240000000000054e-01 5.000000000000000278e-02 1.000000000000000082e-05
1.600000000000000000e+01 1.170780000000000015e-01 5.000000000000000278e-02 1.000000000000000082e-05
1.700000000000000000e+01 5.559330000000000105e-01 5.000000000000000278e-02 1.000000000000000082e-05
1.000000000000000000e+01 5.825139999999999763e-01 5.000000000000000278e-02 1.000000000000000082e-05
1.100000000000000000e+01 1.611700000000000077e-01 5.000000000000000278e-02 1.000000000000000082e-05
1.200000000000000000e+01 1.611700000000000077e-01 5.000000000000000278e-02 1.000000000000000082e-05
1.300000000000000000e+01 1.520569999999999977e-01 5.000000000000000278e-02 1.000000000000000082e-05
1.400000000000000000e+01 1.520569999999999977e-01 5.000000000000000278e-02 1.000000000000000082e-05
1.500000000000000000e+01 1.519780000000000020e-01 5.000000000000000278e-02 1.000000000000000082e-05
1.600000000000000000e+01 1.611700000000000077e-01 5.000000000000000278e-02 1.000000000000000082e-05
1.700000000000000000e+01 5.825139999999999763e-01 5.000000000000000278e-02 1.000000000000000082e-05
1.000000000000000000e+01 6.052880000000000482e-01 5.000000000000000278e-02 1.000000000000000082e-05
1.100000000000000000e+01 2.177769999999999984e-01 5.000000000000000278e-02 1.000000000000000082e-05
1.200000000000000000e+01 2.177769999999999984e-01 5.000000000000000278e-02 1.000000000000000082e-05
1.300000000000000000e+01 2.055170000000000052e-01 5.000000000000000278e-02 1.000000000000000082e-05
1.400000000000000000e+01 2.055170000000000052e-01 5.000000000000000278e-02 1.000000000000000082e-05
1.500000000000000000e+01 2.053719999999999990e-01 5.000000000000000278e-02 1.000000000000000082e-05
1.600000000000000000e+01 2.177769999999999984e-01 5.000000000000000278e-02 1.000000000000000082e-05
1.700000000000000000e+01 6.052880000000000482e-01 5.000000000000000278e-02 1.000000000000000082e-05
1.000000000000000000e+01 6.483959999999999724e-01 5.000000000000000278e-02 1.000000000000000082e-05
1.100000000000000000e+01 2.904720000000000080e-01 5.000000000000000278e-02 1.000000000000000082e-05
1.200000000000000000e+01 2.904720000000000080e-01 5.000000000000000278e-02 1.000000000000000082e-05
1.300000000000000000e+01 2.740659999999999763e-01 5.000000000000000278e-02 1.000000000000000082e-05
1.400000000000000000e+01 2.740659999999999763e-01 5.000000000000000278e-02 1.000000000000000082e-05
1.500000000000000000e+01 2.738079999999999958e-01 5.000000000000000278e-02 1.000000000000000082e-05
1.600000000000000000e+01 2.904720000000000080e-01 5.000000000000000278e-02 1.000000000000000082e-05
1.700000000000000000e+01 6.483959999999999724e-01 5.000000000000000278e-02 1.000000000000000082e-05
1.000000000000000000e+01 7.147200000000000220e-01 5.000000000000000278e-02 1.000000000000000082e-05
1.100000000000000000e+01 3.838719999999999910e-01 5.000000000000000278e-02 1.000000000000000082e-05
1.200000000000000000e+01 3.838719999999999910e-01 5.000000000000000278e-02 1.000000000000000082e-05
1.300000000000000000e+01 3.619629999999999792e-01 5.000000000000000278e-02 1.000000000000000082e-05
1.400000000000000000e+01 3.619629999999999792e-01 5.000000000000000278e-02 1.000000000000000082e-05
1.500000000000000000e+01 3.615120000000000000e-01 5.000000000000000278e-02 1.000000000000000082e-05
1.600000000000000000e+01 3.838719999999999910e-01 5.000000000000000278e-02 1.000000000000000082e-05
1.700000000000000000e+01 7.147200000000000220e-01 5.000000000000000278e-02 1.000000000000000082e-05
1.000000000000000000e+01 7.993780000000000330e-01 5.000000000000000278e-02 1.000000000000000082e-05
1.100000000000000000e+01 5.039379999999999971e-01 5.000000000000000278e-02 1.000000000000000082e-05
1.200000000000000000e+01 5.039379999999999971e-01 5.000000000000000278e-02 1.000000000000000082e-05
1.300000000000000000e+01 4.746710000000000096e-01 5.000000000000000278e-02 1.000000000000000082e-05
1.400000000000000000e+01 4.746710000000000096e-01 5.000000000000000278e-02 1.000000000000000082e-05
1.500000000000000000e+01 4.738879999999999759e-01 5.000000000000000278e-02 1.000000000000000082e-05
1.600000000000000000e+01 5.039379999999999971e-01 5.000000000000000278e-02 1.000000000000000082e-05
1.700000000000000000e+01 7.993780000000000330e-01 5.000000000000000278e-02 1.000000000000000082e-05
1.000000000000000000e+01 9.073149999999999826e-01 5.000000000000000278e-02 1.000000000000000082e-05
1.100000000000000000e+01 6.583970000000000100e-01 5.000000000000000278e-02 1.000000000000000082e-05
1.200000000000000000e+01 6.583970000000000100e-01 5.000000000000000278e-02 1.000000000000000082e-05
1.300000000000000000e+01 6.191919999999999646e-01 5.000000000000000278e-02 1.000000000000000082e-05
1.400000000000000000e+01 6.191919999999999646e-01 5.000000000000000278e-02 1.000000000000000082e-05
1.500000000000000000e+01 6.178460000000000063e-01 5.000000000000000278e-02 1.000000000000000082e-05
1.600000000000000000e+01 6.583970000000000100e-01 5.000000000000000278e-02 1.000000000000000082e-05
1.700000000000000000e+01 9.073149999999999826e-01 5.000000000000000278e-02 1.000000000000000082e-05
1.000000000000000000e+01 1.044750000000000068e+00 5.000000000000000278e-02 1.000000000000000082e-05
1.100000000000000000e+01 8.572840000000000460e-01 5.000000000000000278e-02 1.000000000000000082e-05
1.200000000000000000e+01 8.572840000000000460e-01 5.000000000000000278e-02 1.000000000000000082e-05
1.300000000000000000e+01 8.045050000000000257e-01 5.000000000000000278e-02 1.000000000000000082e-05
1.400000000000000000e+01 8.045050000000000257e-01 5.000000000000000278e-02 1.000000000000000082e-05
1.500000000000000000e+01 8.022040000000000282e-01 5.000000000000000278e-02 1.000000000000000082e-05
1.600000000000000000e+01 8.572840000000000460e-01 5.000000000000000278e-02 1.000000000000000082e-05
1.700000000000000000e+01 1.044750000000000068e+00 5.000000000000000278e-02 1.000000000000000082e-05
1.000000000000000000e+01 1.219449999999999923e+00 5.000000000000000278e-02 1.000000000000000082e-05
1.100000000000000000e+01 1.113680000000000003e+00 5.000000000000000278e-02 1.000000000000000082e-05
1.200000000000000000e+01 1.113680000000000003e+00 5.000000000000000278e-02 1.000000000000000082e-05
1.300000000000000000e+01 1.042119999999999935e+00 5.000000000000000278e-02 1.000000000000000082e-05
1.400000000000000000e+01 1.042119999999999935e+00 5.000000000000000278e-02 1.000000000000000082e-05
1.500000000000000000e+01 1.038200000000000012e+00 5.000000000000000278e-02 1.000000000000000082e-05
1.600000000000000000e+01 1.113680000000000003e+00 5.000000000000000278e-02 1.000000000000000082e-05
1.700000000000000000e+01 1.219449999999999923e+00 5.000000000000000278e-02 1.000000000000000082e-05
1.000000000000000000e+01 1.441119999999999957e+00 5.000000000000000278e-02 1.000000000000000082e-05
1.100000000000000000e+01 1.417240000000000055e+00 5.000000000000000278e-02 1.000000000000000082e-05
1.200000000000000000e+01 1.417240000000000055e+00 5.000000000000000278e-02 1.000000000000000082e-05
1.300000000000000000e+01 1.346810000000000063e+00 5.000000000000000278e-02 1.000000000000000082e-05
1.400000000000000000e+01 1.346810000000000063e+00 5.000000000000000278e-02 1.000000000000000082e-05
1.500000000000000000e+01 1.340100000000000069e+00 5.000000000000000278e-02 1.000000000000000082e-05
1.600000000000000000e+01 1.417240000000000055e+00 5.000000000000000278e-02 1.000000000000000082e-05
1.700000000000000000e+01 1.441119999999999957e+00 5.000000000000000278e-02 1.000000000000000082e-05
1.000000000000000000e+01 1.721799999999999997e+00 5.000000000000000278e-02 1.000000000000000082e-05
1.100000000000000000e+01 1.603909999999999947e+00 5.000000000000000278e-02 1.000000000000000082e-05
1.200000000000000000e+01 1.603909999999999947e+00 5.000000000000000278e-02 1.000000000000000082e-05
1.300000000000000000e+01 1.689189999999999969e+00 5.000000000000000278e-02 1.000000000000000082e-05
1.400000000000000000e+01 1.689189999999999969e+00 5.000000000000000278e-02 1.000000000000000082e-05
1.500000000000000000e+01 1.681009999999999893e+00 5.000000000000000278e-02 1.000000000000000082e-05
1.600000000000000000e+01 1.603909999999999947e+00 5.000000000000000278e-02 1.000000000000000082e-05
1.700000000000000000e+01 1.721799999999999997e+00 5.000000000000000278e-02 1.000000000000000082e-05
1.000000000000000000e+01 2.009640000000000093e+00 5.000000000000000278e-02 1.000000000000000082e-05
1.100000000000000000e+01 1.791139999999999954e+00 5.000000000000000278e-02 1.000000000000000082e-05
1.200000000000000000e+01 1.791139999999999954e+00 5.000000000000000278e-02 1.000000000000000082e-05
1.300000000000000000e+01 1.993880000000000097e+00 5.000000000000000278e-02 1.000000000000000082e-05
1.400000000000000000e+01 1.993880000000000097e+00 5.000000000000000278e-02 1.000000000000000082e-05
1.500000000000000000e+01 1.986499999999999932e+00 5.000000000000000278e-02 1.000000000000000082e-05
1.600000000000000000e+01 1.791139999999999954e+00 5.000000000000000278e-02 1.000000000000000082e-05
1.700000000000000000e+01 2.009640000000000093e+00 5.000000000000000278e-02 1.000000000000000082e-05
1.000000000000000000e+01 2.242710000000000203e+00 5.000000000000000278e-02 1.000000000000000082e-05
1.100000000000000000e+01 2.074829999999999952e+00 5.000000000000000278e-02 1.000000000000000082e-05
1.200000000000000000e+01 2.074829999999999952e+00 5.000000000000000278e-02 1.000000000000000082e-05
1.300000000000000000e+01 2.231500000000000039e+00 5.000000000000000278e-02 1.000000000000000082e-05
1.400000000000000000e+01 2.231500000000000039e+00 5.000000000000000278e-02 1.000000000000000082e-05
1.500000000000000000e+01 2.225190000000000001e+00 5.000000000000000278e-02 1.000000000000000082e-05
1.600000000000000000e+01 2.074829999999999952e+00 5.000000000000000278e-02 1.000000000000000082e-05
1.700000000000000000e+01 2.242710000000000203e+00 5.000000000000000278e-02 1.000000000000000082e-05
1.000000000000000000e+01 2.424110000000000209e+00 5.000000000000000278e-02 1.000000000000000082e-05
1.100000000000000000e+01 2.295220000000000038e+00 5.000000000000000278e-02 1.000000000000000082e-05
1.200000000000000000e+01 2.295220000000000038e+00 5.000000000000000278e-02 1.000000000000000082e-05
1.300000000000000000e+01 2.416809999999999903e+00 5.000000000000000278e-02 1.000000000000000082e-05
1.400000000000000000e+01 2.416809999999999903e+00 5.000000000000000278e-02 1.000000000000000082e-05
1.500000000000000000e+01 2.411599999999999966e+00 5.000000000000000278e-02 1.000000000000000082e-05
1.600000000000000000e+01 2.295220000000000038e+00 5.000000000000000278e-02 1.000000000000000082e-05
1.700000000000000000e+01 2.424110000000000209e+00 5.000000000000000278e-02 1.000000000000000082e-05
1.000000000000000000e+01 2.565360000000000085e+00 5.000000000000000278e-02 1.000000000000000082e-05
1.100000000000000000e+01 2.466579999999999995e+00 5.000000000000000278e-02 1.000000000000000082e-05
1.200000000000000000e+01 2.466579999999999995e+00 5.000000000000000278e-02 1.000000000000000082e-05
1.300000000000000000e+01 2.513999999999999790e+00 5.000000000000000278e-02 1.000000000000000082e-05
1.400000000000000000e+01 2.513999999999999790e+00 5.000000000000000278e-02 1.000000000000000082e-05
1.500000000000000000e+01 2.557119999999999838e+00 5.000000000000000278e-02 1.000000000000000082e-05
1.600000000000000000e+01 2.466579999999999995e+00 5.000000000000000278e-02 1.000000000000000082e-05
1.700000000000000000e+01 2.565360000000000085e+00 5.000000000000000278e-02 1.000000000000000082e-05
1.000000000000000000e+01 2.675390000000000157e+00 5.000000000000000278e-02 1.000000000000000082e-05
1.100000000000000000e+01 2.599920000000000009e+00 5.000000000000000278e-02 1.000000000000000082e-05
1.200000000000000000e+01 2.599920000000000009e+00 5.000000000000000278e-02 1.000000000000000082e-05
1.300000000000000000e+01 2.577329999999999899e+00 5.000000000000000278e-02 1.000000000000000082e-05
1.400000000000000000e+01 2.577329999999999899e+00 5.000000000000000278e-02 1.000000000000000082e-05
1.500000000000000000e+01 2.670710000000000139e+00 5.000000000000000278e-02 1.000000000000000082e-05
1.600000000000000000e+01 2.599920000000000009e+00 5.000000000000000278e-02 1.000000000000000082e-05
1.700000000000000000e+01 2.675390000000000157e+00 5.000000000000000278e-02 1.000000000000000082e-05
1.000000000000000000e+01 2.761120000000000019e+00 5.000000000000000278e-02 1.000000000000000082e-05
1.100000000000000000e+01 2.703720000000000123e+00 5.000000000000000278e-02 1.000000000000000082e-05
1.200000000000000000e+01 2.703720000000000123e+00 5.000000000000000278e-02 1.000000000000000082e-05
1.300000000000000000e+01 2.674040000000000195e+00 5.000000000000000278e-02 1.000000000000000082e-05
1.400000000000000000e+01 2.674040000000000195e+00 5.000000000000000278e-02 1.000000000000000082e-05
1.500000000000000000e+01 2.759339999999999904e+00 5.000000000000000278e-02 1.000000000000000082e-05
1.600000000000000000e+01 2.703720000000000123e+00 5.000000000000000278e-02 1.000000000000000082e-05
1.700000000000000000e+01 2.761120000000000019e+00 5.000000000000000278e-02 1.000000000000000082e-05
1.000000000000000000e+01 2.827939999999999898e+00 5.000000000000000278e-02 1.000000000000000082e-05
1.100000000000000000e+01 2.784559999999999924e+00 5.000000000000000278e-02 1.000000000000000082e-05
1.200000000000000000e+01 2.784559999999999924e+00 5.000000000000000278e-02 1.000000000000000082e-05
1.300000000000000000e+01 2.761929999999999996e+00 5.000000000000000278e-02 1.000000000000000082e-05
1.400000000000000000e+01 2.761929999999999996e+00 5.000000000000000278e-02 1.000000000000000082e-05
1.500000000000000000e+01 2.810820000000000096e+00 5.000000000000000278e-02 1.000000000000000082e-05
1.600000000000000000e+01 2.784559999999999924e+00 5.000000000000000278e-02 1.000000000000000082e-05
1.700000000000000000e+01 2.827939999999999898e+00 5.000000000000000278e-02 1.000000000000000082e-05
1.000000000000000000e+01 2.880009999999999959e+00 5.000000000000000278e-02 1.000000000000000082e-05
1.100000000000000000e+01 2.847539999999999960e+00 5.000000000000000278e-02 1.000000000000000082e-05
1.200000000000000000e+01 2.847539999999999960e+00 5.000000000000000278e-02 1.000000000000000082e-05
1.300000000000000000e+01 2.830480000000000107e+00 5.000000000000000278e-02 1.000000000000000082e-05
1.400000000000000000e+01 2.830480000000000107e+00 5.000000000000000278e-02 1.000000000000000082e-05
1.500000000000000000e+01 2.841140000000000221e+00 5.000000000000000278e-02 1.000000000000000082e-05
1.600000000000000000e+01 2.847539999999999960e+00 5.000000000000000278e-02 1.000000000000000082e-05
1.700000000000000000e+01 2.880009999999999959e+00 5.000000000000000278e-02 1.000000000000000082e-05
1.000000000000000000e+01 2.920609999999999928e+00 5.000000000000000278e-02 1.000000000000000082e-05
1.100000000000000000e+01 2.896609999999999907e+00 5.000000000000000278e-02 1.000000000000000082e-05
1.200000000000000000e+01 2.896609999999999907e+00 5.000000000000000278e-02 1.000000000000000082e-05
1.300000000000000000e+01 2.883939999999999948e+00 5.000000000000000278e-02 1.000000000000000082e-05
1.400000000000000000e+01 2.883939999999999948e+00 5.000000000000000278e-02 1.000000000000000082e-05
1.500000000000000000e+01 2.882490000000000219e+00 5.000000000000000278e-02 1.000000000000000082e-05
1.600000000000000000e+01 2.896609999999999907e+00 5.000000000000000278e-02 1.000000000000000082e-05
1.700000000000000000e+01 2.920609999999999928e+00 5.000000000000000278e-02 1.000000000000000082e-05
1.000000000000000000e+01 2.952259999999999884e+00 5.000000000000000278e-02 1.000000000000000082e-05
1.100000000000000000e+01 2.934860000000000024e+00 5.000000000000000278e-02 1.000000000000000082e-05
1.200000000000000000e+01 2.934860000000000024e+00 5.000000000000000278e-02 1.000000000000000082e-05
1.300000000000000000e+01 2.925629999999999953e+00 5.000000000000000278e-02 1.000000000000000082e-05
1.400000000000000000e+01 2.925629999999999953e+00 5.000000000000000278e-02 1.000000000000000082e-05
1.500000000000000000e+01 2.924589999999999801e+00 5.000000000000000278e-02 1.000000000000000082e-05
1.600000000000000000e+01 2.934860000000000024e+00 5.000000000000000278e-02 1.000000000000000082e-05
1.700000000000000000e+01 2.952259999999999884e+00 5.000000000000000278e-02 1.000000000000000082e-05
1.000000000000000000e+01 2.976939999999999920e+00 5.000000000000000278e-02 1.000000000000000082e-05
1.100000000000000000e+01 2.964669999999999916e+00 5.000000000000000278e-02 1.000000000000000082e-05
1.200000000000000000e+01 2.964669999999999916e+00 5.000000000000000278e-02 1.000000000000000082e-05
1.300000000000000000e+01 2.958149999999999835e+00 5.000000000000000278e-02 1.000000000000000082e-05
1.400000000000000000e+01 2.958149999999999835e+00 5.000000000000000278e-02 1.000000000000000082e-05
1.500000000000000000e+01 2.957419999999999938e+00 5.000000000000000278e-02 1.000000000000000082e-05
1.600000000000000000e+01 2.964669999999999916e+00 5.000000000000000278e-02 1.000000000000000082e-05
1.700000000000000000e+01 2.976939999999999920e+00 5.000000000000000278e-02 1.000000000000000082e-05
1.000000000000000000e+01 2.996179999999999843e+00 5.000000000000000278e-02 1.000000000000000082e-05
1.100000000000000000e+01 2.987909999999999844e+00 5.000000000000000278e-02 1.000000000000000082e-05
1.200000000000000000e+01 2.987909999999999844e+00 5.000000000000000278e-02 1.000000000000000082e-05
1.300000000000000000e+01 2.983509999999999884e+00 5.000000000000000278e-02 1.000000000000000082e-05
1.400000000000000000e+01 2.983509999999999884e+00 5.000000000000000278e-02 1.000000000000000082e-05
1.500000000000000000e+01 2.983019999999999783e+00 5.000000000000000278e-02 1.000000000000000082e-05
1.600000000000000000e+01 2.987909999999999844e+00 5.000000000000000278e-02 1.000000000000000082e-05
1.700000000000000000e+01 2.996179999999999843e+00 5.000000000000000278e-02 1.000000000000000082e-05
1.000000000000000000e+01 3.011179999999999968e+00 5.000000000000000278e-02 1.000000000000000082e-05
1.100000000000000000e+01 3.006029999999999980e+00 5.000000000000000278e-02 1.000000000000000082e-05
1.200000000000000000e+01 3.006029999999999980e+00 5.000000000000000278e-02 1.000000000000000082e-05
1.300000000000000000e+01 3.003280000000000172e+00 5.000000000000000278e-02 1.000000000000000082e-05
1.400000000000000000e+01 3.003280000000000172e+00 5.000000000000000278e-02 1.000000000000000082e-05
1.500000000000000000e+01 3.002979999999999983e+00 5.000000000000000278e-02 1.000000000000000082e-05
1.600000000000000000e+01 3.006029999999999980e+00 5.000000000000000278e-02 1.000000000000000082e-05
1.700000000000000000e+01 3.011179999999999968e+00 5.000000000000000278e-02 1.000000000000000082e-05
1.000000000000000000e+01 3.022879999999999789e+00 5.000000000000000278e-02 1.000000000000000082e-05
1.100000000000000000e+01 3.020160000000000178e+00 5.000000000000000278e-02 1.000000000000000082e-05
1.200000000000000000e+01 3.020160000000000178e+00 5.000000000000000278e-02 1.000000000000000082e-05
1.300000000000000000e+01 3.018699999999999939e+00 5.000000000000000278e-02 1.000000000000000082e-05
1.400000000000000000e+01 3.018699999999999939e+00 5.000000000000000278e-02 1.000000000000000082e-05
1.500000000000000000e+01 3.018539999999999779e+00 5.000000000000000278e-02 1.000000000000000082e-05
1.600000000000000000e+01 3.020160000000000178e+00 5.000000000000000278e-02 1.000000000000000082e-05
1.700000000000000000e+01 3.022879999999999789e+00 5.000000000000000278e-02 1.000000000000000082e-05
1.000000000000000000e+01 3.032000000000000028e+00 5.000000000000000278e-02 1.000000000000000082e-05
1.100000000000000000e+01 3.031169999999999920e+00 5.000000000000000278e-02 1.000000000000000082e-05
1.200000000000000000e+01 3.031169999999999920e+00 5.000000000000000278e-02 1.000000000000000082e-05
1.300000000000000000e+01 3.030730000000000146e+00 5.000000000000000278e-02 1.000000000000000082e-05
1.400000000000000000e+01 3.030730000000000146e+00 5.000000000000000278e-02 1.000000000000000082e-05
1.500000000000000000e+01 3.030679999999999819e+00 5.000000000000000278e-02 1.000000000000000082e-05
1.600000000000000000e+01 3.031169999999999920e+00 5.000000000000000278e-02 1.000000000000000082e-05
1.700000000000000000e+01 3.032000000000000028e+00 5.000000000000000278e-02 1.000000000000000082e-05
