(0.000000e+00 1.262218e+00 5.000000e-02)
(0.000000e+00 1.349500e+00 5.000000e-02)
(0.000000e+00 1.436781e+00 5.000000e-02)
(0.000000e+00 1.524063e+00 5.000000e-02)
(0.000000e+00 1.611344e+00 5.000000e-02)
(0.000000e+00 1.698626e+00 5.000000e-02)
(0.000000e+00 1.785907e+00 5.000000e-02)
(0.000000e+00 1.873188e+00 5.000000e-02)
(0.000000e+00 1.960470e+00 5.000000e-02)
(0.000000e+00 2.047751e+00 5.000000e-02)
(0.000000e+00 2.135033e+00 5.000000e-02)
(0.000000e+00 2.222314e+00 5.000000e-02)
(0.000000e+00 2.309596e+00 5.000000e-02)
(0.000000e+00 2.396877e+00 5.000000e-02)
(0.000000e+00 2.484159e+00 5.000000e-02)
(0.000000e+00 2.571440e+00 5.000000e-02)
(0.000000e+00 2.658722e+00 5.000000e-02)
(0.000000e+00 2.746003e+00 5.000000e-02)
(0.000000e+00 2.833285e+00 5.000000e-02)
