7.000000e+00 2.567205e-02 5.000000e-02
7.000000e+00 2.113348e-01 5.000000e-02
7.000000e+00 3.969975e-01 5.000000e-02
7.000000e+00 5.826602e-01 5.000000e-02
7.000000e+00 7.683229e-01 5.000000e-02
7.000000e+00 9.539856e-01 5.000000e-02
7.000000e+00 1.139648e+00 5.000000e-02
7.000000e+00 1.325311e+00 5.000000e-02
7.000000e+00 1.510974e+00 5.000000e-02
7.000000e+00 1.696636e+00 5.000000e-02
7.000000e+00 1.882299e+00 5.000000e-02
7.000000e+00 2.067962e+00 5.000000e-02
7.000000e+00 2.253624e+00 5.000000e-02
7.000000e+00 2.439287e+00 5.000000e-02
7.000000e+00 2.624950e+00 5.000000e-02
7.000000e+00 2.810613e+00 5.000000e-02
7.000000e+00 2.996275e+00 5.000000e-02
