8.000000e+00 4.774513e-01 5.000000e-02
8.000000e+00 6.631140e-01 5.000000e-02
8.000000e+00 8.487768e-01 5.000000e-02
8.000000e+00 1.034439e+00 5.000000e-02
8.000000e+00 1.220102e+00 5.000000e-02
8.000000e+00 1.405765e+00 5.000000e-02
8.000000e+00 1.591428e+00 5.000000e-02
8.000000e+00 1.777090e+00 5.000000e-02
8.000000e+00 1.962753e+00 5.000000e-02
8.000000e+00 2.148416e+00 5.000000e-02
8.000000e+00 2.334078e+00 5.000000e-02
8.000000e+00 2.519741e+00 5.000000e-02
8.000000e+00 2.705404e+00 5.000000e-02
8.000000e+00 2.891067e+00 5.000000e-02
