4.536419999999999897e-01 9.413100999999999782e-05 -7.281372000000000528e-05 0.000000000000000000e+00 5.640469999999999886e-05 0.000000000000000000e+00 1.074854999999999994e-04 3.772630999999999896e-05
4.590060000000000251e-01 4.332569000000000090e-04 -3.337993000000000145e-04 0.000000000000000000e+00 2.587445999999999757e-04 0.000000000000000000e+00 4.913330000000000475e-04 1.745123000000000334e-04
4.643700000000000050e-01 9.577388000000000264e-04 -7.338604000000000524e-04 0.000000000000000000e+00 5.706920000000000309e-04 0.000000000000000000e+00 1.073329999999999944e-03 3.870467999999999955e-04
4.697339999999999849e-01 1.593004999999999985e-03 -1.213344000000000098e-03 0.000000000000000000e+00 9.483977000000000422e-04 0.000000000000000000e+00 1.760094999999999932e-03 6.446072999999999430e-04
4.750989999999999935e-01 2.291219000000000155e-03 -1.733921999999999937e-03 0.000000000000000000e+00 1.364643000000000019e-03 0.000000000000000000e+00 2.494468000000000119e-03 9.265760000000001356e-04
4.804629999999999734e-01 3.015775000000000053e-03 -2.266471999999999844e-03 0.000000000000000000e+00 1.798869999999999940e-03 0.000000000000000000e+00 3.235837000000000088e-03 1.216905000000000113e-03
4.858270000000000088e-01 3.735151999999999830e-03 -2.786536999999999955e-03 0.000000000000000000e+00 2.233471999999999801e-03 0.000000000000000000e+00 3.955188000000000106e-03 1.501680000000000029e-03
4.911909999999999887e-01 4.427175000000000207e-03 -3.277111000000000086e-03 0.000000000000000000e+00 2.655907999999999793e-03 0.000000000000000000e+00 4.635971000000000015e-03 1.771267000000000414e-03
4.965550000000000241e-01 5.076604000000000186e-03 -3.726769000000000002e-03 0.000000000000000000e+00 3.057260000000000012e-03 0.000000000000000000e+00 5.269382000000000406e-03 2.019344000000000174e-03
5.019200000000000328e-01 5.671207000000000158e-03 -4.128676999999999868e-03 0.000000000000000000e+00 3.433396999999999925e-03 0.000000000000000000e+00 5.855090999999999768e-03 2.237810000000000233e-03
5.072839999999999572e-01 6.209520999999999964e-03 -4.480900000000000334e-03 0.000000000000000000e+00 3.781028999999999987e-03 0.000000000000000000e+00 6.392028999999999593e-03 2.428491999999999977e-03
5.126479999999999926e-01 6.686890000000000021e-03 -4.778766999999999737e-03 0.000000000000000000e+00 4.096042000000000259e-03 0.000000000000000000e+00 6.877071000000000225e-03 2.590847999999999762e-03
5.180120000000000280e-01 7.108366999999999984e-03 -5.028417999999999777e-03 0.000000000000000000e+00 4.382172000000000150e-03 0.000000000000000000e+00 7.317042000000000164e-03 2.726194999999999834e-03
5.233759999999999524e-01 7.477221000000000041e-03 -5.231539000000000328e-03 0.000000000000000000e+00 4.639497999999999713e-03 0.000000000000000000e+00 7.714162999999999576e-03 2.837723000000000328e-03
5.287399999999999878e-01 7.795889000000000291e-03 -5.390856000000000293e-03 0.000000000000000000e+00 4.869591999999999844e-03 0.000000000000000000e+00 8.070792000000000244e-03 2.926297000000000446e-03
5.341050000000000519e-01 8.070914999999999687e-03 -5.512412000000000388e-03 0.000000000000000000e+00 5.076606000000000000e-03 0.000000000000000000e+00 8.392287999999999484e-03 2.994308999999999686e-03
5.394689999999999763e-01 8.307709999999999401e-03 -5.599882999999999944e-03 0.000000000000000000e+00 5.261835000000000297e-03 0.000000000000000000e+00 8.681318000000000368e-03 3.045874999999999104e-03
5.448330000000000117e-01 8.508155999999999358e-03 -5.655521999999999633e-03 0.000000000000000000e+00 5.427503999999999662e-03 0.000000000000000000e+00 8.939180999999999169e-03 3.080651999999999696e-03
5.501970000000000471e-01 8.681538000000000796e-03 -5.686479000000000360e-03 0.000000000000000000e+00 5.577465999999999674e-03 0.000000000000000000e+00 9.171959999999999835e-03 3.104072000000001122e-03
5.555609999999999715e-01 8.835180999999999243e-03 -5.694354999999999903e-03 0.000000000000000000e+00 5.710157999999999900e-03 0.000000000000000000e+00 9.380147999999999611e-03 3.125022999999999343e-03
5.609260000000000357e-01 8.966867999999999367e-03 -5.682880000000000396e-03 0.000000000000000000e+00 5.831308999999999798e-03 0.000000000000000000e+00 9.566457000000000432e-03 3.135558999999999569e-03
5.662899999999999601e-01 9.081020999999999885e-03 -5.655348000000000146e-03 0.000000000000000000e+00 5.943099999999999772e-03 0.000000000000000000e+00 9.734102999999999159e-03 3.137921000000000113e-03
5.716539999999999955e-01 9.180479000000000070e-03 -5.614932000000000430e-03 0.000000000000000000e+00 6.047379999999999770e-03 0.000000000000000000e+00 9.885526999999999856e-03 3.133099000000000300e-03
5.770180000000000309e-01 9.267544000000000823e-03 -5.563636999999999749e-03 0.000000000000000000e+00 6.145850999999999918e-03 0.000000000000000000e+00 1.002286999999999970e-02 3.121693000000000905e-03
5.823819999999999553e-01 9.344118000000000215e-03 -5.503654000000000185e-03 0.000000000000000000e+00 6.240210999999999848e-03 0.000000000000000000e+00 1.014854999999999924e-02 3.103907000000000367e-03
5.877470000000000194e-01 9.411815000000000458e-03 -5.436345000000000413e-03 0.000000000000000000e+00 6.331357999999999604e-03 0.000000000000000000e+00 1.026372000000000048e-02 3.080457000000000854e-03
5.931110000000000548e-01 9.472216999999999790e-03 -5.363126000000000178e-03 0.000000000000000000e+00 6.420300999999999786e-03 0.000000000000000000e+00 1.036974000000000055e-02 3.051916000000000004e-03
5.984749999999999792e-01 9.526658000000000348e-03 -5.285294999999999750e-03 0.000000000000000000e+00 6.508253999999999775e-03 0.000000000000000000e+00 1.046815000000000072e-02 3.018404000000000573e-03
6.038390000000000146e-01 9.576296999999999240e-03 -5.204005999999999736e-03 0.000000000000000000e+00 6.596264999999999594e-03 0.000000000000000000e+00 1.056043000000000086e-02 2.980031999999999646e-03
6.092030000000000500e-01 9.619736000000000259e-03 -5.119346999999999787e-03 0.000000000000000000e+00 6.686357000000000411e-03 0.000000000000000000e+00 1.064907000000000006e-02 2.933378999999999848e-03
6.145669999999999744e-01 9.658579000000000470e-03 -5.032344999999999700e-03 0.000000000000000000e+00 6.779219000000000390e-03 0.000000000000000000e+00 1.073507999999999928e-02 2.879360000000000079e-03
6.199320000000000386e-01 9.695834000000000397e-03 -4.944284999999999652e-03 0.000000000000000000e+00 6.873932999999999606e-03 0.000000000000000000e+00 1.081765999999999978e-02 2.821901000000000791e-03
6.252959999999999630e-01 9.732137999999999553e-03 -4.856001999999999888e-03 0.000000000000000000e+00 6.972017999999999965e-03 0.000000000000000000e+00 1.089805999999999934e-02 2.760119999999999588e-03
6.306599999999999984e-01 9.768851999999999744e-03 -4.768511999999999924e-03 0.000000000000000000e+00 7.074590999999999866e-03 0.000000000000000000e+00 1.097827999999999998e-02 2.694260999999999878e-03
6.360240000000000338e-01 9.806838999999999487e-03 -4.682242999999999995e-03 0.000000000000000000e+00 7.182024999999999867e-03 0.000000000000000000e+00 1.105948999999999995e-02 2.624813999999999620e-03
6.413879999999999582e-01 9.846528999999999698e-03 -4.597485999999999587e-03 0.000000000000000000e+00 7.294143000000000328e-03 0.000000000000000000e+00 1.114118000000000053e-02 2.552385999999999371e-03
6.467530000000000223e-01 9.888446000000000388e-03 -4.514670000000000141e-03 0.000000000000000000e+00 7.412163000000000258e-03 0.000000000000000000e+00 1.122472000000000053e-02 2.476283000000000130e-03
6.521169999999999467e-01 9.933971999999999247e-03 -4.435132999999999957e-03 0.000000000000000000e+00 7.538343000000000300e-03 0.000000000000000000e+00 1.131069999999999992e-02 2.395628999999998947e-03
6.574809999999999821e-01 9.983789999999999332e-03 -4.359314999999999891e-03 0.000000000000000000e+00 7.671149000000000370e-03 0.000000000000000000e+00 1.139830000000000010e-02 2.312640999999998961e-03
6.628450000000000175e-01 1.003774999999999980e-02 -4.286886000000000169e-03 0.000000000000000000e+00 7.811061000000000219e-03 0.000000000000000000e+00 1.148861999999999974e-02 2.226688999999999578e-03
6.682090000000000529e-01 1.009677999999999964e-02 -4.217956000000000136e-03 0.000000000000000000e+00 7.958789000000000835e-03 0.000000000000000000e+00 1.158202000000000016e-02 2.137990999999998809e-03
6.735740000000000061e-01 1.016913000000000018e-02 -4.156207999999999778e-03 0.000000000000000000e+00 8.117548000000000472e-03 0.000000000000000000e+00 1.168034000000000086e-02 2.051581999999999711e-03
6.789380000000000415e-01 1.024996000000000067e-02 -4.099954000000000272e-03 0.000000000000000000e+00 8.285779999999999534e-03 0.000000000000000000e+00 1.178408000000000060e-02 1.964180000000001133e-03
6.843019999999999659e-01 1.033700000000000070e-02 -4.048378000000000046e-03 0.000000000000000000e+00 8.460699000000000344e-03 0.000000000000000000e+00 1.189080999999999992e-02 1.876301000000000357e-03
6.896660000000000013e-01 1.043944999999999942e-02 -4.007122999999999588e-03 0.000000000000000000e+00 8.651040000000000466e-03 0.000000000000000000e+00 1.200553000000000037e-02 1.788409999999998959e-03
6.950300000000000367e-01 1.055280999999999927e-02 -3.971963999999999703e-03 0.000000000000000000e+00 8.851948000000000108e-03 0.000000000000000000e+00 1.212683999999999984e-02 1.700861999999999166e-03
7.003939999999999610e-01 1.067699000000000079e-02 -3.944221999999999832e-03 0.000000000000000000e+00 9.063266999999999851e-03 0.000000000000000000e+00 1.225371999999999920e-02 1.613723000000000934e-03
7.057590000000000252e-01 1.081672000000000015e-02 -3.926490999999999836e-03 0.000000000000000000e+00 9.288390000000000535e-03 0.000000000000000000e+00 1.238939000000000012e-02 1.528329999999999619e-03
7.111229999999999496e-01 1.096716000000000010e-02 -3.914507999999999703e-03 0.000000000000000000e+00 9.523053999999999547e-03 0.000000000000000000e+00 1.253175999999999943e-02 1.444106000000000556e-03
7.164869999999999850e-01 1.114177000000000049e-02 -3.917892000000000076e-03 0.000000000000000000e+00 9.779081000000000232e-03 0.000000000000000000e+00 1.268836999999999916e-02 1.362689000000000261e-03
7.218510000000000204e-01 1.132214999999999958e-02 -3.925263000000000016e-03 0.000000000000000000e+00 1.004002000000000019e-02 0.000000000000000000e+00 1.284833999999999976e-02 1.282129999999999381e-03
7.272149999999999448e-01 1.153037999999999980e-02 -3.949471000000000405e-03 0.000000000000000000e+00 1.032508000000000037e-02 0.000000000000000000e+00 1.302654999999999959e-02 1.205299999999999427e-03
7.325800000000000090e-01 1.174936000000000036e-02 -3.981227999999999850e-03 0.000000000000000000e+00 1.061846999999999965e-02 0.000000000000000000e+00 1.321080999999999991e-02 1.130890000000000714e-03
7.379440000000000444e-01 1.199158999999999989e-02 -4.027066000000000152e-03 0.000000000000000000e+00 1.093283999999999923e-02 0.000000000000000000e+00 1.341174000000000012e-02 1.058750000000000663e-03
7.433079999999999687e-01 1.225913000000000003e-02 -4.088137999999999841e-03 0.000000000000000000e+00 1.127177000000000040e-02 0.000000000000000000e+00 1.363094999999999932e-02 9.873599999999996268e-04
7.486720000000000041e-01 1.253875999999999949e-02 -4.157741999999999861e-03 0.000000000000000000e+00 1.162060999999999997e-02 0.000000000000000000e+00 1.385702999999999935e-02 9.181499999999995221e-04
7.540360000000000396e-01 1.286140000000000026e-02 -4.253128000000000117e-03 0.000000000000000000e+00 1.200107000000000083e-02 0.000000000000000000e+00 1.410509000000000068e-02 8.603299999999994285e-04
7.594009999999999927e-01 1.318822000000000050e-02 -4.353062999999999898e-03 0.000000000000000000e+00 1.238369999999999922e-02 0.000000000000000000e+00 1.435595999999999921e-02 8.045200000000012758e-04
7.647650000000000281e-01 1.356304000000000017e-02 -4.480742999999999705e-03 0.000000000000000000e+00 1.280039000000000003e-02 0.000000000000000000e+00 1.462830000000000033e-02 7.626500000000001334e-04
7.701289999999999525e-01 1.395173000000000073e-02 -4.617722999999999793e-03 0.000000000000000000e+00 1.322656000000000005e-02 0.000000000000000000e+00 1.490756000000000026e-02 7.251700000000006752e-04
7.754929999999999879e-01 1.437719999999999970e-02 -4.776619000000000177e-03 0.000000000000000000e+00 1.367668000000000009e-02 0.000000000000000000e+00 1.520264999999999984e-02 7.005199999999996152e-04
7.808570000000000233e-01 1.484072999999999989e-02 -4.958040999999999837e-03 0.000000000000000000e+00 1.415094000000000074e-02 0.000000000000000000e+00 1.551367000000000024e-02 6.897899999999991538e-04
7.862209999999999477e-01 1.531905000000000072e-02 -5.149212000000000233e-03 0.000000000000000000e+00 1.463358000000000020e-02 0.000000000000000000e+00 1.583185000000000148e-02 6.854700000000005233e-04
7.915860000000000118e-01 1.586078999999999961e-02 -5.376419000000000337e-03 0.000000000000000000e+00 1.515296000000000004e-02 0.000000000000000000e+00 1.617547999999999903e-02 7.078299999999995706e-04
7.969500000000000473e-01 1.640397000000000036e-02 -5.605390000000000025e-03 0.000000000000000000e+00 1.567313000000000039e-02 0.000000000000000000e+00 1.652052999999999855e-02 7.308399999999999619e-04
8.023139999999999716e-01 1.702508999999999967e-02 -5.878315999999999750e-03 0.000000000000000000e+00 1.623491000000000170e-02 0.000000000000000000e+00 1.689823000000000019e-02 7.901799999999979673e-04
8.076780000000000070e-01 1.765608999999999928e-02 -6.156093999999999976e-03 0.000000000000000000e+00 1.680159999999999987e-02 0.000000000000000000e+00 1.727959999999999913e-02 8.544899999999994167e-04
8.130420000000000424e-01 1.837008000000000044e-02 -6.479633000000000267e-03 0.000000000000000000e+00 1.739939000000000069e-02 0.000000000000000000e+00 1.769578000000000123e-02 9.706899999999997475e-04
8.184069999999999956e-01 1.912287000000000015e-02 -6.818720999999999810e-03 0.000000000000000000e+00 1.800861000000000128e-02 0.000000000000000000e+00 1.812499999999999875e-02 1.114259999999998862e-03
8.237710000000000310e-01 1.997271999999999936e-02 -7.208016000000000249e-03 0.000000000000000000e+00 1.865079999999999863e-02 0.000000000000000000e+00 1.858765000000000070e-02 1.321920000000000733e-03
8.291349999999999554e-01 2.083052000000000167e-02 -7.603620999999999644e-03 0.000000000000000000e+00 1.929871000000000017e-02 0.000000000000000000e+00 1.905632999999999980e-02 1.531810000000001504e-03
8.344989999999999908e-01 2.177294999999999925e-02 -8.041047000000000819e-03 0.000000000000000000e+00 1.996797000000000155e-02 0.000000000000000000e+00 1.954865000000000075e-02 1.804979999999997697e-03
8.398630000000000262e-01 2.278283999999999865e-02 -8.515748999999999541e-03 0.000000000000000000e+00 2.065248000000000084e-02 0.000000000000000000e+00 2.006333000000000075e-02 2.130359999999997811e-03
8.452269999999999506e-01 2.381861000000000048e-02 -9.002533999999999537e-03 0.000000000000000000e+00 2.134259999999999977e-02 0.000000000000000000e+00 2.058456999999999995e-02 2.476010000000000710e-03
8.505920000000000147e-01 2.495796000000000125e-02 -9.540979999999999253e-03 0.000000000000000000e+00 2.205729000000000023e-02 0.000000000000000000e+00 2.113527999999999935e-02 2.900670000000001025e-03
8.559560000000000501e-01 2.613843000000000069e-02 -1.009899000000000040e-02 0.000000000000000000e+00 2.278031000000000153e-02 0.000000000000000000e+00 2.169710999999999862e-02 3.358119999999999161e-03
8.613199999999999745e-01 2.735575999999999980e-02 -1.067449000000000002e-02 0.000000000000000000e+00 2.350707999999999964e-02 0.000000000000000000e+00 2.226983000000000087e-02 3.848680000000000156e-03
8.666840000000000099e-01 2.868551000000000087e-02 -1.130083999999999950e-02 0.000000000000000000e+00 2.424478000000000050e-02 0.000000000000000000e+00 2.287290000000000156e-02 4.440730000000000371e-03
8.720480000000000453e-01 3.003261000000000125e-02 -1.193434999999999982e-02 0.000000000000000000e+00 2.498426000000000119e-02 0.000000000000000000e+00 2.347977999999999871e-02 5.048350000000000060e-03
8.774129999999999985e-01 3.145117000000000052e-02 -1.259914999999999993e-02 0.000000000000000000e+00 2.572738000000000108e-02 0.000000000000000000e+00 2.410680000000000114e-02 5.723789999999999434e-03
8.827770000000000339e-01 3.295966000000000173e-02 -1.329937999999999954e-02 0.000000000000000000e+00 2.647431999999999910e-02 0.000000000000000000e+00 2.475141000000000147e-02 6.485340000000002630e-03
8.881409999999999583e-01 3.446889999999999676e-02 -1.399929999999999924e-02 0.000000000000000000e+00 2.721873000000000001e-02 0.000000000000000000e+00 2.539703000000000099e-02 7.250169999999996756e-03
8.935049999999999937e-01 3.611406999999999812e-02 -1.474538000000000064e-02 0.000000000000000000e+00 2.795229999999999937e-02 0.000000000000000000e+00 2.606131000000000073e-02 8.161769999999998748e-03
8.988690000000000291e-01 3.778738999999999709e-02 -1.550043000000000080e-02 0.000000000000000000e+00 2.868350999999999887e-02 0.000000000000000000e+00 2.672365999999999978e-02 9.103879999999998224e-03
9.042339999999999822e-01 3.957278000000000184e-02 -1.629094999999999849e-02 0.000000000000000000e+00 2.938462999999999839e-02 0.000000000000000000e+00 2.739466999999999944e-02 1.018815000000000345e-02
9.095980000000000176e-01 4.135591999999999741e-02 -1.708302999999999905e-02 0.000000000000000000e+00 3.008475999999999859e-02 0.000000000000000000e+00 2.807147999999999935e-02 1.127115999999999882e-02
9.149620000000000530e-01 4.318977000000000233e-02 -1.788850999999999983e-02 0.000000000000000000e+00 3.076873000000000108e-02 0.000000000000000000e+00 2.874724999999999850e-02 1.242104000000000125e-02
9.203259999999999774e-01 4.511152000000000217e-02 -1.870598999999999873e-02 0.000000000000000000e+00 3.141403999999999724e-02 0.000000000000000000e+00 2.941016000000000116e-02 1.369748000000000493e-02
9.256900000000000128e-01 4.700638000000000039e-02 -1.951808999999999836e-02 0.000000000000000000e+00 3.207166000000000183e-02 0.000000000000000000e+00 3.007558000000000106e-02 1.493471999999999855e-02
9.310540000000000482e-01 4.896430000000000227e-02 -2.034081999999999904e-02 0.000000000000000000e+00 3.268974000000000185e-02 0.000000000000000000e+00 3.073926000000000089e-02 1.627456000000000041e-02
9.364190000000000014e-01 5.095525000000000054e-02 -2.116668000000000022e-02 0.000000000000000000e+00 3.325828000000000118e-02 0.000000000000000000e+00 3.141671000000000047e-02 1.769696999999999937e-02
9.417830000000000368e-01 5.298075000000000007e-02 -2.199517999999999959e-02 0.000000000000000000e+00 3.380437000000000025e-02 0.000000000000000000e+00 3.209191000000000127e-02 1.917637999999999981e-02
9.471469999999999612e-01 5.499760000000000065e-02 -2.281044000000000127e-02 0.000000000000000000e+00 3.434746000000000327e-02 0.000000000000000000e+00 3.274161999999999906e-02 2.065013999999999739e-02
9.525109999999999966e-01 5.705012000000000277e-02 -2.360767999999999894e-02 0.000000000000000000e+00 3.484519999999999978e-02 0.000000000000000000e+00 3.335426999999999836e-02 2.220492000000000299e-02
9.578750000000000320e-01 5.910987999999999659e-02 -2.440372000000000027e-02 0.000000000000000000e+00 3.533512999999999932e-02 0.000000000000000000e+00 3.396481999999999973e-02 2.377474999999999727e-02
9.632399999999999851e-01 6.114740999999999926e-02 -2.517818000000000139e-02 0.000000000000000000e+00 3.575244999999999812e-02 0.000000000000000000e+00 3.461991999999999847e-02 2.539496000000000114e-02
9.686040000000000205e-01 6.319985999999999660e-02 -2.592900000000000066e-02 0.000000000000000000e+00 3.609206000000000220e-02 0.000000000000000000e+00 3.528914999999999830e-02 2.710779999999999440e-02
9.739679999999999449e-01 6.525340999999999780e-02 -2.667945999999999859e-02 0.000000000000000000e+00 3.643040000000000167e-02 0.000000000000000000e+00 3.595811000000000146e-02 2.882300999999999613e-02
9.793319999999999803e-01 6.724829999999999697e-02 -2.733945000000000125e-02 0.000000000000000000e+00 3.672585999999999906e-02 0.000000000000000000e+00 3.650470000000000104e-02 3.052243999999999791e-02
9.846960000000000157e-01 6.923292000000000335e-02 -2.799091000000000079e-02 0.000000000000000000e+00 3.702401000000000303e-02 0.000000000000000000e+00 3.703622000000000164e-02 3.220891000000000032e-02
9.900609999999999689e-01 7.118272999999999961e-02 -2.861112000000000030e-02 0.000000000000000000e+00 3.728444999999999676e-02 0.000000000000000000e+00 3.755354999999999804e-02 3.389828000000000285e-02
9.954250000000000043e-01 7.296561000000000019e-02 -2.914881000000000069e-02 0.000000000000000000e+00 3.731003000000000097e-02 0.000000000000000000e+00 3.809300000000000186e-02 3.565557999999999922e-02
1.000788999999999929e+00 7.477686000000000055e-02 -2.970619999999999858e-02 0.000000000000000000e+00 3.735622000000000248e-02 0.000000000000000000e+00 3.863798999999999706e-02 3.742063999999999807e-02
1.006153000000000075e+00 7.648119000000000445e-02 -3.018908000000000008e-02 0.000000000000000000e+00 3.735991000000000312e-02 0.000000000000000000e+00 3.916738000000000164e-02 3.912128000000000133e-02
1.011516999999999999e+00 7.805690999999999324e-02 -3.058160999999999866e-02 0.000000000000000000e+00 3.742498999999999826e-02 0.000000000000000000e+00 3.969497000000000303e-02 4.063191999999999499e-02
1.016880999999999924e+00 7.958854999999999402e-02 -3.094680000000000000e-02 0.000000000000000000e+00 3.746657999999999933e-02 0.000000000000000000e+00 4.021696999999999772e-02 4.212196999999999469e-02
1.022245999999999988e+00 8.107973000000000263e-02 -3.129068000000000127e-02 0.000000000000000000e+00 3.745441000000000048e-02 0.000000000000000000e+00 4.073058000000000234e-02 4.362532000000000215e-02
1.027609999999999912e+00 8.242720000000000602e-02 -3.155838999999999867e-02 0.000000000000000000e+00 3.731368999999999658e-02 0.000000000000000000e+00 4.122172999999999810e-02 4.511351000000000944e-02
1.032974000000000059e+00 8.370028000000000190e-02 -3.178630000000000344e-02 0.000000000000000000e+00 3.714245000000000047e-02 0.000000000000000000e+00 4.170559000000000072e-02 4.655783000000000144e-02
1.038337999999999983e+00 8.493889000000000300e-02 -3.200539000000000162e-02 0.000000000000000000e+00 3.699743999999999949e-02 0.000000000000000000e+00 4.218327999999999661e-02 4.794145000000000351e-02
1.043701999999999908e+00 8.590024000000000270e-02 -3.209636999999999907e-02 0.000000000000000000e+00 3.680503999999999720e-02 0.000000000000000000e+00 4.263344000000000161e-02 4.909520000000000550e-02
1.049066999999999972e+00 8.675019000000000480e-02 -3.213697000000000081e-02 0.000000000000000000e+00 3.658273000000000080e-02 0.000000000000000000e+00 4.307003000000000220e-02 5.016746000000000399e-02
1.054430999999999896e+00 8.735429000000000110e-02 -3.208083999999999936e-02 0.000000000000000000e+00 3.629786000000000123e-02 0.000000000000000000e+00 4.347088999999999814e-02 5.105642999999999987e-02
1.059795000000000043e+00 8.787101999999999413e-02 -3.199178999999999912e-02 0.000000000000000000e+00 3.597360000000000141e-02 0.000000000000000000e+00 4.385292999999999830e-02 5.189741999999999272e-02
1.065158999999999967e+00 8.836713000000000207e-02 -3.189497000000000165e-02 0.000000000000000000e+00 3.564607999999999666e-02 0.000000000000000000e+00 4.423197000000000240e-02 5.272105000000000541e-02
1.070522999999999891e+00 8.861492999999999454e-02 -3.170492999999999922e-02 0.000000000000000000e+00 3.528448000000000001e-02 0.000000000000000000e+00 4.457237000000000005e-02 5.333044999999999453e-02
1.075887999999999955e+00 8.867753000000000441e-02 -3.144666000000000128e-02 0.000000000000000000e+00 3.491070000000000284e-02 0.000000000000000000e+00 4.487764999999999810e-02 5.376683000000000157e-02
1.081252000000000102e+00 8.868729000000000195e-02 -3.116905999999999843e-02 0.000000000000000000e+00 3.453007999999999772e-02 0.000000000000000000e+00 4.517511999999999917e-02 5.415721000000000424e-02
1.086616000000000026e+00 8.865765999999999925e-02 -3.087706000000000131e-02 0.000000000000000000e+00 3.414434999999999693e-02 0.000000000000000000e+00 4.546677999999999831e-02 5.451331000000000232e-02
1.091979999999999951e+00 8.840309000000000361e-02 -3.050599999999999840e-02 0.000000000000000000e+00 3.372299000000000130e-02 0.000000000000000000e+00 4.570141999999999954e-02 5.468010000000000231e-02
1.097344000000000097e+00 8.793146000000000295e-02 -3.005822999999999828e-02 0.000000000000000000e+00 3.328289000000000247e-02 0.000000000000000000e+00 4.590570000000000067e-02 5.464857000000000048e-02
1.102708000000000022e+00 8.747718000000000160e-02 -2.961659000000000166e-02 0.000000000000000000e+00 3.284428999999999821e-02 0.000000000000000000e+00 4.611236999999999975e-02 5.463289000000000339e-02
1.108073000000000086e+00 8.692331999999999836e-02 -2.914278000000000007e-02 0.000000000000000000e+00 3.240263000000000171e-02 0.000000000000000000e+00 4.629028999999999783e-02 5.452068999999999666e-02
1.113437000000000010e+00 8.613745000000000429e-02 -2.858812999999999979e-02 0.000000000000000000e+00 3.194701999999999958e-02 0.000000000000000000e+00 4.643624999999999836e-02 5.419043000000000471e-02
1.118800999999999934e+00 8.526855999999999325e-02 -2.800004999999999855e-02 0.000000000000000000e+00 3.148531999999999720e-02 0.000000000000000000e+00 4.659292999999999768e-02 5.378323999999999605e-02
1.124165000000000081e+00 8.427179999999999394e-02 -2.737693999999999891e-02 0.000000000000000000e+00 3.102807000000000134e-02 0.000000000000000000e+00 4.673014000000000334e-02 5.324372999999998912e-02
1.129529000000000005e+00 8.313529000000000058e-02 -2.671300000000000063e-02 0.000000000000000000e+00 3.057191000000000075e-02 0.000000000000000000e+00 4.683363000000000109e-02 5.256337999999999983e-02
1.134894000000000069e+00 8.204912000000000316e-02 -2.605976000000000126e-02 0.000000000000000000e+00 3.010977999999999918e-02 0.000000000000000000e+00 4.694588999999999707e-02 5.193934000000000051e-02
1.140257999999999994e+00 8.084444999999999826e-02 -2.538133999999999876e-02 0.000000000000000000e+00 2.966169999999999918e-02 0.000000000000000000e+00 4.703750999999999766e-02 5.118274999999999908e-02
1.145621999999999918e+00 7.953992000000000007e-02 -2.468315999999999913e-02 0.000000000000000000e+00 2.922452999999999856e-02 0.000000000000000000e+00 4.708840999999999721e-02 5.031539000000000150e-02
1.150986000000000065e+00 7.818613000000000646e-02 -2.397548000000000040e-02 0.000000000000000000e+00 2.879258999999999985e-02 0.000000000000000000e+00 4.711510000000000004e-02 4.939354000000000661e-02
1.156349999999999989e+00 7.674715999999999483e-02 -2.325786000000000173e-02 0.000000000000000000e+00 2.837999999999999898e-02 0.000000000000000000e+00 4.712202000000000057e-02 4.836715999999999238e-02
1.161715000000000053e+00 7.534475999999999674e-02 -2.254451000000000024e-02 0.000000000000000000e+00 2.795908999999999894e-02 0.000000000000000000e+00 4.713741999999999932e-02 4.738566999999999779e-02
1.167078999999999978e+00 7.388311999999999657e-02 -2.183277999999999955e-02 0.000000000000000000e+00 2.755712999999999913e-02 0.000000000000000000e+00 4.711288000000000281e-02 4.632598999999999745e-02
1.172442999999999902e+00 7.235481000000000551e-02 -2.112448000000000103e-02 0.000000000000000000e+00 2.718645000000000089e-02 0.000000000000000000e+00 4.706633000000000344e-02 4.516836000000000462e-02
1.177807000000000048e+00 7.082650000000000057e-02 -2.041619000000000073e-02 0.000000000000000000e+00 2.681576999999999919e-02 0.000000000000000000e+00 4.701977999999999713e-02 4.401072999999999791e-02
1.183170999999999973e+00 6.928473999999999744e-02 -1.971546999999999883e-02 0.000000000000000000e+00 2.646085999999999924e-02 0.000000000000000000e+00 4.696405000000000024e-02 4.282387999999999473e-02
1.188534999999999897e+00 6.769567999999999419e-02 -1.905095999999999873e-02 0.000000000000000000e+00 2.617246000000000156e-02 0.000000000000000000e+00 4.685977000000000198e-02 4.152321999999999264e-02
1.193899999999999961e+00 6.610662000000000482e-02 -1.838644000000000042e-02 0.000000000000000000e+00 2.588406999999999861e-02 0.000000000000000000e+00 4.675551000000000013e-02 4.022255000000000968e-02
1.199264000000000108e+00 6.452090000000000602e-02 -1.772715999999999875e-02 0.000000000000000000e+00 2.560168999999999986e-02 0.000000000000000000e+00 4.664857000000000031e-02 3.891921000000000963e-02
1.204628000000000032e+00 6.296941999999999817e-02 -1.711249999999999924e-02 0.000000000000000000e+00 2.536561999999999845e-02 0.000000000000000000e+00 4.651542000000000177e-02 3.760379999999999973e-02
1.209991999999999956e+00 6.146110999999999935e-02 -1.653479999999999880e-02 0.000000000000000000e+00 2.515517999999999921e-02 0.000000000000000000e+00 4.635170000000000262e-02 3.630593000000000015e-02
1.215356000000000103e+00 5.994243999999999961e-02 -1.594796999999999881e-02 0.000000000000000000e+00 2.493578999999999934e-02 0.000000000000000000e+00 4.619465999999999850e-02 3.500665000000000027e-02
1.220720999999999945e+00 5.845833000000000279e-02 -1.539159000000000013e-02 0.000000000000000000e+00 2.474619999999999945e-02 0.000000000000000000e+00 4.601539000000000323e-02 3.371213000000000681e-02
1.226085000000000091e+00 5.699119999999999880e-02 -1.484685999999999992e-02 0.000000000000000000e+00 2.456461999999999882e-02 0.000000000000000000e+00 4.582275000000000237e-02 3.242657999999999652e-02
1.231449000000000016e+00 5.558334000000000191e-02 -1.434279999999999930e-02 0.000000000000000000e+00 2.441099000000000047e-02 0.000000000000000000e+00 4.558340999999999782e-02 3.117235000000000145e-02
1.236812999999999940e+00 5.424183999999999950e-02 -1.388679999999999949e-02 0.000000000000000000e+00 2.429977999999999999e-02 0.000000000000000000e+00 4.530151999999999790e-02 2.994205999999999951e-02
1.242177000000000087e+00 5.290241999999999861e-02 -1.343229999999999945e-02 0.000000000000000000e+00 2.418988999999999862e-02 0.000000000000000000e+00 4.501830999999999888e-02 2.871253000000000000e-02
1.247541999999999929e+00 5.155015999999999765e-02 -1.296681000000000049e-02 0.000000000000000000e+00 2.406845000000000165e-02 0.000000000000000000e+00 4.474464000000000219e-02 2.748170999999999600e-02
1.252906000000000075e+00 5.032705999999999985e-02 -1.257953000000000023e-02 0.000000000000000000e+00 2.399919999999999831e-02 0.000000000000000000e+00 4.440716000000000108e-02 2.632786000000000154e-02
1.258270000000000000e+00 4.915880999999999723e-02 -1.222792999999999970e-02 0.000000000000000000e+00 2.396341000000000096e-02 0.000000000000000000e+00 4.405335999999999974e-02 2.519539999999999627e-02
1.263633999999999924e+00 4.799550000000000344e-02 -1.187948999999999949e-02 0.000000000000000000e+00 2.393069999999999919e-02 0.000000000000000000e+00 4.369838000000000194e-02 2.406480000000000424e-02
1.268998000000000070e+00 4.688592999999999927e-02 -1.155983000000000011e-02 0.000000000000000000e+00 2.391721000000000125e-02 0.000000000000000000e+00 4.332685000000000008e-02 2.296871999999999803e-02
1.274361999999999995e+00 4.590501000000000303e-02 -1.130011000000000036e-02 0.000000000000000000e+00 2.393230999999999831e-02 0.000000000000000000e+00 4.291206000000000187e-02 2.197270000000000473e-02
1.279727000000000059e+00 4.490769000000000011e-02 -1.103305000000000084e-02 0.000000000000000000e+00 2.394249000000000030e-02 0.000000000000000000e+00 4.250000000000000305e-02 2.096519999999999981e-02
1.285090999999999983e+00 4.392047999999999786e-02 -1.077050000000000056e-02 0.000000000000000000e+00 2.395523000000000097e-02 0.000000000000000000e+00 4.208557999999999744e-02 1.996524999999999689e-02
1.290454999999999908e+00 4.299477000000000160e-02 -1.053529999999999918e-02 0.000000000000000000e+00 2.398354999999999931e-02 0.000000000000000000e+00 4.165685999999999695e-02 1.901122000000000228e-02
1.295819000000000054e+00 4.214095000000000341e-02 -1.032577999999999968e-02 0.000000000000000000e+00 2.401779999999999887e-02 0.000000000000000000e+00 4.122097000000000261e-02 1.812315000000000453e-02
1.301182999999999979e+00 4.133951999999999766e-02 -1.013519000000000052e-02 0.000000000000000000e+00 2.405693999999999888e-02 0.000000000000000000e+00 4.077963999999999894e-02 1.728257999999999878e-02
1.306548000000000043e+00 4.062430999999999681e-02 -9.979012000000000646e-03 0.000000000000000000e+00 2.411260000000000139e-02 0.000000000000000000e+00 4.032609000000000193e-02 1.651170999999999542e-02
1.311911999999999967e+00 3.990350000000000147e-02 -9.820595999999999146e-03 0.000000000000000000e+00 2.416717999999999991e-02 0.000000000000000000e+00 3.987332999999999850e-02 1.573632000000000156e-02
1.317275999999999891e+00 3.916197999999999901e-02 -9.652710999999999583e-03 0.000000000000000000e+00 2.421511000000000149e-02 0.000000000000000000e+00 3.942230000000000040e-02 1.494686999999999752e-02
1.322640000000000038e+00 3.855797999999999864e-02 -9.533994999999999970e-03 0.000000000000000000e+00 2.427723999999999854e-02 0.000000000000000000e+00 3.895055000000000045e-02 1.428074000000000010e-02
1.328003999999999962e+00 3.798815999999999998e-02 -9.429599000000000314e-03 0.000000000000000000e+00 2.434611000000000067e-02 0.000000000000000000e+00 3.847462000000000104e-02 1.364204999999999932e-02
1.333369000000000026e+00 3.744948000000000027e-02 -9.340222999999999928e-03 0.000000000000000000e+00 2.442288000000000098e-02 0.000000000000000000e+00 3.799261999999999778e-02 1.302659999999999929e-02
1.338732999999999951e+00 3.693351999999999746e-02 -9.259167999999999912e-03 0.000000000000000000e+00 2.450234999999999913e-02 0.000000000000000000e+00 3.751076999999999884e-02 1.243116999999999833e-02
1.344097000000000097e+00 3.651112000000000107e-02 -9.209693999999999173e-03 0.000000000000000000e+00 2.458491000000000148e-02 0.000000000000000000e+00 3.704045000000000254e-02 1.192620999999999959e-02
1.349461000000000022e+00 3.609741000000000338e-02 -9.162185999999999247e-03 0.000000000000000000e+00 2.466555000000000136e-02 0.000000000000000000e+00 3.657330000000000303e-02 1.143186000000000202e-02
1.354824999999999946e+00 3.566840000000000288e-02 -9.108932999999999613e-03 0.000000000000000000e+00 2.474480999999999903e-02 0.000000000000000000e+00 3.610428000000000248e-02 1.092359000000000385e-02
1.360189000000000092e+00 3.528793999999999681e-02 -9.073911999999999950e-03 0.000000000000000000e+00 2.482842999999999856e-02 0.000000000000000000e+00 3.564119000000000315e-02 1.045950999999999825e-02
1.365553999999999935e+00 3.491898000000000224e-02 -9.042740999999999973e-03 0.000000000000000000e+00 2.491192999999999880e-02 0.000000000000000000e+00 3.517880999999999786e-02 1.000705000000000344e-02
1.370918000000000081e+00 3.459401000000000143e-02 -9.024834000000000675e-03 0.000000000000000000e+00 2.499144000000000018e-02 0.000000000000000000e+00 3.471682000000000240e-02 9.602570000000001244e-03
1.376282000000000005e+00 3.428761999999999782e-02 -9.013969999999999622e-03 0.000000000000000000e+00 2.507161999999999932e-02 0.000000000000000000e+00 3.426131999999999789e-02 9.215999999999998499e-03
1.381645999999999930e+00 3.400464000000000264e-02 -9.011975000000000194e-03 0.000000000000000000e+00 2.515262999999999874e-02 0.000000000000000000e+00 3.381399999999999684e-02 8.852010000000003903e-03
1.387010000000000076e+00 3.371172000000000057e-02 -9.006214000000000233e-03 0.000000000000000000e+00 2.523328999999999850e-02 0.000000000000000000e+00 3.336320000000000258e-02 8.478430000000002076e-03
1.392374999999999918e+00 3.343010999999999899e-02 -9.002210000000000073e-03 0.000000000000000000e+00 2.530935999999999950e-02 0.000000000000000000e+00 3.292835000000000206e-02 8.120749999999999497e-03
1.397739000000000065e+00 3.320584000000000036e-02 -9.016087000000000753e-03 0.000000000000000000e+00 2.537947000000000120e-02 0.000000000000000000e+00 3.253472999999999782e-02 7.826369999999999161e-03
1.403102999999999989e+00 3.299223999999999907e-02 -9.033005000000000201e-03 0.000000000000000000e+00 2.545137999999999914e-02 0.000000000000000000e+00 3.214738000000000318e-02 7.540859999999999924e-03
1.408466999999999913e+00 3.278840000000000227e-02 -9.052597000000000768e-03 0.000000000000000000e+00 2.552526000000000100e-02 0.000000000000000000e+00 3.176578000000000040e-02 7.263140000000001262e-03
1.413831000000000060e+00 3.259523000000000281e-02 -9.074990999999999267e-03 0.000000000000000000e+00 2.559751999999999861e-02 0.000000000000000000e+00 3.139101999999999865e-02 6.997710000000004205e-03
1.419195999999999902e+00 3.243071000000000148e-02 -9.103414000000000644e-03 0.000000000000000000e+00 2.565983000000000153e-02 0.000000000000000000e+00 3.103055000000000049e-02 6.770879999999999954e-03
1.424560000000000048e+00 3.226823000000000191e-02 -9.132065999999999448e-03 0.000000000000000000e+00 2.571997000000000172e-02 0.000000000000000000e+00 3.066970000000000113e-02 6.548260000000000192e-03
1.429923999999999973e+00 3.209768999999999817e-02 -9.159247000000000569e-03 0.000000000000000000e+00 2.578193999999999972e-02 0.000000000000000000e+00 3.030330999999999997e-02 6.315749999999998449e-03
1.435287999999999897e+00 3.194665000000000005e-02 -9.189987999999999629e-03 0.000000000000000000e+00 2.583946999999999980e-02 0.000000000000000000e+00 2.995033999999999891e-02 6.107180000000000247e-03
1.440652000000000044e+00 3.179922000000000304e-02 -9.221391000000000657e-03 0.000000000000000000e+00 2.589616999999999961e-02 0.000000000000000000e+00 2.959987999999999855e-02 5.903050000000003433e-03
1.446015999999999968e+00 3.168224000000000040e-02 -9.253034000000000259e-03 0.000000000000000000e+00 2.593702999999999981e-02 0.000000000000000000e+00 2.929887999999999937e-02 5.745210000000000594e-03
1.451381000000000032e+00 3.157303000000000193e-02 -9.285066999999999279e-03 0.000000000000000000e+00 2.597477000000000119e-02 0.000000000000000000e+00 2.900755000000000000e-02 5.598260000000000736e-03
1.456744999999999957e+00 3.147868999999999667e-02 -9.318203000000000596e-03 0.000000000000000000e+00 2.600753000000000092e-02 0.000000000000000000e+00 2.873157999999999962e-02 5.471159999999995749e-03
1.462109000000000103e+00 3.138436000000000003e-02 -9.351338000000000705e-03 0.000000000000000000e+00 2.604029000000000066e-02 0.000000000000000000e+00 2.845560999999999924e-02 5.344069999999999376e-03
1.467473000000000027e+00 3.128199000000000257e-02 -9.383862999999999233e-03 0.000000000000000000e+00 2.607546999999999990e-02 0.000000000000000000e+00 2.817098999999999992e-02 5.206520000000002674e-03
1.472836999999999952e+00 3.119366999999999973e-02 -9.416307999999999970e-03 0.000000000000000000e+00 2.609933999999999865e-02 0.000000000000000000e+00 2.789787999999999990e-02 5.094330000000001080e-03
1.478202000000000016e+00 3.111432999999999907e-02 -9.449990000000000126e-03 0.000000000000000000e+00 2.611915999999999891e-02 0.000000000000000000e+00 2.763652000000000122e-02 4.995170000000000166e-03
1.483565999999999940e+00 3.103882999999999989e-02 -9.484905999999999546e-03 0.000000000000000000e+00 2.613723999999999908e-02 0.000000000000000000e+00 2.737894999999999912e-02 4.901590000000000807e-03
1.488930000000000087e+00 3.096331999999999904e-02 -9.519820000000000018e-03 0.000000000000000000e+00 2.615531999999999926e-02 0.000000000000000000e+00 2.712138000000000049e-02 4.807999999999999774e-03
1.494294000000000011e+00 3.089706000000000050e-02 -9.553120000000000014e-03 0.000000000000000000e+00 2.616496999999999920e-02 0.000000000000000000e+00 2.688294999999999921e-02 4.732090000000001295e-03
1.499657999999999936e+00 3.084856000000000056e-02 -9.579551000000000385e-03 0.000000000000000000e+00 2.615587999999999941e-02 0.000000000000000000e+00 2.668741999999999989e-02 4.692680000000001156e-03
1.505023000000000000e+00 3.079921999999999868e-02 -9.606072000000000222e-03 0.000000000000000000e+00 2.614748999999999893e-02 0.000000000000000000e+00 2.649063000000000112e-02 4.651729999999999754e-03
1.510386999999999924e+00 3.074961999999999834e-02 -9.632619999999999724e-03 0.000000000000000000e+00 2.613932999999999882e-02 0.000000000000000000e+00 2.629342999999999958e-02 4.610289999999999527e-03
1.515751000000000071e+00 3.070439999999999975e-02 -9.658699999999999231e-03 0.000000000000000000e+00 2.612746000000000166e-02 0.000000000000000000e+00 2.610283999999999868e-02 4.576939999999998093e-03
1.521114999999999995e+00 3.065727000000000035e-02 -9.685681999999999278e-03 0.000000000000000000e+00 2.611644000000000118e-02 0.000000000000000000e+00 2.590995000000000104e-02 4.540829999999999173e-03
1.526478999999999919e+00 3.059769999999999851e-02 -9.718581999999999915e-03 0.000000000000000000e+00 2.611097000000000071e-02 0.000000000000000000e+00 2.570185999999999998e-02 4.486729999999997803e-03
1.531843000000000066e+00 3.054242999999999889e-02 -9.751825999999999897e-03 0.000000000000000000e+00 2.610236999999999974e-02 0.000000000000000000e+00 2.550209000000000156e-02 4.440059999999999146e-03
1.537207999999999908e+00 3.048992000000000022e-02 -9.785289000000000834e-03 0.000000000000000000e+00 2.609177000000000024e-02 0.000000000000000000e+00 2.530763999999999930e-02 4.398149999999999976e-03
1.542572000000000054e+00 3.043739999999999987e-02 -9.818751000000000562e-03 0.000000000000000000e+00 2.608117000000000074e-02 0.000000000000000000e+00 2.511317999999999884e-02 4.356229999999999131e-03
1.547935999999999979e+00 3.038632000000000138e-02 -9.850348999999999564e-03 0.000000000000000000e+00 2.606833999999999887e-02 0.000000000000000000e+00 2.492120999999999920e-02 4.317980000000002511e-03
1.553299999999999903e+00 3.036273000000000097e-02 -9.865231000000000347e-03 0.000000000000000000e+00 2.602143999999999985e-02 0.000000000000000000e+00 2.479206000000000118e-02 4.341290000000001120e-03
1.558664000000000049e+00 3.033833000000000016e-02 -9.879390000000000047e-03 0.000000000000000000e+00 2.597419999999999937e-02 0.000000000000000000e+00 2.466942999999999914e-02 4.364130000000000786e-03
1.564028999999999892e+00 3.031394000000000102e-02 -9.893548000000000273e-03 0.000000000000000000e+00 2.592697000000000057e-02 0.000000000000000000e+00 2.454678999999999889e-02 4.386970000000000453e-03
1.569393000000000038e+00 3.028915999999999900e-02 -9.907426000000000427e-03 0.000000000000000000e+00 2.587889999999999982e-02 0.000000000000000000e+00 2.442567000000000002e-02 4.410259999999999181e-03
1.574756999999999962e+00 3.026157000000000152e-02 -9.920115000000000183e-03 0.000000000000000000e+00 2.582668000000000116e-02 0.000000000000000000e+00 2.431269999999999959e-02 4.434890000000000360e-03
1.580121000000000109e+00 3.019695999999999839e-02 -9.952887000000000539e-03 0.000000000000000000e+00 2.580129999999999924e-02 0.000000000000000000e+00 2.418216999999999936e-02 4.395659999999999151e-03
1.585485000000000033e+00 3.013236000000000039e-02 -9.985658999999999161e-03 0.000000000000000000e+00 2.577592999999999898e-02 0.000000000000000000e+00 2.405163999999999913e-02 4.356430000000001412e-03
1.590850000000000097e+00 3.006756999999999833e-02 -1.001836000000000046e-02 0.000000000000000000e+00 2.575014000000000122e-02 0.000000000000000000e+00 2.392181000000000168e-02 4.317429999999997103e-03
1.596214000000000022e+00 3.000192000000000137e-02 -1.005075000000000066e-02 0.000000000000000000e+00 2.572241999999999931e-02 0.000000000000000000e+00 2.379525000000000043e-02 4.279500000000002052e-03
1.601577999999999946e+00 2.993627000000000093e-02 -1.008312999999999918e-02 0.000000000000000000e+00 2.569470000000000087e-02 0.000000000000000000e+00 2.366870000000000085e-02 4.241570000000000062e-03
1.606942000000000093e+00 2.990891000000000036e-02 -1.008488999999999913e-02 0.000000000000000000e+00 2.562711000000000156e-02 0.000000000000000000e+00 2.358129999999999948e-02 4.281799999999998801e-03
1.612306000000000017e+00 2.988429999999999906e-02 -1.008187999999999966e-02 0.000000000000000000e+00 2.555216000000000084e-02 0.000000000000000000e+00 2.350071000000000104e-02 4.332139999999998214e-03
1.617669999999999941e+00 2.985838000000000034e-02 -1.007816999999999914e-02 0.000000000000000000e+00 2.547554999999999958e-02 0.000000000000000000e+00 2.342146999999999979e-02 4.382830000000000753e-03
1.623035000000000005e+00 2.983246000000000162e-02 -1.007445000000000042e-02 0.000000000000000000e+00 2.539893999999999832e-02 0.000000000000000000e+00 2.334222000000000033e-02 4.433520000000003292e-03
1.628398999999999930e+00 2.980663000000000062e-02 -1.007074999999999984e-02 0.000000000000000000e+00 2.532202000000000064e-02 0.000000000000000000e+00 2.326293999999999931e-02 4.484609999999999985e-03
1.633763000000000076e+00 2.974937000000000067e-02 -1.007588000000000060e-02 0.000000000000000000e+00 2.525650000000000117e-02 0.000000000000000000e+00 2.316924999999999887e-02 4.492869999999999503e-03
1.639127000000000001e+00 2.967979000000000103e-02 -1.008500000000000021e-02 0.000000000000000000e+00 2.519783999999999913e-02 0.000000000000000000e+00 2.306963000000000069e-02 4.481950000000001905e-03
1.644490999999999925e+00 2.961021000000000139e-02 -1.009410999999999989e-02 0.000000000000000000e+00 2.513918999999999876e-02 0.000000000000000000e+00 2.297000999999999904e-02 4.471020000000002631e-03
1.649855000000000071e+00 2.954062999999999828e-02 -1.010321999999999956e-02 0.000000000000000000e+00 2.508053999999999839e-02 0.000000000000000000e+00 2.287039000000000086e-02 4.460089999999999888e-03
1.655219999999999914e+00 2.947218999999999881e-02 -1.011120000000000074e-02 0.000000000000000000e+00 2.501926999999999970e-02 0.000000000000000000e+00 2.277256999999999892e-02 4.452919999999999101e-03
1.660584000000000060e+00 2.940467999999999901e-02 -1.011683000000000027e-02 0.000000000000000000e+00 2.495085999999999832e-02 0.000000000000000000e+00 2.267618999999999885e-02 4.453820000000000695e-03
1.665947999999999984e+00 2.933801999999999938e-02 -1.011647000000000067e-02 0.000000000000000000e+00 2.486236000000000002e-02 0.000000000000000000e+00 2.258102999999999846e-02 4.475659999999999361e-03
1.671311999999999909e+00 2.927137000000000142e-02 -1.011609999999999940e-02 0.000000000000000000e+00 2.477385000000000004e-02 0.000000000000000000e+00 2.248587000000000155e-02 4.497520000000001378e-03
1.676676999999999973e+00 2.920396000000000103e-02 -1.011606999999999958e-02 0.000000000000000000e+00 2.468607999999999913e-02 0.000000000000000000e+00 2.238976999999999981e-02 4.517880000000001894e-03
1.682040999999999897e+00 2.913916999999999896e-02 -1.011486999999999976e-02 0.000000000000000000e+00 2.459572999999999968e-02 0.000000000000000000e+00 2.229696999999999929e-02 4.543439999999999285e-03
1.687405000000000044e+00 2.907438000000000036e-02 -1.011366999999999995e-02 0.000000000000000000e+00 2.450538000000000022e-02 0.000000000000000000e+00 2.220418000000000044e-02 4.569000000000000145e-03
1.692768999999999968e+00 2.901282000000000166e-02 -1.011170999999999945e-02 0.000000000000000000e+00 2.441431000000000157e-02 0.000000000000000000e+00 2.211789999999999937e-02 4.598510000000000097e-03
1.698132999999999893e+00 2.895531999999999967e-02 -1.010878999999999944e-02 0.000000000000000000e+00 2.432232999999999964e-02 0.000000000000000000e+00 2.203982000000000163e-02 4.632990000000000025e-03
1.703497000000000039e+00 2.889830999999999997e-02 -1.010431000000000003e-02 0.000000000000000000e+00 2.422859999999999944e-02 0.000000000000000000e+00 2.196468000000000032e-02 4.669710000000000527e-03
1.708862000000000103e+00 2.884157999999999861e-02 -1.009893000000000075e-02 0.000000000000000000e+00 2.413382999999999848e-02 0.000000000000000000e+00 2.189127000000000087e-02 4.707750000000000129e-03
1.714226000000000028e+00 2.878485000000000071e-02 -1.009353999999999980e-02 0.000000000000000000e+00 2.403906999999999919e-02 0.000000000000000000e+00 2.181786000000000142e-02 4.745780000000001525e-03
1.719589999999999952e+00 2.872772000000000173e-02 -1.008944999999999981e-02 0.000000000000000000e+00 2.394577000000000164e-02 0.000000000000000000e+00 2.174200000000000091e-02 4.781950000000000089e-03
1.724954000000000098e+00 2.867238999999999899e-02 -1.007941000000000045e-02 0.000000000000000000e+00 2.384885999999999950e-02 0.000000000000000000e+00 2.167370999999999881e-02 4.823529999999999485e-03
1.730318000000000023e+00 2.861676999999999971e-02 -1.006503000000000085e-02 0.000000000000000000e+00 2.374928000000000108e-02 0.000000000000000000e+00 2.160870000000000152e-02 4.867489999999998623e-03
1.735681999999999947e+00 2.856115000000000043e-02 -1.005063999999999957e-02 0.000000000000000000e+00 2.364969000000000099e-02 0.000000000000000000e+00 2.154369000000000076e-02 4.911459999999999437e-03
1.741047000000000011e+00 2.850536999999999863e-02 -1.003635999999999938e-02 0.000000000000000000e+00 2.355033999999999947e-02 0.000000000000000000e+00 2.147916000000000061e-02 4.955029999999999157e-03
1.746410999999999936e+00 2.844939999999999969e-02 -1.002220000000000021e-02 0.000000000000000000e+00 2.345128999999999964e-02 0.000000000000000000e+00 2.141519999999999882e-02 4.998110000000000053e-03
1.751775000000000082e+00 2.839182000000000164e-02 -1.000641000000000030e-02 0.000000000000000000e+00 2.335057999999999925e-02 0.000000000000000000e+00 2.134863999999999859e-02 5.041240000000002386e-03
1.757139000000000006e+00 2.832940999999999931e-02 -9.987961999999999535e-03 0.000000000000000000e+00 2.324833000000000108e-02 0.000000000000000000e+00 2.127773999999999985e-02 5.081079999999998237e-03
1.762504000000000071e+00 2.826731000000000035e-02 -9.969878999999999200e-03 0.000000000000000000e+00 2.314688000000000162e-02 0.000000000000000000e+00 2.120777999999999899e-02 5.120429999999998733e-03
1.767867999999999995e+00 2.820521999999999960e-02 -9.951794999999999392e-03 0.000000000000000000e+00 2.304542000000000049e-02 0.000000000000000000e+00 2.113782000000000161e-02 5.159799999999999109e-03
1.773231999999999919e+00 2.814296999999999979e-02 -9.933541000000000593e-03 0.000000000000000000e+00 2.294358999999999982e-02 0.000000000000000000e+00 2.106741000000000169e-02 5.199379999999999974e-03
1.778596000000000066e+00 2.807984999999999995e-02 -9.914282999999999429e-03 0.000000000000000000e+00 2.283953999999999845e-02 0.000000000000000000e+00 2.099436999999999831e-02 5.240310000000001495e-03
1.783959999999999990e+00 2.801471000000000169e-02 -9.891718000000000732e-03 0.000000000000000000e+00 2.273276999999999937e-02 0.000000000000000000e+00 2.091836000000000043e-02 5.281940000000002328e-03
1.789323999999999915e+00 2.794869999999999993e-02 -9.867717999999999282e-03 0.000000000000000000e+00 2.262482999999999855e-02 0.000000000000000000e+00 2.084104000000000165e-02 5.323870000000001379e-03
1.794688999999999979e+00 2.788271999999999973e-02 -9.843964999999999660e-03 0.000000000000000000e+00 2.251782999999999910e-02 0.000000000000000000e+00 2.076429000000000122e-02 5.364890000000000631e-03
1.800052999999999903e+00 2.781671000000000143e-02 -9.819915999999999714e-03 0.000000000000000000e+00 2.240968999999999947e-02 0.000000000000000000e+00 2.068686000000000136e-02 5.407020000000001964e-03
1.805417000000000050e+00 2.775067000000000159e-02 -9.795615000000000572e-03 0.000000000000000000e+00 2.230058999999999861e-02 0.000000000000000000e+00 2.060885999999999968e-02 5.450080000000002978e-03
1.810780999999999974e+00 2.768336000000000061e-02 -9.770809999999999565e-03 0.000000000000000000e+00 2.219037999999999913e-02 0.000000000000000000e+00 2.052976000000000106e-02 5.492980000000001473e-03
1.816144999999999898e+00 2.761299000000000045e-02 -9.744779000000000288e-03 0.000000000000000000e+00 2.207751000000000158e-02 0.000000000000000000e+00 2.044800999999999910e-02 5.535479999999998874e-03
1.821509000000000045e+00 2.754244999999999957e-02 -9.718598999999999641e-03 0.000000000000000000e+00 2.196375999999999884e-02 0.000000000000000000e+00 2.036576999999999832e-02 5.578690000000000732e-03
1.826874000000000109e+00 2.747147000000000130e-02 -9.692044999999999827e-03 0.000000000000000000e+00 2.184786000000000020e-02 0.000000000000000000e+00 2.028233000000000119e-02 5.623610000000001108e-03
1.832238000000000033e+00 2.740073999999999982e-02 -9.665701999999999974e-03 0.000000000000000000e+00 2.173316999999999957e-02 0.000000000000000000e+00 2.019955999999999835e-02 5.667570000000000247e-03
1.837601999999999958e+00 2.733015999999999918e-02 -9.639488999999999350e-03 0.000000000000000000e+00 2.161922999999999970e-02 0.000000000000000000e+00 2.011720999999999995e-02 5.710929999999999479e-03
1.842966000000000104e+00 2.725384999999999960e-02 -9.610383999999999594e-03 0.000000000000000000e+00 2.150223000000000065e-02 0.000000000000000000e+00 2.003268000000000063e-02 5.751619999999998956e-03
1.848330000000000028e+00 2.717554000000000150e-02 -9.580016999999999699e-03 0.000000000000000000e+00 2.138326999999999936e-02 0.000000000000000000e+00 1.994657000000000027e-02 5.792270000000002139e-03
1.853695000000000093e+00 2.709703999999999932e-02 -9.549528999999999310e-03 0.000000000000000000e+00 2.126412000000000094e-02 0.000000000000000000e+00 1.986032000000000075e-02 5.832919999999998384e-03
1.859059000000000017e+00 2.701854999999999882e-02 -9.519042000000000128e-03 0.000000000000000000e+00 2.114496000000000084e-02 0.000000000000000000e+00 1.977405999999999955e-02 5.873589999999997979e-03
1.864422999999999941e+00 2.694005000000000011e-02 -9.488553999999999738e-03 0.000000000000000000e+00 2.102580999999999894e-02 0.000000000000000000e+00 1.968779999999999836e-02 5.914240000000001163e-03
1.869787000000000088e+00 2.685488000000000111e-02 -9.455042999999999781e-03 0.000000000000000000e+00 2.090554999999999844e-02 0.000000000000000000e+00 1.959986000000000020e-02 5.949330000000002672e-03
1.875151000000000012e+00 2.676463000000000106e-02 -9.418569999999999373e-03 0.000000000000000000e+00 2.078351000000000157e-02 0.000000000000000000e+00 1.950993000000000172e-02 5.981119999999999493e-03
1.880516000000000076e+00 2.667386000000000063e-02 -9.381690999999999295e-03 0.000000000000000000e+00 2.066122999999999918e-02 0.000000000000000000e+00 1.941978000000000107e-02 6.012630000000001446e-03
1.885880000000000001e+00 2.658309000000000019e-02 -9.344811999999999216e-03 0.000000000000000000e+00 2.053895999999999847e-02 0.000000000000000000e+00 1.932961999999999875e-02 6.044130000000001723e-03
1.891243999999999925e+00 2.649156000000000080e-02 -9.307495000000000698e-03 0.000000000000000000e+00 2.041648999999999894e-02 0.000000000000000000e+00 1.923922000000000132e-02 6.075070000000001857e-03
1.896608000000000072e+00 2.639274000000000134e-02 -9.265865999999999339e-03 0.000000000000000000e+00 2.029277000000000164e-02 0.000000000000000000e+00 1.914657999999999985e-02 6.099969999999999698e-03
1.901971999999999996e+00 2.629133999999999985e-02 -9.222809999999999689e-03 0.000000000000000000e+00 2.016876999999999906e-02 0.000000000000000000e+00 1.905348999999999932e-02 6.122570000000000789e-03
1.907335999999999920e+00 2.619074999999999875e-02 -9.180301999999999560e-03 0.000000000000000000e+00 2.004490000000000091e-02 0.000000000000000000e+00 1.896079000000000167e-02 6.145849999999997842e-03
1.912700999999999985e+00 2.609014999999999945e-02 -9.137793999999999431e-03 0.000000000000000000e+00 1.992102999999999929e-02 0.000000000000000000e+00 1.886809999999999876e-02 6.169120000000000159e-03
1.918064999999999909e+00 2.598699999999999968e-02 -9.093524999999999872e-03 0.000000000000000000e+00 1.979677000000000173e-02 0.000000000000000000e+00 1.877411999999999831e-02 6.190229999999997956e-03
1.923429000000000055e+00 2.588033000000000000e-02 -9.047206999999999819e-03 0.000000000000000000e+00 1.967257999999999854e-02 0.000000000000000000e+00 1.867883000000000043e-02 6.207750000000001461e-03
1.928792999999999980e+00 2.576965000000000158e-02 -8.998594999999999858e-03 0.000000000000000000e+00 1.954853000000000146e-02 0.000000000000000000e+00 1.858208999999999902e-02 6.221120000000000122e-03
1.934156999999999904e+00 2.565954999999999972e-02 -8.950351000000000487e-03 0.000000000000000000e+00 1.942452999999999888e-02 0.000000000000000000e+00 1.848570999999999895e-02 6.235020000000000839e-03
1.939521999999999968e+00 2.554905000000000023e-02 -8.901849999999999347e-03 0.000000000000000000e+00 1.930049000000000001e-02 0.000000000000000000e+00 1.838907999999999862e-02 6.248560000000000225e-03
1.944885999999999893e+00 2.543772000000000047e-02 -8.852830000000000768e-03 0.000000000000000000e+00 1.917641000000000137e-02 0.000000000000000000e+00 1.829195999999999947e-02 6.261309999999999099e-03
1.950250000000000039e+00 2.532465000000000063e-02 -8.802515000000000339e-03 0.000000000000000000e+00 1.905286999999999953e-02 0.000000000000000000e+00 1.819408000000000136e-02 6.271780000000001104e-03
1.955613999999999963e+00 2.520910999999999985e-02 -8.750371999999999317e-03 0.000000000000000000e+00 1.893010999999999999e-02 0.000000000000000000e+00 1.809515000000000082e-02 6.278999999999999859e-03
1.960978000000000110e+00 2.509331999999999882e-02 -8.697889999999999788e-03 0.000000000000000000e+00 1.880733999999999878e-02 0.000000000000000000e+00 1.799573000000000145e-02 6.285980000000000040e-03
1.966342999999999952e+00 2.497722999999999957e-02 -8.645023999999999417e-03 0.000000000000000000e+00 1.868457000000000104e-02 0.000000000000000000e+00 1.789574000000000026e-02 6.292659999999998532e-03
1.971707000000000098e+00 2.486147999999999830e-02 -8.592604999999999688e-03 0.000000000000000000e+00 1.856179999999999983e-02 0.000000000000000000e+00 1.779640999999999862e-02 6.299679999999998475e-03
1.977071000000000023e+00 2.474414999999999948e-02 -8.538977999999999152e-03 0.000000000000000000e+00 1.843991999999999853e-02 0.000000000000000000e+00 1.769611999999999921e-02 6.304230000000000944e-03
1.982434999999999947e+00 2.462467999999999949e-02 -8.483746000000000342e-03 0.000000000000000000e+00 1.831918000000000088e-02 0.000000000000000000e+00 1.759433999999999998e-02 6.305499999999998606e-03
1.987799000000000094e+00 2.450395000000000004e-02 -8.427748000000000531e-03 0.000000000000000000e+00 1.819874000000000144e-02 0.000000000000000000e+00 1.749061999999999839e-02 6.305209999999998594e-03
1.993163000000000018e+00 2.438322000000000059e-02 -8.371750000000000719e-03 0.000000000000000000e+00 1.807829999999999854e-02 0.000000000000000000e+00 1.738688999999999860e-02 6.304920000000002051e-03
1.998528000000000082e+00 2.426290999999999864e-02 -8.316010999999999889e-03 0.000000000000000000e+00 1.795775999999999969e-02 0.000000000000000000e+00 1.728381999999999835e-02 6.305149999999998950e-03
2.003892000000000007e+00 2.414084000000000022e-02 -8.259758000000000724e-03 0.000000000000000000e+00 1.783875000000000044e-02 0.000000000000000000e+00 1.717969000000000093e-02 6.302089999999999775e-03
2.009256000000000153e+00 2.401587999999999987e-02 -8.202637999999999943e-03 0.000000000000000000e+00 1.772142000000000162e-02 0.000000000000000000e+00 1.707186000000000120e-02 6.294459999999998251e-03
2.014619999999999855e+00 2.389085000000000167e-02 -8.145506000000000274e-03 0.000000000000000000e+00 1.760410999999999920e-02 0.000000000000000000e+00 1.696386000000000074e-02 6.286740000000002465e-03
2.019984000000000002e+00 2.376582000000000000e-02 -8.088375999999999552e-03 0.000000000000000000e+00 1.748680000000000026e-02 0.000000000000000000e+00 1.685586999999999849e-02 6.279019999999999740e-03
2.025348999999999844e+00 2.364083999999999977e-02 -8.031290999999999430e-03 0.000000000000000000e+00 1.736947999999999964e-02 0.000000000000000000e+00 1.674787999999999971e-02 6.271360000000000129e-03
2.030712999999999990e+00 2.351560999999999929e-02 -7.975166000000000546e-03 0.000000000000000000e+00 1.725314999999999835e-02 0.000000000000000000e+00 1.663637999999999922e-02 6.262460000000000943e-03
2.036077000000000137e+00 2.339016999999999832e-02 -7.919271999999999770e-03 0.000000000000000000e+00 1.713730999999999935e-02 0.000000000000000000e+00 1.652361000000000107e-02 6.252859999999998974e-03
2.041440999999999839e+00 2.326473000000000083e-02 -7.863379000000000202e-03 0.000000000000000000e+00 1.702147999999999856e-02 0.000000000000000000e+00 1.641083000000000125e-02 6.243250000000002270e-03
2.046804999999999986e+00 2.313928000000000165e-02 -7.807485000000000293e-03 0.000000000000000000e+00 1.690563999999999956e-02 0.000000000000000000e+00 1.629805999999999963e-02 6.233640000000002096e-03
2.052169999999999828e+00 2.301355000000000067e-02 -7.751514999999999621e-03 0.000000000000000000e+00 1.678968999999999948e-02 0.000000000000000000e+00 1.618442000000000144e-02 6.223860000000001197e-03
2.057533999999999974e+00 2.288468000000000099e-02 -7.695129000000000205e-03 0.000000000000000000e+00 1.667592999999999853e-02 0.000000000000000000e+00 1.606828999999999896e-02 6.208750000000002461e-03
2.062898000000000120e+00 2.275715999999999850e-02 -7.639560999999999574e-03 0.000000000000000000e+00 1.656223000000000070e-02 0.000000000000000000e+00 1.595260000000000081e-02 6.194929999999997799e-03
2.068261999999999823e+00 2.262963999999999948e-02 -7.583992999999999811e-03 0.000000000000000000e+00 1.644852000000000120e-02 0.000000000000000000e+00 1.583690000000000098e-02 6.181119999999998282e-03
2.073625999999999969e+00 2.250111999999999945e-02 -7.527902999999999852e-03 0.000000000000000000e+00 1.633491999999999930e-02 0.000000000000000000e+00 1.572083000000000161e-02 6.166200000000000153e-03
2.078990000000000116e+00 2.237019999999999981e-02 -7.470591000000000384e-03 0.000000000000000000e+00 1.622190000000000090e-02 0.000000000000000000e+00 1.560443000000000073e-02 6.148299999999998905e-03
2.084354999999999958e+00 2.223400999999999850e-02 -7.410667000000000122e-03 0.000000000000000000e+00 1.611094999999999888e-02 0.000000000000000000e+00 1.548861999999999982e-02 6.123059999999999614e-03
2.089719000000000104e+00 2.209892000000000106e-02 -7.351396999999999966e-03 0.000000000000000000e+00 1.599978999999999985e-02 0.000000000000000000e+00 1.537313000000000048e-02 6.099130000000001217e-03
2.095082999999999807e+00 2.196390000000000148e-02 -7.292174000000000225e-03 0.000000000000000000e+00 1.588861000000000093e-02 0.000000000000000000e+00 1.525765999999999928e-02 6.075290000000000551e-03
2.100446999999999953e+00 2.182703000000000074e-02 -7.231846000000000108e-03 0.000000000000000000e+00 1.577780000000000155e-02 0.000000000000000000e+00 1.514165999999999949e-02 6.049229999999999191e-03
2.105811000000000099e+00 2.168739999999999904e-02 -7.169921000000000107e-03 0.000000000000000000e+00 1.566870999999999889e-02 0.000000000000000000e+00 1.502570999999999941e-02 6.018690000000000151e-03
2.111175999999999942e+00 2.154506000000000129e-02 -7.106422000000000259e-03 0.000000000000000000e+00 1.556131000000000007e-02 0.000000000000000000e+00 1.490980000000000083e-02 5.983750000000001221e-03
2.116540000000000088e+00 2.140237000000000042e-02 -7.042686999999999732e-03 0.000000000000000000e+00 1.545403000000000054e-02 0.000000000000000000e+00 1.479373999999999967e-02 5.948339999999999878e-03
2.121903999999999790e+00 2.125946999999999906e-02 -6.978808000000000407e-03 0.000000000000000000e+00 1.534681000000000066e-02 0.000000000000000000e+00 1.467760000000000072e-02 5.912659999999998403e-03
2.127267999999999937e+00 2.111657999999999938e-02 -6.914929000000000214e-03 0.000000000000000000e+00 1.523959000000000077e-02 0.000000000000000000e+00 1.456146999999999997e-02 5.876989999999998604e-03
2.132632000000000083e+00 2.096912000000000081e-02 -6.847993000000000136e-03 0.000000000000000000e+00 1.513453000000000020e-02 0.000000000000000000e+00 1.444613999999999968e-02 5.834590000000000609e-03
2.137995999999999786e+00 2.082062999999999969e-02 -6.780404000000000292e-03 0.000000000000000000e+00 1.502985000000000085e-02 0.000000000000000000e+00 1.433095000000000029e-02 5.790779999999998845e-03
2.143361000000000072e+00 2.067029000000000089e-02 -6.711752999999999990e-03 0.000000000000000000e+00 1.492560000000000067e-02 0.000000000000000000e+00 1.421592999999999989e-02 5.744690000000000213e-03
2.148725000000000218e+00 2.052139999999999867e-02 -6.643936999999999933e-03 0.000000000000000000e+00 1.482102000000000072e-02 0.000000000000000000e+00 1.410077000000000032e-02 5.700379999999997949e-03
2.154088999999999920e+00 2.037102000000000010e-02 -6.575736000000000428e-03 0.000000000000000000e+00 1.471708000000000044e-02 0.000000000000000000e+00 1.398686000000000026e-02 5.653939999999999660e-03
2.159453000000000067e+00 2.021637999999999907e-02 -6.506165999999999859e-03 0.000000000000000000e+00 1.461475999999999921e-02 0.000000000000000000e+00 1.387592999999999986e-02 5.601619999999999863e-03
2.164817999999999909e+00 2.006037000000000098e-02 -6.435805999999999645e-03 0.000000000000000000e+00 1.451246999999999954e-02 0.000000000000000000e+00 1.376580999999999985e-02 5.547900000000001441e-03
2.170182000000000055e+00 1.990435999999999941e-02 -6.365446000000000298e-03 0.000000000000000000e+00 1.441016999999999992e-02 0.000000000000000000e+00 1.365568999999999984e-02 5.494189999999999491e-03
2.175546000000000202e+00 1.974915000000000004e-02 -6.295542999999999799e-03 0.000000000000000000e+00 1.430786000000000037e-02 0.000000000000000000e+00 1.354509999999999915e-02 5.441289999999999669e-03
2.180909999999999904e+00 1.959282000000000037e-02 -6.223926000000000285e-03 0.000000000000000000e+00 1.420585000000000077e-02 0.000000000000000000e+00 1.343869999999999960e-02 5.386969999999999606e-03
2.186274000000000051e+00 1.943618000000000082e-02 -6.151203000000000053e-03 0.000000000000000000e+00 1.410361000000000080e-02 0.000000000000000000e+00 1.333422000000000079e-02 5.332570000000000018e-03
2.191638000000000197e+00 1.927952999999999958e-02 -6.078479000000000347e-03 0.000000000000000000e+00 1.400135999999999915e-02 0.000000000000000000e+00 1.322974000000000025e-02 5.278170000000000431e-03
2.197003000000000039e+00 1.912289000000000003e-02 -6.005756000000000115e-03 0.000000000000000000e+00 1.389911999999999918e-02 0.000000000000000000e+00 1.312524999999999976e-02 5.223770000000000843e-03
2.202367000000000186e+00 1.896768000000000065e-02 -5.933146999999999727e-03 0.000000000000000000e+00 1.379712999999999946e-02 0.000000000000000000e+00 1.302189999999999945e-02 5.170550000000001187e-03
2.207730999999999888e+00 1.881655000000000133e-02 -5.860189000000000023e-03 0.000000000000000000e+00 1.369504000000000034e-02 0.000000000000000000e+00 1.292241000000000049e-02 5.121510000000000992e-03
2.213095000000000034e+00 1.866531000000000093e-02 -5.786967999999999973e-03 0.000000000000000000e+00 1.359259999999999982e-02 0.000000000000000000e+00 1.282280000000000052e-02 5.072710000000001107e-03
2.218459000000000181e+00 1.851401000000000088e-02 -5.713603000000000258e-03 0.000000000000000000e+00 1.348997000000000043e-02 0.000000000000000000e+00 1.272312999999999916e-02 5.024040000000000450e-03
2.223824000000000023e+00 1.836298000000000097e-02 -5.640219000000000135e-03 0.000000000000000000e+00 1.338724999999999984e-02 0.000000000000000000e+00 1.262378999999999932e-02 4.975730000000001124e-03
2.229188000000000169e+00 1.821837000000000109e-02 -5.565711999999999569e-03 0.000000000000000000e+00 1.328290000000000026e-02 0.000000000000000000e+00 1.253197999999999986e-02 4.935470000000000829e-03
2.234551999999999872e+00 1.807399000000000158e-02 -5.491084000000000243e-03 0.000000000000000000e+00 1.317849999999999924e-02 0.000000000000000000e+00 1.244032999999999944e-02 4.895490000000002340e-03
2.239916000000000018e+00 1.792960000000000040e-02 -5.416456000000000048e-03 0.000000000000000000e+00 1.307410999999999990e-02 0.000000000000000000e+00 1.234868000000000077e-02 4.855490000000000500e-03
2.245280000000000165e+00 1.778551000000000090e-02 -5.341811999999999602e-03 0.000000000000000000e+00 1.296964999999999923e-02 0.000000000000000000e+00 1.225742999999999971e-02 4.815860000000001667e-03
2.250643999999999867e+00 1.764475000000000071e-02 -5.267874999999999988e-03 0.000000000000000000e+00 1.286553000000000002e-02 0.000000000000000000e+00 1.217034999999999992e-02 4.779220000000000690e-03
2.256009000000000153e+00 1.750592000000000120e-02 -5.194797000000000130e-03 0.000000000000000000e+00 1.276196999999999922e-02 0.000000000000000000e+00 1.208520000000000080e-02 4.743950000000001985e-03
2.261372999999999855e+00 1.736690999999999929e-02 -5.121742000000000308e-03 0.000000000000000000e+00 1.265834000000000056e-02 0.000000000000000000e+00 1.199958999999999922e-02 4.708569999999998729e-03
2.266737000000000002e+00 1.722804000000000002e-02 -5.048668000000000079e-03 0.000000000000000000e+00 1.255475999999999988e-02 0.000000000000000000e+00 1.191436000000000058e-02 4.673280000000000142e-03
2.272101000000000148e+00 1.708996000000000126e-02 -4.975229999999999757e-03 0.000000000000000000e+00 1.245145999999999926e-02 0.000000000000000000e+00 1.183117000000000023e-02 4.638500000000001997e-03
2.277464999999999851e+00 1.695396000000000056e-02 -4.899907000000000221e-03 0.000000000000000000e+00 1.234868000000000077e-02 0.000000000000000000e+00 1.175367000000000078e-02 4.605279999999999790e-03
2.282830000000000137e+00 1.681807999999999914e-02 -4.824629999999999891e-03 0.000000000000000000e+00 1.224557000000000076e-02 0.000000000000000000e+00 1.167549000000000017e-02 4.572509999999998381e-03
2.288193999999999839e+00 1.668216000000000143e-02 -4.749340000000000332e-03 0.000000000000000000e+00 1.214254000000000028e-02 0.000000000000000000e+00 1.159749000000000023e-02 4.539620000000001154e-03
2.293557999999999986e+00 1.654612000000000097e-02 -4.674003000000000359e-03 0.000000000000000000e+00 1.203985999999999945e-02 0.000000000000000000e+00 1.152017999999999966e-02 4.506260000000001514e-03
2.298922000000000132e+00 1.641025000000000122e-02 -4.601066000000000010e-03 0.000000000000000000e+00 1.193992999999999964e-02 0.000000000000000000e+00 1.144568999999999968e-02 4.470320000000001584e-03
2.304285999999999834e+00 1.627440000000000137e-02 -4.528591000000000213e-03 0.000000000000000000e+00 1.184052000000000021e-02 0.000000000000000000e+00 1.137172000000000009e-02 4.433880000000001154e-03
2.309649999999999981e+00 1.613844000000000042e-02 -4.456078999999999943e-03 0.000000000000000000e+00 1.174099999999999970e-02 0.000000000000000000e+00 1.129755999999999989e-02 4.397440000000000723e-03
2.315014999999999823e+00 1.600265000000000021e-02 -4.383625999999999842e-03 0.000000000000000000e+00 1.164165999999999986e-02 0.000000000000000000e+00 1.122370999999999959e-02 4.360990000000000352e-03
2.320378999999999969e+00 1.586912000000000045e-02 -4.309709999999999583e-03 0.000000000000000000e+00 1.154248000000000079e-02 0.000000000000000000e+00 1.115258000000000048e-02 4.326639999999999653e-03
2.325743000000000116e+00 1.573725999999999944e-02 -4.234710000000000037e-03 0.000000000000000000e+00 1.144343999999999917e-02 0.000000000000000000e+00 1.108345999999999984e-02 4.293820000000000275e-03
2.331106999999999818e+00 1.560561000000000066e-02 -4.159753000000000409e-03 0.000000000000000000e+00 1.134445000000000071e-02 0.000000000000000000e+00 1.101441000000000052e-02 4.261159999999999948e-03
2.336472000000000104e+00 1.547387000000000068e-02 -4.084777000000000373e-03 0.000000000000000000e+00 1.124544000000000064e-02 0.000000000000000000e+00 1.094532999999999964e-02 4.228430000000000036e-03
2.341835999999999807e+00 1.534327000000000087e-02 -4.010729999999999677e-03 0.000000000000000000e+00 1.114703000000000048e-02 0.000000000000000000e+00 1.087639999999999961e-02 4.196240000000000386e-03
2.347199999999999953e+00 1.521476000000000078e-02 -3.938396000000000258e-03 0.000000000000000000e+00 1.104974000000000060e-02 0.000000000000000000e+00 1.080777999999999947e-02 4.165020000000000180e-03
2.352564000000000100e+00 1.508716000000000050e-02 -3.866170999999999844e-03 0.000000000000000000e+00 1.095257999999999995e-02 0.000000000000000000e+00 1.073924000000000059e-02 4.134580000000000546e-03
2.357927999999999802e+00 1.495910999999999942e-02 -3.793889999999999849e-03 0.000000000000000000e+00 1.085535999999999966e-02 0.000000000000000000e+00 1.067066000000000021e-02 4.103749999999999759e-03
2.363291999999999948e+00 1.483236999999999924e-02 -3.721323999999999813e-03 0.000000000000000000e+00 1.075852000000000058e-02 0.000000000000000000e+00 1.060279000000000083e-02 4.073849999999998653e-03
2.368656999999999790e+00 1.471120000000000066e-02 -3.647869000000000198e-03 0.000000000000000000e+00 1.066315999999999965e-02 0.000000000000000000e+00 1.053748000000000011e-02 4.048040000000001012e-03
2.374020999999999937e+00 1.459127999999999988e-02 -3.574428000000000154e-03 0.000000000000000000e+00 1.056786000000000010e-02 0.000000000000000000e+00 1.047252000000000079e-02 4.023419999999999774e-03
2.379385000000000083e+00 1.447108000000000075e-02 -3.500983999999999954e-03 0.000000000000000000e+00 1.047254000000000067e-02 0.000000000000000000e+00 1.040747000000000026e-02 3.998540000000000080e-03
2.384748999999999786e+00 1.435074000000000072e-02 -3.427615000000000176e-03 0.000000000000000000e+00 1.037755999999999922e-02 0.000000000000000000e+00 1.034295000000000006e-02 3.973180000000001502e-03
2.390112999999999932e+00 1.423386999999999916e-02 -3.354660000000000194e-03 0.000000000000000000e+00 1.028451000000000018e-02 0.000000000000000000e+00 1.028240000000000057e-02 3.949359999999998982e-03
2.395478000000000218e+00 1.411773000000000021e-02 -3.281614999999999879e-03 0.000000000000000000e+00 1.019172999999999954e-02 0.000000000000000000e+00 1.022271999999999938e-02 3.926000000000000670e-03
2.400841999999999921e+00 1.400158999999999952e-02 -3.208570999999999906e-03 0.000000000000000000e+00 1.009894000000000069e-02 0.000000000000000000e+00 1.016304999999999986e-02 3.902649999999998828e-03
2.406206000000000067e+00 1.388509999999999918e-02 -3.135512999999999929e-03 0.000000000000000000e+00 1.000614000000000017e-02 0.000000000000000000e+00 1.010316999999999986e-02 3.878959999999999006e-03
2.411570000000000213e+00 1.377175999999999921e-02 -3.061411999999999901e-03 0.000000000000000000e+00 9.915767000000000678e-03 0.000000000000000000e+00 1.004943999999999976e-02 3.855992999999998533e-03
2.416933999999999916e+00 1.365856000000000015e-02 -2.987103999999999975e-03 0.000000000000000000e+00 9.825838999999999407e-03 0.000000000000000000e+00 9.996371000000000423e-03 3.832721000000000738e-03
2.422298000000000062e+00 1.354534999999999940e-02 -2.912795000000000141e-03 0.000000000000000000e+00 9.735910000000000397e-03 0.000000000000000000e+00 9.943300000000000402e-03 3.809439999999999008e-03
2.427662999999999904e+00 1.343220000000000004e-02 -2.838626999999999817e-03 0.000000000000000000e+00 9.645821000000000603e-03 0.000000000000000000e+00 9.889979999999999605e-03 3.786378999999999440e-03
2.433027000000000051e+00 1.332258000000000053e-02 -2.764052999999999823e-03 0.000000000000000000e+00 9.559847999999999263e-03 0.000000000000000000e+00 9.842148000000000216e-03 3.762732000000001270e-03
2.438391000000000197e+00 1.321306000000000043e-02 -2.689332000000000007e-03 0.000000000000000000e+00 9.474210000000000270e-03 0.000000000000000000e+00 9.794624000000000039e-03 3.738850000000000159e-03
2.443754999999999900e+00 1.310354000000000033e-02 -2.614612000000000099e-03 0.000000000000000000e+00 9.388571999999999543e-03 0.000000000000000000e+00 9.747102000000000543e-03 3.714968000000000783e-03
2.449119000000000046e+00 1.299401000000000028e-02 -2.539931000000000046e-03 0.000000000000000000e+00 9.302843999999999350e-03 0.000000000000000000e+00 9.699502999999999944e-03 3.691166000000000932e-03
2.454483999999999888e+00 1.289136999999999922e-02 -2.464038999999999899e-03 0.000000000000000000e+00 9.220282999999999257e-03 0.000000000000000000e+00 9.657024000000000163e-03 3.671086999999999961e-03
2.459848000000000035e+00 1.278893000000000044e-02 -2.388217000000000204e-03 0.000000000000000000e+00 9.137899999999999148e-03 0.000000000000000000e+00 9.614670000000000508e-03 3.651030000000001288e-03
2.465212000000000181e+00 1.268653999999999962e-02 -2.312461000000000030e-03 0.000000000000000000e+00 9.055583000000000729e-03 0.000000000000000000e+00 9.572333000000000577e-03 3.630956999999998894e-03
2.470575999999999883e+00 1.258441000000000073e-02 -2.236655000000000153e-03 0.000000000000000000e+00 8.973378000000000604e-03 0.000000000000000000e+00 9.530191000000000356e-03 3.611032000000000131e-03
2.475940000000000030e+00 1.249131000000000026e-02 -2.160173000000000041e-03 0.000000000000000000e+00 8.893801999999999264e-03 0.000000000000000000e+00 9.493655000000000149e-03 3.597508000000000997e-03
2.481304000000000176e+00 1.239793999999999966e-02 -2.083726000000000154e-03 0.000000000000000000e+00 8.814142999999999978e-03 0.000000000000000000e+00 9.456971999999999254e-03 3.583796999999999677e-03
2.486669000000000018e+00 1.230458000000000073e-02 -2.007277999999999927e-03 0.000000000000000000e+00 8.734484000000000692e-03 0.000000000000000000e+00 9.420288000000000619e-03 3.570096000000000033e-03
2.492033000000000165e+00 1.221232000000000047e-02 -1.930718000000000104e-03 0.000000000000000000e+00 8.655141999999999350e-03 0.000000000000000000e+00 9.384184999999999749e-03 3.557178000000001117e-03
2.497396999999999867e+00 1.212908000000000042e-02 -1.853653000000000028e-03 0.000000000000000000e+00 8.577833999999999459e-03 0.000000000000000000e+00 9.352096000000000714e-03 3.551246000000000957e-03
2.502761000000000013e+00 1.204524000000000046e-02 -1.776597999999999893e-03 0.000000000000000000e+00 8.500337999999999644e-03 0.000000000000000000e+00 9.319846999999999160e-03 3.544902000000000816e-03
2.508125999999999856e+00 1.196141000000000044e-02 -1.699542999999999974e-03 0.000000000000000000e+00 8.422841000000000355e-03 0.000000000000000000e+00 9.287597999999999340e-03 3.538569000000000089e-03
2.513490000000000002e+00 1.187998000000000005e-02 -1.622565999999999982e-03 0.000000000000000000e+00 8.345978999999999898e-03 0.000000000000000000e+00 9.255924000000000443e-03 3.534001000000000156e-03
2.518854000000000148e+00 1.180647999999999941e-02 -1.546206999999999963e-03 0.000000000000000000e+00 8.270817999999999226e-03 0.000000000000000000e+00 9.225969000000000531e-03 3.535662000000000180e-03
2.524217999999999851e+00 1.173218000000000004e-02 -1.469791999999999930e-03 0.000000000000000000e+00 8.195436999999999861e-03 0.000000000000000000e+00 9.195920999999999262e-03 3.536743000000000178e-03
2.529581999999999997e+00 1.165818000000000063e-02 -1.393399000000000026e-03 0.000000000000000000e+00 8.120141000000000858e-03 0.000000000000000000e+00 9.165908999999999862e-03 3.538038999999999767e-03
2.534946000000000144e+00 1.158808000000000060e-02 -1.317414999999999949e-03 0.000000000000000000e+00 8.045685000000000336e-03 0.000000000000000000e+00 9.136694000000000759e-03 3.542395000000000266e-03
2.540310999999999986e+00 1.152431999999999936e-02 -1.242227999999999952e-03 0.000000000000000000e+00 7.972441999999999723e-03 0.000000000000000000e+00 9.108961999999999962e-03 3.551877999999999633e-03
2.545675000000000132e+00 1.145964000000000010e-02 -1.167059000000000022e-03 0.000000000000000000e+00 7.899003999999999401e-03 0.000000000000000000e+00 9.080938000000000204e-03 3.560636000000000703e-03
2.551038999999999835e+00 1.139593000000000030e-02 -1.091872000000000025e-03 0.000000000000000000e+00 7.825769999999999255e-03 0.000000000000000000e+00 9.053220000000000711e-03 3.570160000000001041e-03
2.556402999999999981e+00 1.133783000000000013e-02 -1.017293999999999967e-03 0.000000000000000000e+00 7.753514999999999886e-03 0.000000000000000000e+00 9.028081999999999774e-03 3.584315000000000244e-03
2.561767000000000127e+00 1.128358999999999959e-02 -9.432581000000000212e-04 0.000000000000000000e+00 7.681933000000000164e-03 0.000000000000000000e+00 9.004712999999999259e-03 3.601656999999999428e-03
2.567131999999999969e+00 1.122861999999999992e-02 -8.692576000000000035e-04 0.000000000000000000e+00 7.610249999999999827e-03 0.000000000000000000e+00 8.980900999999999468e-03 3.618370000000000093e-03
2.572496000000000116e+00 1.117504000000000067e-02 -7.951892999999999592e-04 0.000000000000000000e+00 7.538760000000000253e-03 0.000000000000000000e+00 8.957931000000000574e-03 3.636280000000000415e-03
2.577859999999999818e+00 1.113062000000000079e-02 -7.222520999999999759e-04 0.000000000000000000e+00 7.468434000000000357e-03 0.000000000000000000e+00 8.940422999999999426e-03 3.662186000000000434e-03
2.583223999999999965e+00 1.108662000000000016e-02 -6.494721999999999648e-04 0.000000000000000000e+00 7.398183000000000016e-03 0.000000000000000000e+00 8.923146999999999329e-03 3.688437000000000139e-03
2.588588000000000111e+00 1.104321999999999943e-02 -5.766826000000000070e-04 0.000000000000000000e+00 7.327990999999999845e-03 0.000000000000000000e+00 8.906245000000000134e-03 3.715228999999999580e-03
2.593951999999999813e+00 1.100386000000000072e-02 -5.044017000000000465e-04 0.000000000000000000e+00 7.258233000000000219e-03 0.000000000000000000e+00 8.891312000000000174e-03 3.745627000000000505e-03
2.599317000000000100e+00 1.097183000000000012e-02 -4.331469000000000118e-04 0.000000000000000000e+00 7.189265999999999712e-03 0.000000000000000000e+00 8.879868000000000830e-03 3.782564000000000412e-03
2.604680999999999802e+00 1.093951999999999945e-02 -3.618773000000000259e-04 0.000000000000000000e+00 7.120257999999999969e-03 0.000000000000000000e+00 8.868287000000000739e-03 3.819261999999999484e-03
2.610044999999999948e+00 1.090768999999999940e-02 -2.906323000000000261e-04 0.000000000000000000e+00 7.051317999999999996e-03 0.000000000000000000e+00 8.856931999999999652e-03 3.856371999999999405e-03
2.615409000000000095e+00 1.088504000000000034e-02 -2.210171999999999885e-04 0.000000000000000000e+00 6.983610000000000338e-03 0.000000000000000000e+00 8.848715999999999526e-03 3.901430000000000002e-03
2.620772999999999797e+00 1.086369000000000050e-02 -1.516154999999999988e-04 0.000000000000000000e+00 6.916092000000000420e-03 0.000000000000000000e+00 8.840943999999999886e-03 3.947598000000000079e-03
2.626136999999999944e+00 1.084225999999999940e-02 -8.220544999999999404e-05 0.000000000000000000e+00 6.848556999999999909e-03 0.000000000000000000e+00 8.833146000000000053e-03 3.993702999999999489e-03
2.631501999999999786e+00 1.082635000000000021e-02 -1.389515999999999928e-05 0.000000000000000000e+00 6.781764000000000021e-03 0.000000000000000000e+00 8.826588999999999269e-03 4.044586000000000188e-03
2.636865999999999932e+00 1.081479999999999941e-02 5.357747999999999851e-05 0.000000000000000000e+00 6.715577000000000352e-03 0.000000000000000000e+00 8.820994000000000404e-03 4.099222999999999062e-03
2.642230000000000079e+00 1.080344999999999916e-02 1.210272000000000057e-04 0.000000000000000000e+00 6.649429000000000103e-03 0.000000000000000000e+00 8.815442999999999196e-03 4.154020999999999061e-03
2.647593999999999781e+00 1.079561000000000062e-02 1.875326999999999875e-04 0.000000000000000000e+00 6.583689000000000208e-03 0.000000000000000000e+00 8.810481999999999689e-03 4.211921000000000415e-03
2.652957999999999927e+00 1.079415000000000062e-02 2.524750999999999775e-04 0.000000000000000000e+00 6.518771999999999935e-03 0.000000000000000000e+00 8.806616999999999224e-03 4.275378000000000685e-03
2.658323000000000214e+00 1.079329000000000052e-02 3.173688000000000030e-04 0.000000000000000000e+00 6.453977999999999972e-03 0.000000000000000000e+00 8.802855999999999528e-03 4.339312000000000551e-03
2.663686999999999916e+00 1.079478000000000035e-02 3.815792999999999941e-04 0.000000000000000000e+00 6.389279000000000312e-03 0.000000000000000000e+00 8.799741999999999287e-03 4.405501000000000035e-03
2.669051000000000062e+00 1.080289000000000076e-02 4.443133999999999734e-04 0.000000000000000000e+00 6.325197000000000284e-03 0.000000000000000000e+00 8.798310999999999632e-03 4.477693000000000471e-03
2.674415000000000209e+00 1.081139000000000058e-02 5.070505000000000541e-04 0.000000000000000000e+00 6.261217000000000345e-03 0.000000000000000000e+00 8.797008000000000258e-03 4.550173000000000238e-03
2.679778999999999911e+00 1.082250000000000052e-02 5.688635999999999519e-04 0.000000000000000000e+00 6.197201000000000272e-03 0.000000000000000000e+00 8.796758000000000008e-03 4.625299000000000250e-03
2.685144000000000197e+00 1.083868999999999978e-02 6.294264000000000152e-04 0.000000000000000000e+00 6.133569999999999647e-03 0.000000000000000000e+00 8.798551999999999415e-03 4.705120000000000136e-03
2.690507999999999900e+00 1.085490000000000066e-02 6.899904999999999797e-04 0.000000000000000000e+00 6.069945999999999675e-03 0.000000000000000000e+00 8.800356999999999971e-03 4.784954000000000984e-03
2.695872000000000046e+00 1.087573000000000012e-02 7.494194000000000029e-04 0.000000000000000000e+00 6.005955000000000321e-03 0.000000000000000000e+00 8.803965999999999875e-03 4.869774999999999798e-03
2.701236000000000193e+00 1.090031999999999980e-02 8.083091000000000364e-04 0.000000000000000000e+00 5.942102000000000321e-03 0.000000000000000000e+00 8.809166000000000218e-03 4.958217999999999480e-03
2.706599999999999895e+00 1.092439000000000084e-02 8.671436000000000031e-04 0.000000000000000000e+00 5.878098000000000004e-03 0.000000000000000000e+00 8.814113999999999630e-03 5.046292000000000832e-03
2.711965000000000181e+00 1.095802000000000061e-02 9.239342000000000214e-04 0.000000000000000000e+00 5.813261999999999596e-03 0.000000000000000000e+00 8.822134000000000573e-03 5.144758000000001011e-03
2.717328999999999883e+00 1.099246000000000077e-02 9.807615000000000863e-04 0.000000000000000000e+00 5.748541000000000241e-03 0.000000000000000000e+00 8.830460000000000045e-03 5.243919000000000531e-03
2.722693000000000030e+00 1.103083000000000015e-02 1.036636000000000068e-03 0.000000000000000000e+00 5.683002999999999839e-03 0.000000000000000000e+00 8.839670000000000860e-03 5.347827000000000310e-03
2.728057000000000176e+00 1.107594999999999934e-02 1.091622999999999899e-03 0.000000000000000000e+00 5.616974999999999746e-03 0.000000000000000000e+00 8.850785999999999376e-03 5.458974999999999592e-03
2.733420999999999879e+00 1.112145999999999968e-02 1.146282999999999894e-03 0.000000000000000000e+00 5.550671000000000077e-03 0.000000000000000000e+00 8.861960000000000323e-03 5.570788999999999602e-03
2.738786000000000165e+00 1.117582999999999945e-02 1.198573999999999994e-03 0.000000000000000000e+00 5.483037999999999974e-03 0.000000000000000000e+00 8.875707000000000041e-03 5.692791999999999471e-03
2.744149999999999867e+00 1.123025000000000065e-02 1.250859999999999906e-03 0.000000000000000000e+00 5.415411000000000183e-03 0.000000000000000000e+00 8.889476999999999796e-03 5.814839000000000466e-03
2.749514000000000014e+00 1.129250000000000045e-02 1.301311000000000091e-03 0.000000000000000000e+00 5.346051000000000102e-03 0.000000000000000000e+00 8.904736999999999375e-03 5.946449000000000353e-03
2.754878000000000160e+00 1.135625000000000002e-02 1.351437000000000038e-03 0.000000000000000000e+00 5.276501000000000281e-03 0.000000000000000000e+00 8.920337000000000405e-03 6.079748999999999744e-03
2.760241999999999862e+00 1.142627000000000052e-02 1.399417000000000022e-03 0.000000000000000000e+00 5.205124000000000209e-03 0.000000000000000000e+00 8.936704999999999649e-03 6.221146000000000315e-03
2.765606000000000009e+00 1.149878000000000011e-02 1.446629999999999965e-03 0.000000000000000000e+00 5.133236999999999696e-03 0.000000000000000000e+00 8.953439000000000536e-03 6.365543000000000416e-03
2.770970999999999851e+00 1.157799999999999975e-02 1.492246000000000024e-03 0.000000000000000000e+00 5.059306999999999867e-03 0.000000000000000000e+00 8.970376000000000391e-03 6.518692999999999883e-03
2.776334999999999997e+00 1.165940000000000032e-02 1.537336000000000041e-03 0.000000000000000000e+00 4.984851000000000212e-03 0.000000000000000000e+00 8.987428000000000430e-03 6.674549000000000107e-03
2.781699000000000144e+00 1.174864999999999937e-02 1.580018999999999998e-03 0.000000000000000000e+00 4.907634000000000128e-03 0.000000000000000000e+00 9.004767999999999800e-03 6.841015999999999243e-03
2.787062999999999846e+00 1.184002999999999965e-02 1.622147999999999906e-03 0.000000000000000000e+00 4.829685000000000228e-03 0.000000000000000000e+00 9.022113000000000008e-03 7.010344999999999424e-03
2.792426999999999992e+00 1.193833000000000047e-02 1.662541000000000019e-03 0.000000000000000000e+00 4.749408999999999575e-03 0.000000000000000000e+00 9.039286000000000543e-03 7.188921000000000894e-03
2.797791000000000139e+00 1.204088000000000033e-02 1.701786999999999961e-03 0.000000000000000000e+00 4.667316000000000346e-03 0.000000000000000000e+00 9.056062000000000139e-03 7.373563999999999986e-03
2.803155999999999981e+00 1.214727999999999988e-02 1.740013000000000106e-03 0.000000000000000000e+00 4.583684999999999669e-03 0.000000000000000000e+00 9.072491000000000236e-03 7.563595000000000214e-03
2.808520000000000127e+00 1.226297999999999971e-02 1.776435999999999944e-03 0.000000000000000000e+00 4.497331000000000245e-03 0.000000000000000000e+00 9.088986999999999761e-03 7.765648999999999469e-03
2.813883999999999830e+00 1.238387999999999989e-02 1.811871999999999962e-03 0.000000000000000000e+00 4.408974000000000400e-03 0.000000000000000000e+00 9.104806000000000010e-03 7.974906000000000356e-03
2.819247999999999976e+00 1.251035999999999988e-02 1.846282999999999995e-03 0.000000000000000000e+00 4.318521999999999986e-03 0.000000000000000000e+00 9.119877999999999665e-03 8.191837999999999897e-03
2.824612000000000123e+00 1.264576000000000068e-02 1.879241999999999935e-03 0.000000000000000000e+00 4.224827999999999917e-03 0.000000000000000000e+00 9.133776999999999174e-03 8.420932000000000764e-03
2.829976999999999965e+00 1.278936999999999956e-02 1.910964999999999929e-03 0.000000000000000000e+00 4.128147000000000413e-03 0.000000000000000000e+00 9.146793999999999758e-03 8.661222999999999145e-03
2.835341000000000111e+00 1.294066999999999960e-02 1.941716000000000015e-03 0.000000000000000000e+00 4.028794999999999946e-03 0.000000000000000000e+00 9.159000000000000474e-03 8.911874999999999658e-03
2.840704999999999814e+00 1.310055000000000074e-02 1.971511999999999917e-03 0.000000000000000000e+00 3.926561000000000287e-03 0.000000000000000000e+00 9.170289999999999345e-03 9.173989000000000449e-03
2.846068999999999960e+00 1.327170000000000086e-02 2.000170999999999807e-03 0.000000000000000000e+00 3.820764999999999838e-03 0.000000000000000000e+00 9.180218000000000406e-03 9.450935000000000585e-03
2.851433000000000106e+00 1.345570999999999920e-02 2.027763000000000135e-03 0.000000000000000000e+00 3.711269000000000113e-03 0.000000000000000000e+00 9.188180000000000652e-03 9.744440999999999520e-03
2.856796999999999809e+00 1.365192999999999962e-02 2.054339999999999986e-03 0.000000000000000000e+00 3.598652999999999835e-03 0.000000000000000000e+00 9.193967000000000805e-03 1.005327699999999935e-02
2.862162000000000095e+00 1.386234000000000077e-02 2.079938999999999833e-03 0.000000000000000000e+00 3.482659999999999836e-03 0.000000000000000000e+00 9.197118000000000654e-03 1.037968000000000050e-02
2.867525999999999797e+00 1.408884999999999998e-02 2.104529999999999856e-03 0.000000000000000000e+00 3.363203999999999846e-03 0.000000000000000000e+00 9.197155000000000261e-03 1.072564600000000014e-02
2.872889999999999944e+00 1.433312999999999948e-02 2.128004000000000180e-03 0.000000000000000000e+00 3.240441000000000155e-03 0.000000000000000000e+00 9.193625000000000408e-03 1.109268899999999933e-02
2.878254000000000090e+00 1.459804999999999957e-02 2.150408999999999828e-03 0.000000000000000000e+00 3.114165999999999809e-03 0.000000000000000000e+00 9.186035000000000381e-03 1.148388399999999976e-02
2.883618999999999932e+00 1.488591000000000046e-02 2.171672999999999833e-03 0.000000000000000000e+00 2.984422000000000030e-03 0.000000000000000000e+00 9.173834000000000502e-03 1.190148800000000000e-02
2.888983000000000079e+00 1.519985000000000086e-02 2.191808999999999858e-03 0.000000000000000000e+00 2.851227000000000015e-03 0.000000000000000000e+00 9.156259999999999399e-03 1.234862300000000128e-02
2.894346999999999781e+00 1.554178999999999977e-02 2.210553000000000084e-03 0.000000000000000000e+00 2.714993000000000180e-03 0.000000000000000000e+00 9.132362999999999245e-03 1.282679699999999916e-02
2.899710999999999927e+00 1.591557999999999862e-02 2.227796000000000203e-03 0.000000000000000000e+00 2.575542000000000109e-03 0.000000000000000000e+00 9.100815999999999420e-03 1.334003799999999851e-02
2.905075000000000074e+00 1.632352999999999929e-02 2.243200999999999789e-03 0.000000000000000000e+00 2.433185000000000035e-03 0.000000000000000000e+00 9.060250000000000595e-03 1.389034499999999839e-02
2.910439000000000220e+00 1.676860999999999977e-02 2.256446999999999967e-03 0.000000000000000000e+00 2.288161999999999835e-03 0.000000000000000000e+00 9.009001000000000856e-03 1.448044799999999993e-02
2.915804000000000062e+00 1.725217999999999891e-02 2.266961999999999970e-03 0.000000000000000000e+00 2.140945000000000001e-03 0.000000000000000000e+00 8.945480999999999919e-03 1.511123499999999890e-02
2.921168000000000209e+00 1.777503000000000069e-02 2.274149000000000049e-03 0.000000000000000000e+00 1.992021999999999977e-03 0.000000000000000000e+00 8.867952000000000126e-03 1.578300800000000115e-02
2.926531999999999911e+00 1.833651999999999851e-02 2.277237000000000098e-03 0.000000000000000000e+00 1.841909999999999988e-03 0.000000000000000000e+00 8.774517000000000774e-03 1.649460999999999983e-02
2.931896000000000058e+00 1.893718999999999958e-02 2.274692999999999941e-03 0.000000000000000000e+00 1.690997000000000073e-03 0.000000000000000000e+00 8.661121000000000791e-03 1.724619299999999994e-02
2.937260000000000204e+00 1.957557000000000047e-02 2.264835000000000199e-03 0.000000000000000000e+00 1.540645999999999899e-03 0.000000000000000000e+00 8.525641999999999943e-03 1.803492400000000079e-02
2.942625000000000046e+00 2.023872000000000171e-02 2.246539000000000088e-03 0.000000000000000000e+00 1.391380000000000004e-03 0.000000000000000000e+00 8.365509000000000139e-03 1.884734000000000062e-02
2.947989000000000193e+00 2.090962999999999850e-02 2.218088999999999911e-03 0.000000000000000000e+00 1.243711999999999899e-03 0.000000000000000000e+00 8.174159000000000286e-03 1.966591799999999751e-02
2.953352999999999895e+00 2.157194999999999946e-02 2.175059999999999927e-03 0.000000000000000000e+00 1.099071000000000076e-03 0.000000000000000000e+00 7.945445000000000632e-03 2.047287899999999938e-02
2.958717000000000041e+00 2.219549999999999995e-02 2.114735999999999873e-03 0.000000000000000000e+00 9.589450000000000014e-04 0.000000000000000000e+00 7.675808999999999584e-03 2.123655500000000071e-02
2.964081000000000188e+00 2.274230000000000002e-02 2.034981999999999850e-03 0.000000000000000000e+00 8.239255000000000450e-04 0.000000000000000000e+00 7.364199000000000092e-03 2.191837450000000062e-02
2.969444999999999890e+00 2.314404999999999935e-02 1.930459999999999945e-03 0.000000000000000000e+00 6.955985999999999506e-04 0.000000000000000000e+00 7.003406999999999688e-03 2.244845139999999961e-02
2.974810000000000176e+00 2.331340999999999969e-02 1.797250000000000019e-03 0.000000000000000000e+00 5.754688000000000424e-04 0.000000000000000000e+00 6.589328000000000199e-03 2.273794120000000030e-02
2.980173999999999879e+00 2.317680999999999908e-02 1.636000000000000084e-03 0.000000000000000000e+00 4.637509999999999853e-04 0.000000000000000000e+00 6.125819999999999703e-03 2.271305900000000072e-02
2.985538000000000025e+00 2.253737999999999922e-02 1.440983999999999971e-03 0.000000000000000000e+00 3.632829000000000180e-04 0.000000000000000000e+00 5.603063999999999614e-03 2.217409709999999812e-02
2.990902000000000172e+00 2.134851999999999930e-02 1.220336999999999941e-03 0.000000000000000000e+00 2.732888000000000049e-04 0.000000000000000000e+00 5.031691999999999936e-03 2.107523119999999903e-02
2.996265999999999874e+00 1.942736999999999936e-02 9.785602999999999489e-04 0.000000000000000000e+00 1.961896000000000028e-04 0.000000000000000000e+00 4.409065000000000206e-03 1.923118039999999890e-02
3.001631000000000160e+00 1.676990999999999898e-02 7.302498999999999622e-04 0.000000000000000000e+00 1.318461000000000047e-04 0.000000000000000000e+00 3.741773999999999795e-03 1.663806389999999968e-02
3.006994999999999862e+00 1.347883000000000067e-02 4.933812000000000527e-04 0.000000000000000000e+00 8.063286000000000238e-05 0.000000000000000000e+00 3.039758000000000043e-03 1.339819714000000002e-02
3.012359000000000009e+00 9.784268999999999952e-03 2.891543000000000108e-04 0.000000000000000000e+00 4.301933999999999934e-05 0.000000000000000000e+00 2.313754999999999805e-03 9.741249659999999533e-03
3.017723000000000155e+00 6.144001999999999970e-03 1.382105000000000009e-04 0.000000000000000000e+00 1.868762999999999916e-05 0.000000000000000000e+00 1.586919999999999911e-03 6.125314370000000015e-03
3.023086999999999858e+00 3.064106999999999942e-03 4.674891000000000300e-05 0.000000000000000000e+00 5.537441000000000199e-06 0.000000000000000000e+00 9.004389999999999486e-04 3.058569559000000066e-03
3.028451000000000004e+00 9.576335000000000056e-04 7.683377999999999809e-06 0.000000000000000000e+00 6.931714000000000021e-07 0.000000000000000000e+00 3.318692999999999838e-04 9.569403286000000572e-04
3.033815999999999846e+00 3.229220000000000229e-05 2.899222000000000062e-09 0.000000000000000000e+00 2.539387999999999834e-10 0.000000000000000000e+00 1.407377000000000027e-05 3.229194606120000148e-05
