9.169999999999999549e-04 3.016487999999999841e-05 -1.861197999999999908e-07 0.000000000000000000e+00 8.353142999999999679e-09 0.000000000000000000e+00 4.495384999999999990e-05 3.015652685699999697e-05
7.106000000000000337e-03 1.274748999999999934e-03 -8.740678000000000680e-06 0.000000000000000000e+00 5.308797000000000021e-06 0.000000000000000000e+00 1.904688999999999991e-03 1.269440202999999991e-03
1.329499999999999953e-02 3.573813999999999810e-03 -5.397558999999999799e-05 0.000000000000000000e+00 4.643514000000000143e-05 0.000000000000000000e+00 5.233009000000000271e-03 3.527378859999999883e-03
1.948300000000000032e-02 6.247929999999999630e-03 -1.478809999999999890e-04 0.000000000000000000e+00 1.571417999999999936e-04 0.000000000000000000e+00 8.871436999999999379e-03 6.090788199999999826e-03
2.567200000000000037e-02 8.925314999999999638e-03 -2.797736000000000211e-04 0.000000000000000000e+00 3.477307999999999810e-04 0.000000000000000000e+00 1.227171999999999985e-02 8.577584200000000145e-03
3.186100000000000043e-02 1.141389999999999939e-02 -4.366562999999999955e-04 0.000000000000000000e+00 6.210337999999999492e-04 0.000000000000000000e+00 1.521661000000000021e-02 1.079286619999999912e-02
3.805000000000000049e-02 1.364768000000000057e-02 -6.056994999999999697e-04 0.000000000000000000e+00 9.631073000000000411e-04 0.000000000000000000e+00 1.770914999999999989e-02 1.268457270000000053e-02
4.423799999999999955e-02 1.560392000000000029e-02 -7.784075000000000109e-04 0.000000000000000000e+00 1.361907999999999999e-03 0.000000000000000000e+00 1.979472999999999996e-02 1.424201200000000007e-02
5.042699999999999960e-02 1.729651000000000105e-02 -9.510872000000000510e-04 0.000000000000000000e+00 1.805228999999999992e-03 0.000000000000000000e+00 2.153400000000000106e-02 1.549128100000000084e-02
5.661599999999999966e-02 1.875231000000000120e-02 -1.121629999999999979e-03 0.000000000000000000e+00 2.281511999999999863e-03 0.000000000000000000e+00 2.298870000000000080e-02 1.647079800000000177e-02
6.280499999999999972e-02 2.000311000000000103e-02 -1.289343999999999994e-03 0.000000000000000000e+00 2.780844000000000198e-03 0.000000000000000000e+00 2.421215999999999993e-02 1.722226599999999996e-02
6.899299999999999877e-02 2.108140000000000014e-02 -1.453985000000000086e-03 0.000000000000000000e+00 3.294992000000000060e-03 0.000000000000000000e+00 2.524697000000000052e-02 1.778640800000000008e-02
7.518199999999999883e-02 2.201644999999999991e-02 -1.616702999999999934e-03 0.000000000000000000e+00 3.818120999999999841e-03 0.000000000000000000e+00 2.612545999999999966e-02 1.819832899999999920e-02
8.137099999999999889e-02 2.282781000000000046e-02 -1.777946999999999991e-03 0.000000000000000000e+00 4.345639000000000099e-03 0.000000000000000000e+00 2.686768000000000142e-02 1.848217099999999863e-02
8.755999999999999894e-02 2.353453999999999963e-02 -1.937789999999999999e-03 0.000000000000000000e+00 4.873223000000000311e-03 0.000000000000000000e+00 2.749288999999999900e-02 1.866131700000000018e-02
9.374799999999999800e-02 2.415994999999999948e-02 -2.097031999999999976e-03 0.000000000000000000e+00 5.398553000000000379e-03 0.000000000000000000e+00 2.802682000000000090e-02 1.876139699999999910e-02
9.993699999999999806e-02 2.470353000000000132e-02 -2.255434000000000171e-03 0.000000000000000000e+00 5.918144999999999656e-03 0.000000000000000000e+00 2.846912000000000054e-02 1.878538500000000167e-02
1.061259999999999981e-01 2.518795999999999882e-02 -2.413351000000000211e-03 0.000000000000000000e+00 6.431644000000000250e-03 0.000000000000000000e+00 2.884569000000000022e-02 1.875631599999999857e-02
1.123149999999999982e-01 2.561553999999999914e-02 -2.570545999999999942e-03 0.000000000000000000e+00 6.936702999999999793e-03 0.000000000000000000e+00 2.915910000000000030e-02 1.867883700000000022e-02
1.185029999999999972e-01 2.599562999999999874e-02 -2.727288999999999929e-03 0.000000000000000000e+00 7.432567999999999640e-03 0.000000000000000000e+00 2.941871999999999890e-02 1.856306199999999823e-02
1.246919999999999973e-01 2.633943999999999869e-02 -2.883800000000000165e-03 0.000000000000000000e+00 7.919057999999999653e-03 0.000000000000000000e+00 2.963591000000000142e-02 1.842038199999999903e-02
1.308809999999999973e-01 2.665214000000000125e-02 -3.040104999999999977e-03 0.000000000000000000e+00 8.396036000000000818e-03 0.000000000000000000e+00 2.981558000000000125e-02 1.825610400000000216e-02
1.370699999999999974e-01 2.693755000000000108e-02 -3.196567999999999892e-03 0.000000000000000000e+00 8.862026000000000278e-03 0.000000000000000000e+00 2.996112000000000081e-02 1.807552400000000253e-02
1.432579999999999965e-01 2.720337000000000102e-02 -3.353552000000000095e-03 0.000000000000000000e+00 9.317017999999999828e-03 0.000000000000000000e+00 3.008020000000000138e-02 1.788635200000000119e-02
1.494469999999999965e-01 2.745484000000000119e-02 -3.511588999999999856e-03 0.000000000000000000e+00 9.761610999999999899e-03 0.000000000000000000e+00 3.017780999999999936e-02 1.769322900000000129e-02
1.556359999999999966e-01 2.769587000000000090e-02 -3.670858999999999841e-03 0.000000000000000000e+00 1.019594000000000056e-02 0.000000000000000000e+00 3.025784000000000112e-02 1.749993000000000035e-02
1.618249999999999966e-01 2.792804999999999940e-02 -3.831571000000000195e-03 0.000000000000000000e+00 1.062143999999999935e-02 0.000000000000000000e+00 3.032297999999999938e-02 1.730661000000000005e-02
1.680129999999999957e-01 2.815633000000000025e-02 -3.994636000000000194e-03 0.000000000000000000e+00 1.103729999999999989e-02 0.000000000000000000e+00 3.037894999999999832e-02 1.711903000000000036e-02
1.742019999999999957e-01 2.838310999999999959e-02 -4.160391999999999736e-03 0.000000000000000000e+00 1.144343999999999917e-02 0.000000000000000000e+00 3.042941000000000049e-02 1.693967000000000042e-02
1.803909999999999958e-01 2.861007999999999954e-02 -4.329058000000000211e-03 0.000000000000000000e+00 1.183997000000000001e-02 0.000000000000000000e+00 3.047750000000000112e-02 1.677010999999999780e-02
1.865799999999999959e-01 2.883816000000000157e-02 -4.500638000000000381e-03 0.000000000000000000e+00 1.222717000000000075e-02 0.000000000000000000e+00 3.052559999999999996e-02 1.661098999999999909e-02
1.927679999999999949e-01 2.906649000000000038e-02 -4.674595000000000139e-03 0.000000000000000000e+00 1.260552000000000027e-02 0.000000000000000000e+00 3.057616999999999974e-02 1.646096999999999838e-02
1.989569999999999950e-01 2.929545999999999886e-02 -4.851046000000000351e-03 0.000000000000000000e+00 1.297529000000000043e-02 0.000000000000000000e+00 3.062851999999999936e-02 1.632016999999999843e-02
2.051459999999999950e-01 2.952667999999999959e-02 -5.029086999999999794e-03 0.000000000000000000e+00 1.333846999999999984e-02 0.000000000000000000e+00 3.068558000000000049e-02 1.618821000000000149e-02
2.113349999999999951e-01 2.976383000000000154e-02 -5.207548000000000211e-03 0.000000000000000000e+00 1.369824000000000042e-02 0.000000000000000000e+00 3.075173999999999963e-02 1.606559000000000112e-02
2.175239999999999951e-01 2.999494000000000118e-02 -5.387048999999999657e-03 0.000000000000000000e+00 1.404835999999999932e-02 0.000000000000000000e+00 3.082100999999999938e-02 1.594658000000000186e-02
2.237119999999999942e-01 3.022499000000000019e-02 -5.566668000000000310e-03 0.000000000000000000e+00 1.439378000000000012e-02 0.000000000000000000e+00 3.089307000000000164e-02 1.583120999999999834e-02
2.299009999999999942e-01 3.045265999999999945e-02 -5.746990000000000431e-03 0.000000000000000000e+00 1.473405000000000027e-02 0.000000000000000000e+00 3.096437999999999968e-02 1.571861000000000091e-02
2.360899999999999943e-01 3.067682000000000048e-02 -5.928178999999999567e-03 0.000000000000000000e+00 1.506900000000000080e-02 0.000000000000000000e+00 3.103521999999999878e-02 1.560781999999999968e-02
2.422789999999999944e-01 3.089512000000000161e-02 -6.110533999999999931e-03 0.000000000000000000e+00 1.540029000000000051e-02 0.000000000000000000e+00 3.110140000000000127e-02 1.549483000000000110e-02
2.484669999999999934e-01 3.111001000000000044e-02 -6.294064000000000256e-03 0.000000000000000000e+00 1.572706000000000104e-02 0.000000000000000000e+00 3.116377999999999857e-02 1.538294999999999940e-02
2.546559999999999935e-01 3.131706000000000073e-02 -6.481353999999999935e-03 0.000000000000000000e+00 1.604399999999999923e-02 0.000000000000000000e+00 3.121693000000000037e-02 1.527306000000000150e-02
2.608449999999999935e-01 3.151269999999999766e-02 -6.668526999999999615e-03 0.000000000000000000e+00 1.634738999999999984e-02 0.000000000000000000e+00 3.125619999999999787e-02 1.516530999999999782e-02
2.670339999999999936e-01 3.171054999999999707e-02 -6.857761999999999886e-03 0.000000000000000000e+00 1.664803999999999937e-02 0.000000000000000000e+00 3.129404000000000213e-02 1.506250999999999771e-02
2.732220000000000204e-01 3.191035999999999873e-02 -7.050543000000000261e-03 0.000000000000000000e+00 1.694647000000000167e-02 0.000000000000000000e+00 3.132959999999999912e-02 1.496388999999999705e-02
2.794110000000000205e-01 3.210724000000000217e-02 -7.241052000000000426e-03 0.000000000000000000e+00 1.723925999999999931e-02 0.000000000000000000e+00 3.136241000000000029e-02 1.486798000000000286e-02
2.856000000000000205e-01 3.230489000000000277e-02 -7.431026999999999771e-03 0.000000000000000000e+00 1.752996000000000068e-02 0.000000000000000000e+00 3.139362999999999876e-02 1.477493000000000209e-02
2.917890000000000206e-01 3.250282000000000171e-02 -7.618726999999999618e-03 0.000000000000000000e+00 1.782368000000000147e-02 0.000000000000000000e+00 3.143330999999999903e-02 1.467914000000000024e-02
2.979769999999999919e-01 3.270047000000000231e-02 -7.805824999999999743e-03 0.000000000000000000e+00 1.811273999999999870e-02 0.000000000000000000e+00 3.147143000000000163e-02 1.458773000000000361e-02
3.041659999999999919e-01 3.289627999999999997e-02 -7.991631000000000776e-03 0.000000000000000000e+00 1.839763000000000162e-02 0.000000000000000000e+00 3.150950000000000278e-02 1.449864999999999834e-02
3.103549999999999920e-01 3.309248000000000051e-02 -8.176987999999999618e-03 0.000000000000000000e+00 1.867693000000000131e-02 0.000000000000000000e+00 3.155096999999999763e-02 1.441554999999999920e-02
3.165439999999999920e-01 3.328920999999999963e-02 -8.362177999999999625e-03 0.000000000000000000e+00 1.895223999999999867e-02 0.000000000000000000e+00 3.158843000000000067e-02 1.433697000000000096e-02
3.227320000000000189e-01 3.348422000000000204e-02 -8.548448999999999631e-03 0.000000000000000000e+00 1.921495999999999968e-02 0.000000000000000000e+00 3.163417000000000312e-02 1.426926000000000236e-02
3.289210000000000189e-01 3.367908000000000013e-02 -8.735609999999999556e-03 0.000000000000000000e+00 1.947342999999999991e-02 0.000000000000000000e+00 3.167902999999999691e-02 1.420565000000000022e-02
3.351100000000000190e-01 3.387960999999999750e-02 -8.920911000000000118e-03 0.000000000000000000e+00 1.972493999999999983e-02 0.000000000000000000e+00 3.172993000000000341e-02 1.415466999999999767e-02
3.412990000000000190e-01 3.408085000000000281e-02 -9.106542000000000456e-03 0.000000000000000000e+00 1.997567999999999913e-02 0.000000000000000000e+00 3.177855999999999737e-02 1.410517000000000368e-02
3.474869999999999903e-01 3.428909000000000123e-02 -9.289487000000000785e-03 0.000000000000000000e+00 2.021954000000000112e-02 0.000000000000000000e+00 3.183046999999999960e-02 1.406955000000000011e-02
3.536759999999999904e-01 3.449844999999999995e-02 -9.471748999999999793e-03 0.000000000000000000e+00 2.046353999999999881e-02 0.000000000000000000e+00 3.188227999999999895e-02 1.403491000000000113e-02
3.598649999999999904e-01 3.471657000000000215e-02 -9.646180000000000726e-03 0.000000000000000000e+00 2.070589999999999931e-02 0.000000000000000000e+00 3.194526000000000310e-02 1.401067000000000284e-02
3.660539999999999905e-01 3.493464999999999765e-02 -9.821302000000000504e-03 0.000000000000000000e+00 2.094760000000000025e-02 0.000000000000000000e+00 3.200511000000000328e-02 1.398704999999999740e-02
3.722420000000000173e-01 3.515457000000000304e-02 -9.994942999999999189e-03 0.000000000000000000e+00 2.118495000000000100e-02 0.000000000000000000e+00 3.206670999999999827e-02 1.396962000000000204e-02
3.784310000000000174e-01 3.537333000000000144e-02 -1.016954999999999942e-02 0.000000000000000000e+00 2.142080999999999846e-02 0.000000000000000000e+00 3.212231000000000114e-02 1.395252000000000298e-02
3.846200000000000174e-01 3.559202000000000199e-02 -1.034117000000000022e-02 0.000000000000000000e+00 2.165219999999999992e-02 0.000000000000000000e+00 3.218172999999999867e-02 1.393982000000000207e-02
3.908090000000000175e-01 3.580737999999999976e-02 -1.051432000000000061e-02 0.000000000000000000e+00 2.187731999999999871e-02 0.000000000000000000e+00 3.223763000000000323e-02 1.393006000000000105e-02
3.969969999999999888e-01 3.602269000000000304e-02 -1.068908000000000011e-02 0.000000000000000000e+00 2.209635000000000071e-02 0.000000000000000000e+00 3.229122000000000242e-02 1.392634000000000233e-02
4.031859999999999888e-01 3.623905999999999655e-02 -1.086321999999999982e-02 0.000000000000000000e+00 2.231419000000000111e-02 0.000000000000000000e+00 3.234607999999999928e-02 1.392486999999999545e-02
4.093749999999999889e-01 3.645845999999999809e-02 -1.103694000000000029e-02 0.000000000000000000e+00 2.252915000000000126e-02 0.000000000000000000e+00 3.240007000000000303e-02 1.392930999999999683e-02
4.155639999999999890e-01 3.668075999999999975e-02 -1.120916999999999920e-02 0.000000000000000000e+00 2.274274000000000087e-02 0.000000000000000000e+00 3.245316000000000173e-02 1.393801999999999888e-02
4.217529999999999890e-01 3.690526999999999697e-02 -1.138084999999999965e-02 0.000000000000000000e+00 2.295231999999999828e-02 0.000000000000000000e+00 3.250871000000000316e-02 1.395294999999999869e-02
4.279410000000000158e-01 3.713178999999999785e-02 -1.154867000000000046e-02 0.000000000000000000e+00 2.316034000000000148e-02 0.000000000000000000e+00 3.256296999999999664e-02 1.397144999999999637e-02
4.341300000000000159e-01 3.735665999999999987e-02 -1.171485000000000061e-02 0.000000000000000000e+00 2.336749000000000118e-02 0.000000000000000000e+00 3.261278000000000094e-02 1.398916999999999869e-02
4.403190000000000159e-01 3.758435999999999721e-02 -1.188035999999999953e-02 0.000000000000000000e+00 2.356677999999999898e-02 0.000000000000000000e+00 3.266521000000000008e-02 1.401757999999999824e-02
4.465080000000000160e-01 3.781272000000000105e-02 -1.204425999999999934e-02 0.000000000000000000e+00 2.376562000000000119e-02 0.000000000000000000e+00 3.271563999999999722e-02 1.404709999999999986e-02
4.526959999999999873e-01 3.804837999999999970e-02 -1.220889000000000002e-02 0.000000000000000000e+00 2.395326000000000052e-02 0.000000000000000000e+00 3.276881999999999712e-02 1.409511999999999918e-02
4.588849999999999874e-01 3.828601000000000226e-02 -1.237189999999999991e-02 0.000000000000000000e+00 2.414086999999999830e-02 0.000000000000000000e+00 3.281979000000000146e-02 1.414514000000000396e-02
4.650739999999999874e-01 3.852756000000000236e-02 -1.253612999999999950e-02 0.000000000000000000e+00 2.432020999999999836e-02 0.000000000000000000e+00 3.287504000000000121e-02 1.420735000000000400e-02
4.712629999999999875e-01 3.877318999999999904e-02 -1.270293999999999937e-02 0.000000000000000000e+00 2.450048999999999977e-02 0.000000000000000000e+00 3.294174999999999881e-02 1.427269999999999928e-02
4.774510000000000143e-01 3.902408999999999739e-02 -1.286836000000000056e-02 0.000000000000000000e+00 2.467528999999999903e-02 0.000000000000000000e+00 3.301169999999999799e-02 1.434879999999999836e-02
4.836400000000000143e-01 3.927441999999999739e-02 -1.303465000000000006e-02 0.000000000000000000e+00 2.484543999999999989e-02 0.000000000000000000e+00 3.308313000000000226e-02 1.442897999999999750e-02
4.898290000000000144e-01 3.952647000000000105e-02 -1.319929000000000067e-02 0.000000000000000000e+00 2.501234999999999917e-02 0.000000000000000000e+00 3.315507000000000176e-02 1.451412000000000188e-02
4.960180000000000144e-01 3.977780000000000205e-02 -1.336281999999999921e-02 0.000000000000000000e+00 2.517319000000000154e-02 0.000000000000000000e+00 3.322779000000000010e-02 1.460461000000000051e-02
5.022060000000000413e-01 4.002959999999999852e-02 -1.352615000000000067e-02 0.000000000000000000e+00 2.533238000000000156e-02 0.000000000000000000e+00 3.330053999999999653e-02 1.469721999999999695e-02
5.083950000000000413e-01 4.028106000000000048e-02 -1.368854000000000078e-02 0.000000000000000000e+00 2.548169000000000128e-02 0.000000000000000000e+00 3.336805000000000326e-02 1.479936999999999919e-02
5.145840000000000414e-01 4.052589000000000191e-02 -1.384961000000000005e-02 0.000000000000000000e+00 2.562704000000000024e-02 0.000000000000000000e+00 3.342308000000000084e-02 1.489885000000000168e-02
5.207730000000000414e-01 4.077360000000000012e-02 -1.400676999999999998e-02 0.000000000000000000e+00 2.576430000000000040e-02 0.000000000000000000e+00 3.348009999999999875e-02 1.500929999999999973e-02
5.269610000000000127e-01 4.102121999999999713e-02 -1.416417000000000023e-02 0.000000000000000000e+00 2.590144000000000127e-02 0.000000000000000000e+00 3.353641999999999734e-02 1.511977999999999586e-02
5.331500000000000128e-01 4.127263999999999933e-02 -1.432291999999999940e-02 0.000000000000000000e+00 2.602940000000000115e-02 0.000000000000000000e+00 3.359340000000000243e-02 1.524323999999999818e-02
5.393390000000000128e-01 4.152580000000000160e-02 -1.448306000000000072e-02 0.000000000000000000e+00 2.615645999999999943e-02 0.000000000000000000e+00 3.364662999999999682e-02 1.536934000000000217e-02
5.455280000000000129e-01 4.177572999999999703e-02 -1.463932000000000080e-02 0.000000000000000000e+00 2.627374000000000029e-02 0.000000000000000000e+00 3.369874999999999954e-02 1.550198999999999674e-02
5.517159999999999842e-01 4.202484000000000081e-02 -1.479413000000000082e-02 0.000000000000000000e+00 2.638781000000000113e-02 0.000000000000000000e+00 3.374858000000000025e-02 1.563702999999999968e-02
5.579049999999999843e-01 4.229387999999999898e-02 -1.494911999999999977e-02 0.000000000000000000e+00 2.650902999999999940e-02 0.000000000000000000e+00 3.383860000000000340e-02 1.578484999999999958e-02
5.640939999999999843e-01 4.256853000000000026e-02 -1.510416000000000016e-02 0.000000000000000000e+00 2.662969999999999920e-02 0.000000000000000000e+00 3.393652999999999947e-02 1.593883000000000105e-02
5.702829999999999844e-01 4.284182000000000268e-02 -1.525344000000000005e-02 0.000000000000000000e+00 2.674930000000000016e-02 0.000000000000000000e+00 3.403500000000000275e-02 1.609252000000000252e-02
5.764709999999999557e-01 4.311319000000000262e-02 -1.539814999999999934e-02 0.000000000000000000e+00 2.686600999999999920e-02 0.000000000000000000e+00 3.413581999999999728e-02 1.624718000000000342e-02
5.826599999999999557e-01 4.338302000000000130e-02 -1.554145000000000006e-02 0.000000000000000000e+00 2.697797000000000042e-02 0.000000000000000000e+00 3.423534999999999773e-02 1.640505000000000088e-02
5.888489999999999558e-01 4.364893999999999719e-02 -1.568442000000000100e-02 0.000000000000000000e+00 2.708645000000000150e-02 0.000000000000000000e+00 3.433359999999999884e-02 1.656248999999999569e-02
5.950379999999999558e-01 4.391323999999999922e-02 -1.582431999999999936e-02 0.000000000000000000e+00 2.719227999999999923e-02 0.000000000000000000e+00 3.442983000000000154e-02 1.672095999999999999e-02
6.012260000000000382e-01 4.416798000000000252e-02 -1.596049000000000079e-02 0.000000000000000000e+00 2.729242000000000126e-02 0.000000000000000000e+00 3.451279000000000152e-02 1.687556000000000125e-02
6.074150000000000382e-01 4.441260000000000346e-02 -1.610106000000000037e-02 0.000000000000000000e+00 2.738422000000000078e-02 0.000000000000000000e+00 3.456874000000000058e-02 1.702838000000000268e-02
6.136040000000000383e-01 4.465062999999999671e-02 -1.623787000000000147e-02 0.000000000000000000e+00 2.746730000000000005e-02 0.000000000000000000e+00 3.461496000000000017e-02 1.718332999999999666e-02
6.197930000000000383e-01 4.488862999999999881e-02 -1.637531999999999877e-02 0.000000000000000000e+00 2.755184000000000105e-02 0.000000000000000000e+00 3.466145999999999811e-02 1.733678999999999776e-02
6.259810000000000096e-01 4.511674000000000240e-02 -1.650880999999999876e-02 0.000000000000000000e+00 2.763175000000000006e-02 0.000000000000000000e+00 3.470062000000000146e-02 1.748499000000000234e-02
6.321700000000000097e-01 4.534265999999999991e-02 -1.664134000000000099e-02 0.000000000000000000e+00 2.771146999999999846e-02 0.000000000000000000e+00 3.473795999999999828e-02 1.763119000000000144e-02
6.383590000000000098e-01 4.556483000000000061e-02 -1.677259999999999862e-02 0.000000000000000000e+00 2.778715000000000004e-02 0.000000000000000000e+00 3.477380000000000054e-02 1.777768000000000057e-02
6.445480000000000098e-01 4.578228000000000159e-02 -1.690252000000000074e-02 0.000000000000000000e+00 2.785788000000000153e-02 0.000000000000000000e+00 3.480687999999999838e-02 1.792440000000000005e-02
6.507370000000000099e-01 4.600048000000000331e-02 -1.703233999999999998e-02 0.000000000000000000e+00 2.792940999999999827e-02 0.000000000000000000e+00 3.484099000000000224e-02 1.807107000000000505e-02
6.569249999999999812e-01 4.621408999999999934e-02 -1.715049999999999908e-02 0.000000000000000000e+00 2.800071000000000157e-02 0.000000000000000000e+00 3.490226999999999913e-02 1.821337999999999777e-02
6.631139999999999812e-01 4.642550000000000149e-02 -1.726779000000000161e-02 0.000000000000000000e+00 2.807021999999999989e-02 0.000000000000000000e+00 3.496387000000000106e-02 1.835528000000000159e-02
6.693029999999999813e-01 4.663549000000000166e-02 -1.738456999999999850e-02 0.000000000000000000e+00 2.813977999999999965e-02 0.000000000000000000e+00 3.502510999999999819e-02 1.849571000000000201e-02
6.754919999999999813e-01 4.683848000000000178e-02 -1.749641999999999864e-02 0.000000000000000000e+00 2.820148000000000099e-02 0.000000000000000000e+00 3.508787000000000017e-02 1.863700000000000079e-02
6.816799999999999526e-01 4.704102000000000283e-02 -1.760853999999999892e-02 0.000000000000000000e+00 2.826365999999999948e-02 0.000000000000000000e+00 3.515023999999999926e-02 1.877736000000000335e-02
6.878689999999999527e-01 4.724474000000000035e-02 -1.771661000000000069e-02 0.000000000000000000e+00 2.832263000000000142e-02 0.000000000000000000e+00 3.521217000000000097e-02 1.892210999999999893e-02
6.940579999999999528e-01 4.744754999999999806e-02 -1.782051999999999942e-02 0.000000000000000000e+00 2.837829999999999867e-02 0.000000000000000000e+00 3.527339000000000169e-02 1.906924999999999940e-02
7.002469999999999528e-01 4.764944000000000124e-02 -1.792453999999999922e-02 0.000000000000000000e+00 2.843412000000000023e-02 0.000000000000000000e+00 3.533445999999999809e-02 1.921532000000000101e-02
7.064350000000000351e-01 4.785299999999999970e-02 -1.802410000000000123e-02 0.000000000000000000e+00 2.848244000000000123e-02 0.000000000000000000e+00 3.539095999999999909e-02 1.937055999999999847e-02
7.126240000000000352e-01 4.805431999999999759e-02 -1.812481999999999982e-02 0.000000000000000000e+00 2.852402000000000062e-02 0.000000000000000000e+00 3.543335000000000234e-02 1.953029999999999697e-02
7.188130000000000353e-01 4.825470999999999927e-02 -1.822560000000000152e-02 0.000000000000000000e+00 2.856606000000000076e-02 0.000000000000000000e+00 3.547538000000000080e-02 1.968864999999999851e-02
7.250020000000000353e-01 4.845435000000000020e-02 -1.832071000000000047e-02 0.000000000000000000e+00 2.860365000000000130e-02 0.000000000000000000e+00 3.551939999999999958e-02 1.985069999999999890e-02
7.311900000000000066e-01 4.865440000000000043e-02 -1.841343000000000146e-02 0.000000000000000000e+00 2.863914000000000043e-02 0.000000000000000000e+00 3.556486999999999843e-02 2.001526000000000000e-02
7.373790000000000067e-01 4.885453000000000018e-02 -1.850598000000000173e-02 0.000000000000000000e+00 2.867398999999999989e-02 0.000000000000000000e+00 3.560852999999999935e-02 2.018054000000000028e-02
7.435680000000000067e-01 4.905099999999999738e-02 -1.859405999999999906e-02 0.000000000000000000e+00 2.870665999999999843e-02 0.000000000000000000e+00 3.565275999999999862e-02 2.034433999999999895e-02
7.497570000000000068e-01 4.924629999999999980e-02 -1.867978000000000000e-02 0.000000000000000000e+00 2.873589000000000004e-02 0.000000000000000000e+00 3.569492999999999971e-02 2.051040999999999975e-02
7.559449999999999781e-01 4.944189999999999696e-02 -1.876558000000000045e-02 0.000000000000000000e+00 2.876437999999999912e-02 0.000000000000000000e+00 3.573628999999999695e-02 2.067751999999999785e-02
7.621339999999999781e-01 4.963334999999999969e-02 -1.884680999999999856e-02 0.000000000000000000e+00 2.879274999999999890e-02 0.000000000000000000e+00 3.578198999999999963e-02 2.084060000000000079e-02
7.683229999999999782e-01 4.982318000000000163e-02 -1.891276999999999889e-02 0.000000000000000000e+00 2.882523000000000030e-02 0.000000000000000000e+00 3.585047000000000234e-02 2.099795000000000134e-02
7.745119999999999783e-01 5.001301999999999831e-02 -1.897874000000000089e-02 0.000000000000000000e+00 2.885770000000000002e-02 0.000000000000000000e+00 3.591894999999999810e-02 2.115531999999999829e-02
7.806999999999999496e-01 5.020087000000000160e-02 -1.904373999999999997e-02 0.000000000000000000e+00 2.888713999999999865e-02 0.000000000000000000e+00 3.598493999999999998e-02 2.131373000000000295e-02
7.868889999999999496e-01 5.037404999999999661e-02 -1.910111999999999921e-02 0.000000000000000000e+00 2.891362000000000099e-02 0.000000000000000000e+00 3.605503999999999654e-02 2.146042999999999562e-02
7.930779999999999497e-01 5.054684999999999734e-02 -1.915887000000000145e-02 0.000000000000000000e+00 2.893982999999999972e-02 0.000000000000000000e+00 3.612412000000000262e-02 2.160701999999999762e-02
7.992669999999999497e-01 5.071890999999999899e-02 -1.921737999999999918e-02 0.000000000000000000e+00 2.896550999999999987e-02 0.000000000000000000e+00 3.619113999999999665e-02 2.175339999999999913e-02
8.054550000000000320e-01 5.088237999999999789e-02 -1.926962000000000119e-02 0.000000000000000000e+00 2.898776999999999951e-02 0.000000000000000000e+00 3.625091999999999898e-02 2.189460999999999838e-02
8.116440000000000321e-01 5.103934000000000248e-02 -1.932094999999999993e-02 0.000000000000000000e+00 2.901004000000000083e-02 0.000000000000000000e+00 3.630628999999999801e-02 2.202930000000000166e-02
8.178330000000000322e-01 5.119579999999999964e-02 -1.937244999999999939e-02 0.000000000000000000e+00 2.903247000000000119e-02 0.000000000000000000e+00 3.636137999999999870e-02 2.216332999999999845e-02
8.240220000000000322e-01 5.135154000000000107e-02 -1.942945999999999909e-02 0.000000000000000000e+00 2.905007999999999896e-02 0.000000000000000000e+00 3.640320999999999835e-02 2.230146000000000212e-02
8.302100000000000035e-01 5.150986999999999927e-02 -1.948735000000000051e-02 0.000000000000000000e+00 2.905782999999999977e-02 0.000000000000000000e+00 3.642016000000000003e-02 2.245203999999999950e-02
8.363990000000000036e-01 5.166819999999999746e-02 -1.954523999999999845e-02 0.000000000000000000e+00 2.906558999999999879e-02 0.000000000000000000e+00 3.643711000000000172e-02 2.260260999999999867e-02
8.425880000000000036e-01 5.182334999999999720e-02 -1.960427000000000003e-02 0.000000000000000000e+00 2.907488999999999907e-02 0.000000000000000000e+00 3.645463000000000175e-02 2.274845999999999813e-02
8.487770000000000037e-01 5.198118000000000183e-02 -1.965919000000000000e-02 0.000000000000000000e+00 2.907832000000000125e-02 0.000000000000000000e+00 3.646358999999999712e-02 2.290286000000000058e-02
8.549660000000000037e-01 5.214317999999999731e-02 -1.970985999999999919e-02 0.000000000000000000e+00 2.907575000000000090e-02 0.000000000000000000e+00 3.646474000000000243e-02 2.306742999999999641e-02
8.611539999999999750e-01 5.230289999999999939e-02 -1.976119999999999960e-02 0.000000000000000000e+00 2.907552000000000053e-02 0.000000000000000000e+00 3.646697000000000133e-02 2.322737999999999886e-02
8.673429999999999751e-01 5.246340000000000031e-02 -1.981230999999999964e-02 0.000000000000000000e+00 2.907449999999999965e-02 0.000000000000000000e+00 3.646883000000000069e-02 2.338890000000000066e-02
8.735319999999999752e-01 5.262069999999999942e-02 -1.985750000000000015e-02 0.000000000000000000e+00 2.906707000000000041e-02 0.000000000000000000e+00 3.646213000000000232e-02 2.355362999999999901e-02
8.797209999999999752e-01 5.277798000000000211e-02 -1.989998000000000114e-02 0.000000000000000000e+00 2.905819999999999931e-02 0.000000000000000000e+00 3.645401999999999670e-02 2.371978000000000281e-02
8.859089999999999465e-01 5.293548000000000003e-02 -1.993732000000000143e-02 0.000000000000000000e+00 2.905048000000000005e-02 0.000000000000000000e+00 3.644478000000000301e-02 2.388499999999999998e-02
8.920979999999999466e-01 5.309346000000000204e-02 -1.996824000000000168e-02 0.000000000000000000e+00 2.904421000000000086e-02 0.000000000000000000e+00 3.643451000000000328e-02 2.404925000000000118e-02
8.982869999999999466e-01 5.324119000000000074e-02 -1.999549000000000118e-02 0.000000000000000000e+00 2.903137000000000079e-02 0.000000000000000000e+00 3.641849999999999948e-02 2.420981999999999995e-02
9.044759999999999467e-01 5.338554000000000216e-02 -2.002146000000000134e-02 0.000000000000000000e+00 2.901592000000000060e-02 0.000000000000000000e+00 3.639962000000000059e-02 2.436962000000000156e-02
9.106640000000000290e-01 5.352981999999999879e-02 -2.004751999999999923e-02 0.000000000000000000e+00 2.900060999999999958e-02 0.000000000000000000e+00 3.638095000000000218e-02 2.452920999999999921e-02
9.168530000000000291e-01 5.367356000000000210e-02 -2.007424999999999835e-02 0.000000000000000000e+00 2.898631000000000124e-02 0.000000000000000000e+00 3.636385000000000312e-02 2.468725000000000086e-02
9.230420000000000291e-01 5.380230999999999902e-02 -2.009446999999999969e-02 0.000000000000000000e+00 2.896473000000000103e-02 0.000000000000000000e+00 3.634463999999999750e-02 2.483757999999999799e-02
9.292310000000000292e-01 5.392086000000000101e-02 -2.011026000000000133e-02 0.000000000000000000e+00 2.893781000000000131e-02 0.000000000000000000e+00 3.632343999999999851e-02 2.498304999999999970e-02
9.354190000000000005e-01 5.403999000000000302e-02 -2.012629000000000154e-02 0.000000000000000000e+00 2.891004999999999964e-02 0.000000000000000000e+00 3.630061999999999872e-02 2.512994000000000339e-02
9.416080000000000005e-01 5.415912999999999977e-02 -2.014231999999999828e-02 0.000000000000000000e+00 2.888229000000000143e-02 0.000000000000000000e+00 3.627781000000000061e-02 2.527683999999999834e-02
9.477970000000000006e-01 5.427487999999999757e-02 -2.015633000000000008e-02 0.000000000000000000e+00 2.885222999999999954e-02 0.000000000000000000e+00 3.625289999999999763e-02 2.542264999999999803e-02
9.539860000000000007e-01 5.438400000000000178e-02 -2.016534999999999855e-02 0.000000000000000000e+00 2.881761000000000045e-02 0.000000000000000000e+00 3.623450000000000282e-02 2.556639000000000134e-02
9.601739999999999720e-01 5.449315999999999882e-02 -2.017439000000000038e-02 0.000000000000000000e+00 2.878324999999999981e-02 0.000000000000000000e+00 3.621743000000000184e-02 2.570990999999999901e-02
9.663629999999999720e-01 5.460231000000000112e-02 -2.018342999999999873e-02 0.000000000000000000e+00 2.874888000000000096e-02 0.000000000000000000e+00 3.620034999999999920e-02 2.585343000000000016e-02
9.725519999999999721e-01 5.471161000000000080e-02 -2.019121000000000110e-02 0.000000000000000000e+00 2.871218999999999855e-02 0.000000000000000000e+00 3.618062999999999835e-02 2.599942000000000225e-02
9.787409999999999721e-01 5.481165999999999816e-02 -2.019477999999999898e-02 0.000000000000000000e+00 2.866990999999999984e-02 0.000000000000000000e+00 3.615614999999999801e-02 2.614174999999999832e-02
9.849290000000000544e-01 5.490882999999999875e-02 -2.019705999999999932e-02 0.000000000000000000e+00 2.862591000000000094e-02 0.000000000000000000e+00 3.613020000000000120e-02 2.628291999999999781e-02
9.911180000000000545e-01 5.500797999999999799e-02 -2.019866000000000023e-02 0.000000000000000000e+00 2.858018999999999837e-02 0.000000000000000000e+00 3.610477000000000131e-02 2.642778999999999962e-02
9.973070000000000546e-01 5.510712000000000249e-02 -2.020026999999999934e-02 0.000000000000000000e+00 2.853446999999999928e-02 0.000000000000000000e+00 3.607934000000000141e-02 2.657265000000000321e-02
1.003495999999999944e+00 5.520408000000000259e-02 -2.020144999999999927e-02 0.000000000000000000e+00 2.848869999999999875e-02 0.000000000000000000e+00 3.605367000000000294e-02 2.671538000000000385e-02
1.009684000000000026e+00 5.528059999999999918e-02 -2.019674000000000122e-02 0.000000000000000000e+00 2.843841999999999898e-02 0.000000000000000000e+00 3.602629999999999721e-02 2.684218000000000021e-02
1.015873000000000026e+00 5.535618999999999956e-02 -2.019202000000000150e-02 0.000000000000000000e+00 2.838732000000000061e-02 0.000000000000000000e+00 3.599900000000000322e-02 2.696886999999999895e-02
1.022062000000000026e+00 5.543220000000000092e-02 -2.019032999999999939e-02 0.000000000000000000e+00 2.833549999999999958e-02 0.000000000000000000e+00 3.596099999999999991e-02 2.709670000000000134e-02
1.028251000000000026e+00 5.550828000000000012e-02 -2.018899999999999861e-02 0.000000000000000000e+00 2.828353000000000117e-02 0.000000000000000000e+00 3.592174000000000061e-02 2.722474999999999895e-02
1.034439000000000108e+00 5.557552999999999799e-02 -2.018398000000000067e-02 0.000000000000000000e+00 2.823045000000000068e-02 0.000000000000000000e+00 3.588233999999999868e-02 2.734507999999999731e-02
1.040628000000000108e+00 5.561508999999999897e-02 -2.016820000000000071e-02 0.000000000000000000e+00 2.817775999999999961e-02 0.000000000000000000e+00 3.584106000000000097e-02 2.743732999999999936e-02
1.046817000000000109e+00 5.565488999999999853e-02 -2.015240000000000087e-02 0.000000000000000000e+00 2.812508999999999842e-02 0.000000000000000000e+00 3.579977000000000159e-02 2.752980000000000010e-02
1.053006000000000109e+00 5.569352000000000330e-02 -2.013674999999999840e-02 0.000000000000000000e+00 2.807232999999999951e-02 0.000000000000000000e+00 3.575857000000000341e-02 2.762119000000000379e-02
1.059193999999999969e+00 5.573034999999999795e-02 -2.012134000000000145e-02 0.000000000000000000e+00 2.801939999999999986e-02 0.000000000000000000e+00 3.571749999999999925e-02 2.771094999999999808e-02
1.065382999999999969e+00 5.575709000000000221e-02 -2.010272999999999921e-02 0.000000000000000000e+00 2.796621999999999997e-02 0.000000000000000000e+00 3.567478000000000316e-02 2.779087000000000224e-02
1.071571999999999969e+00 5.575291000000000274e-02 -2.007429999999999978e-02 0.000000000000000000e+00 2.791218000000000171e-02 0.000000000000000000e+00 3.562681000000000181e-02 2.784073000000000103e-02
1.077760999999999969e+00 5.574666999999999817e-02 -2.004476999999999995e-02 0.000000000000000000e+00 2.785771000000000081e-02 0.000000000000000000e+00 3.557678000000000229e-02 2.788895999999999736e-02
1.083949000000000051e+00 5.574041999999999886e-02 -2.001524000000000011e-02 0.000000000000000000e+00 2.780323000000000169e-02 0.000000000000000000e+00 3.552676999999999918e-02 2.793718999999999716e-02
1.090138000000000051e+00 5.573221999999999898e-02 -1.998424999999999854e-02 0.000000000000000000e+00 2.774942000000000034e-02 0.000000000000000000e+00 3.548028999999999766e-02 2.798279999999999865e-02
1.096327000000000051e+00 5.571841000000000294e-02 -1.995096999999999843e-02 0.000000000000000000e+00 2.769521000000000135e-02 0.000000000000000000e+00 3.543426999999999688e-02 2.802320000000000158e-02
1.102516000000000052e+00 5.567272000000000193e-02 -1.991151999999999853e-02 0.000000000000000000e+00 2.763567999999999927e-02 0.000000000000000000e+00 3.536960000000000104e-02 2.803704000000000265e-02
1.108705000000000052e+00 5.562718999999999997e-02 -1.987233999999999876e-02 0.000000000000000000e+00 2.757613999999999899e-02 0.000000000000000000e+00 3.530587999999999782e-02 2.805105000000000098e-02
1.114892999999999912e+00 5.558170999999999945e-02 -1.983321000000000042e-02 0.000000000000000000e+00 2.751661000000000037e-02 0.000000000000000000e+00 3.524237000000000203e-02 2.806509999999999908e-02
1.121081999999999912e+00 5.553574000000000011e-02 -1.979335000000000122e-02 0.000000000000000000e+00 2.745707000000000009e-02 0.000000000000000000e+00 3.517619000000000301e-02 2.807867000000000002e-02
1.127270999999999912e+00 5.548969000000000124e-02 -1.975336000000000106e-02 0.000000000000000000e+00 2.739752000000000159e-02 0.000000000000000000e+00 3.510954000000000158e-02 2.809216999999999964e-02
1.133459999999999912e+00 5.543378999999999668e-02 -1.971002000000000171e-02 0.000000000000000000e+00 2.733263999999999833e-02 0.000000000000000000e+00 3.502076999999999968e-02 2.810114999999999835e-02
1.139647999999999994e+00 5.537355000000000055e-02 -1.966524000000000050e-02 0.000000000000000000e+00 2.726554999999999951e-02 0.000000000000000000e+00 3.492201000000000333e-02 2.810800000000000104e-02
1.145836999999999994e+00 5.531296000000000129e-02 -1.962051999999999893e-02 0.000000000000000000e+00 2.719943000000000013e-02 0.000000000000000000e+00 3.482115000000000210e-02 2.811353000000000116e-02
1.152025999999999994e+00 5.525237000000000204e-02 -1.957580000000000084e-02 0.000000000000000000e+00 2.713331999999999897e-02 0.000000000000000000e+00 3.472029000000000087e-02 2.811905000000000307e-02
1.158214999999999995e+00 5.519178000000000278e-02 -1.953107000000000107e-02 0.000000000000000000e+00 2.706719999999999959e-02 0.000000000000000000e+00 3.461944000000000132e-02 2.812458000000000319e-02
1.164403000000000077e+00 5.513442000000000343e-02 -1.948735999999999871e-02 0.000000000000000000e+00 2.699976000000000112e-02 0.000000000000000000e+00 3.450749000000000177e-02 2.813466000000000231e-02
1.170592000000000077e+00 5.508095999999999826e-02 -1.943744000000000027e-02 0.000000000000000000e+00 2.692390999999999882e-02 0.000000000000000000e+00 3.436399999999999871e-02 2.815704999999999944e-02
1.176781000000000077e+00 5.502742000000000050e-02 -1.938747999999999860e-02 0.000000000000000000e+00 2.684794000000000069e-02 0.000000000000000000e+00 3.422120000000000023e-02 2.817947999999999981e-02
1.182970000000000077e+00 5.497388000000000274e-02 -1.933752999999999861e-02 0.000000000000000000e+00 2.677198000000000078e-02 0.000000000000000000e+00 3.407840000000000175e-02 2.820190000000000197e-02
1.189157999999999937e+00 5.492050999999999877e-02 -1.928764999999999993e-02 0.000000000000000000e+00 2.669625000000000123e-02 0.000000000000000000e+00 3.393403999999999865e-02 2.822425999999999754e-02
1.195346999999999937e+00 5.486742000000000008e-02 -1.923793000000000031e-02 0.000000000000000000e+00 2.662093000000000098e-02 0.000000000000000000e+00 3.378691999999999807e-02 2.824648999999999910e-02
1.201535999999999937e+00 5.481003999999999737e-02 -1.918484999999999982e-02 0.000000000000000000e+00 2.654166000000000164e-02 0.000000000000000000e+00 3.363560000000000161e-02 2.826837999999999573e-02
1.207724999999999937e+00 5.473531000000000230e-02 -1.911821000000000007e-02 0.000000000000000000e+00 2.644642000000000173e-02 0.000000000000000000e+00 3.346721999999999891e-02 2.828889000000000056e-02
1.213913000000000020e+00 5.466094999999999982e-02 -1.905139999999999958e-02 0.000000000000000000e+00 2.635134000000000087e-02 0.000000000000000000e+00 3.329909000000000341e-02 2.830960999999999894e-02
1.220102000000000020e+00 5.458740000000000120e-02 -1.898423000000000124e-02 0.000000000000000000e+00 2.625662000000000135e-02 0.000000000000000000e+00 3.313148999999999955e-02 2.833077999999999985e-02
1.226291000000000020e+00 5.451385000000000258e-02 -1.891705000000000123e-02 0.000000000000000000e+00 2.616189999999999835e-02 0.000000000000000000e+00 3.296386999999999928e-02 2.835195000000000423e-02
1.232480000000000020e+00 5.444029999999999703e-02 -1.884987999999999941e-02 0.000000000000000000e+00 2.606717999999999882e-02 0.000000000000000000e+00 3.279627000000000236e-02 2.837311999999999820e-02
1.238668000000000102e+00 5.436374000000000067e-02 -1.877900000000000055e-02 0.000000000000000000e+00 2.597282999999999883e-02 0.000000000000000000e+00 3.263357000000000063e-02 2.839091000000000184e-02
1.244857000000000102e+00 5.425938000000000289e-02 -1.869254999999999875e-02 0.000000000000000000e+00 2.586536000000000043e-02 0.000000000000000000e+00 3.247818999999999706e-02 2.839402000000000245e-02
1.251046000000000102e+00 5.415496999999999672e-02 -1.860614000000000018e-02 0.000000000000000000e+00 2.575803000000000120e-02 0.000000000000000000e+00 3.232219000000000064e-02 2.839693999999999552e-02
1.257235000000000102e+00 5.405055000000000276e-02 -1.851973999999999981e-02 0.000000000000000000e+00 2.565069999999999850e-02 0.000000000000000000e+00 3.216618999999999728e-02 2.839985000000000426e-02
1.263422999999999963e+00 5.394615999999999995e-02 -1.843331999999999957e-02 0.000000000000000000e+00 2.554330999999999963e-02 0.000000000000000000e+00 3.201045000000000279e-02 2.840285000000000032e-02
1.269611999999999963e+00 5.384209000000000217e-02 -1.834660999999999931e-02 0.000000000000000000e+00 2.543520999999999976e-02 0.000000000000000000e+00 3.185791999999999791e-02 2.840688000000000241e-02
1.275800999999999963e+00 5.373801999999999746e-02 -1.825989000000000084e-02 0.000000000000000000e+00 2.532712000000000158e-02 0.000000000000000000e+00 3.170540000000000164e-02 2.841089999999999588e-02
1.281989999999999963e+00 5.360892999999999908e-02 -1.816908000000000065e-02 0.000000000000000000e+00 2.522136000000000169e-02 0.000000000000000000e+00 3.156145999999999952e-02 2.838756999999999739e-02
1.288178000000000045e+00 5.347543999999999909e-02 -1.807753999999999958e-02 0.000000000000000000e+00 2.511601000000000111e-02 0.000000000000000000e+00 3.141904000000000224e-02 2.835942999999999797e-02
1.294367000000000045e+00 5.333915999999999658e-02 -1.798579000000000150e-02 0.000000000000000000e+00 2.500952000000000036e-02 0.000000000000000000e+00 3.127835999999999811e-02 2.832963999999999621e-02
1.300556000000000045e+00 5.320269999999999860e-02 -1.789402999999999827e-02 0.000000000000000000e+00 2.490295999999999829e-02 0.000000000000000000e+00 3.113780000000000020e-02 2.829974000000000031e-02
1.306745000000000045e+00 5.306625000000000231e-02 -1.780226999999999851e-02 0.000000000000000000e+00 2.479639999999999969e-02 0.000000000000000000e+00 3.099723999999999882e-02 2.826985000000000262e-02
1.312932999999999906e+00 5.292978999999999740e-02 -1.771050999999999875e-02 0.000000000000000000e+00 2.468984000000000109e-02 0.000000000000000000e+00 3.085666999999999924e-02 2.823994999999999631e-02
1.319121999999999906e+00 5.276137999999999662e-02 -1.762205999999999842e-02 0.000000000000000000e+00 2.458404000000000145e-02 0.000000000000000000e+00 3.071234999999999937e-02 2.817733999999999517e-02
1.325310999999999906e+00 5.257893999999999762e-02 -1.753236000000000031e-02 0.000000000000000000e+00 2.447883000000000003e-02 0.000000000000000000e+00 3.056814000000000059e-02 2.810010999999999759e-02
1.331499999999999906e+00 5.239649999999999863e-02 -1.744267000000000040e-02 0.000000000000000000e+00 2.437361999999999862e-02 0.000000000000000000e+00 3.042392999999999834e-02 2.802288000000000001e-02
1.337688999999999906e+00 5.221405999999999964e-02 -1.735296999999999881e-02 0.000000000000000000e+00 2.426841000000000068e-02 0.000000000000000000e+00 3.027973000000000123e-02 2.794564999999999896e-02
1.343876999999999988e+00 5.202993000000000201e-02 -1.726267999999999900e-02 0.000000000000000000e+00 2.416263000000000091e-02 0.000000000000000000e+00 3.013557999999999862e-02 2.786730000000000110e-02
1.350065999999999988e+00 5.184492000000000267e-02 -1.717207999999999929e-02 0.000000000000000000e+00 2.405654999999999946e-02 0.000000000000000000e+00 2.999148000000000092e-02 2.778837000000000321e-02
1.356254999999999988e+00 5.163936000000000220e-02 -1.707600999999999911e-02 0.000000000000000000e+00 2.394504999999999897e-02 0.000000000000000000e+00 2.984178999999999998e-02 2.769431000000000323e-02
1.362443999999999988e+00 5.142031999999999853e-02 -1.697635000000000116e-02 0.000000000000000000e+00 2.382998999999999881e-02 0.000000000000000000e+00 2.968843999999999997e-02 2.759032999999999972e-02
1.368632000000000071e+00 5.119993999999999934e-02 -1.687661000000000022e-02 0.000000000000000000e+00 2.371484000000000092e-02 0.000000000000000000e+00 2.953566999999999998e-02 2.748509999999999842e-02
1.374821000000000071e+00 5.097829999999999723e-02 -1.677678000000000155e-02 0.000000000000000000e+00 2.359959000000000015e-02 0.000000000000000000e+00 2.938342000000000037e-02 2.737870999999999708e-02
1.381010000000000071e+00 5.075666000000000205e-02 -1.667694999999999941e-02 0.000000000000000000e+00 2.348435000000000106e-02 0.000000000000000000e+00 2.923117999999999897e-02 2.727231000000000100e-02
1.387199000000000071e+00 5.053501999999999994e-02 -1.657712000000000074e-02 0.000000000000000000e+00 2.336910000000000029e-02 0.000000000000000000e+00 2.907892999999999936e-02 2.716591999999999965e-02
1.393386999999999931e+00 5.030483000000000177e-02 -1.647552999999999865e-02 0.000000000000000000e+00 2.325173000000000170e-02 0.000000000000000000e+00 2.891697000000000017e-02 2.705310000000000006e-02
1.399575999999999931e+00 5.006229999999999708e-02 -1.636866999999999836e-02 0.000000000000000000e+00 2.313217000000000051e-02 0.000000000000000000e+00 2.874876000000000167e-02 2.693012999999999657e-02
1.405764999999999931e+00 4.981975999999999766e-02 -1.626179999999999987e-02 0.000000000000000000e+00 2.301260999999999932e-02 0.000000000000000000e+00 2.858056999999999959e-02 2.680714999999999834e-02
1.411953999999999931e+00 4.957721999999999823e-02 -1.615493999999999958e-02 0.000000000000000000e+00 2.289305000000000159e-02 0.000000000000000000e+00 2.841236999999999929e-02 2.668416999999999664e-02
1.418142000000000014e+00 4.933451999999999976e-02 -1.604821000000000025e-02 0.000000000000000000e+00 2.277337999999999932e-02 0.000000000000000000e+00 2.824439000000000116e-02 2.656114000000000044e-02
1.424331000000000014e+00 4.909121000000000318e-02 -1.594200999999999951e-02 0.000000000000000000e+00 2.265328999999999954e-02 0.000000000000000000e+00 2.807727000000000139e-02 2.643792000000000364e-02
1.430520000000000014e+00 4.883665999999999702e-02 -1.583655999999999953e-02 0.000000000000000000e+00 2.253362000000000073e-02 0.000000000000000000e+00 2.790513000000000021e-02 2.630303999999999628e-02
1.436709000000000014e+00 4.856930000000000275e-02 -1.573197000000000137e-02 0.000000000000000000e+00 2.241444999999999896e-02 0.000000000000000000e+00 2.772726999999999831e-02 2.615485000000000379e-02
1.442897000000000096e+00 4.830195000000000322e-02 -1.562737999999999974e-02 0.000000000000000000e+00 2.229526999999999898e-02 0.000000000000000000e+00 2.754946000000000131e-02 2.600668000000000424e-02
1.449086000000000096e+00 4.803488999999999676e-02 -1.552288999999999926e-02 0.000000000000000000e+00 2.217610000000000067e-02 0.000000000000000000e+00 2.737254000000000076e-02 2.585878999999999608e-02
1.455275000000000096e+00 4.776782999999999724e-02 -1.541840000000000051e-02 0.000000000000000000e+00 2.205692000000000069e-02 0.000000000000000000e+00 2.719560999999999854e-02 2.571090999999999654e-02
1.461464000000000096e+00 4.750067000000000178e-02 -1.531388000000000020e-02 0.000000000000000000e+00 2.193774000000000071e-02 0.000000000000000000e+00 2.701836999999999989e-02 2.556293000000000107e-02
1.467651999999999957e+00 4.722615000000000146e-02 -1.520766999999999952e-02 0.000000000000000000e+00 2.181701000000000126e-02 0.000000000000000000e+00 2.683823999999999932e-02 2.540914000000000020e-02
1.473840999999999957e+00 4.694293000000000077e-02 -1.509950000000000007e-02 0.000000000000000000e+00 2.169451000000000018e-02 0.000000000000000000e+00 2.665553999999999840e-02 2.524842000000000058e-02
1.480029999999999957e+00 4.666150000000000159e-02 -1.499290999999999992e-02 0.000000000000000000e+00 2.157214999999999827e-02 0.000000000000000000e+00 2.647211000000000009e-02 2.508935000000000332e-02
1.486218999999999957e+00 4.638101000000000029e-02 -1.488715999999999998e-02 0.000000000000000000e+00 2.144984999999999947e-02 0.000000000000000000e+00 2.628822999999999924e-02 2.493116000000000082e-02
1.492407000000000039e+00 4.610051999999999900e-02 -1.478141000000000004e-02 0.000000000000000000e+00 2.132755999999999888e-02 0.000000000000000000e+00 2.610434000000000018e-02 2.477296000000000012e-02
1.498596000000000039e+00 4.582010000000000249e-02 -1.467560000000000045e-02 0.000000000000000000e+00 2.120537999999999937e-02 0.000000000000000000e+00 2.592208000000000012e-02 2.461472000000000313e-02
1.504785000000000039e+00 4.553963999999999929e-02 -1.456847999999999997e-02 0.000000000000000000e+00 2.108058999999999975e-02 0.000000000000000000e+00 2.574094999999999855e-02 2.445904999999999954e-02
1.510974000000000039e+00 4.525908000000000014e-02 -1.445969000000000074e-02 0.000000000000000000e+00 2.095235999999999973e-02 0.000000000000000000e+00 2.556048000000000001e-02 2.430672000000000041e-02
1.517161999999999900e+00 4.497853000000000268e-02 -1.435090999999999971e-02 0.000000000000000000e+00 2.082412999999999972e-02 0.000000000000000000e+00 2.538001000000000146e-02 2.415440000000000295e-02
1.523350999999999900e+00 4.469867000000000284e-02 -1.424182000000000052e-02 0.000000000000000000e+00 2.069587999999999983e-02 0.000000000000000000e+00 2.519928999999999919e-02 2.400279000000000301e-02
1.529539999999999900e+00 4.441898999999999847e-02 -1.413265000000000007e-02 0.000000000000000000e+00 2.056762999999999994e-02 0.000000000000000000e+00 2.501851999999999895e-02 2.385135999999999853e-02
1.535728999999999900e+00 4.413931000000000104e-02 -1.402347999999999963e-02 0.000000000000000000e+00 2.043938000000000005e-02 0.000000000000000000e+00 2.483774000000000051e-02 2.369993000000000100e-02
1.541917999999999900e+00 4.384774000000000310e-02 -1.391436000000000062e-02 0.000000000000000000e+00 2.031186000000000103e-02 0.000000000000000000e+00 2.465741000000000113e-02 2.353588000000000208e-02
1.548105999999999982e+00 4.354327000000000197e-02 -1.380517000000000029e-02 0.000000000000000000e+00 2.018489000000000047e-02 0.000000000000000000e+00 2.447703000000000031e-02 2.335838000000000150e-02
1.554294999999999982e+00 4.323990999999999946e-02 -1.369580999999999923e-02 0.000000000000000000e+00 2.005743000000000109e-02 0.000000000000000000e+00 2.429573000000000149e-02 2.318247999999999837e-02
1.560483999999999982e+00 4.293655999999999862e-02 -1.358643999999999998e-02 0.000000000000000000e+00 1.992997000000000171e-02 0.000000000000000000e+00 2.411444000000000087e-02 2.300658999999999690e-02
1.566672999999999982e+00 4.263104999999999672e-02 -1.347465999999999942e-02 0.000000000000000000e+00 1.980310999999999877e-02 0.000000000000000000e+00 2.393469999999999973e-02 2.282793999999999796e-02
1.572861000000000065e+00 4.232571999999999723e-02 -1.336243999999999973e-02 0.000000000000000000e+00 1.967620000000000133e-02 0.000000000000000000e+00 2.375493999999999870e-02 2.264951999999999591e-02
1.579050000000000065e+00 4.202215000000000117e-02 -1.325067000000000085e-02 0.000000000000000000e+00 1.955259000000000164e-02 0.000000000000000000e+00 2.358168000000000070e-02 2.246955999999999953e-02
1.585239000000000065e+00 4.171828999999999815e-02 -1.313917000000000036e-02 0.000000000000000000e+00 1.943225000000000161e-02 0.000000000000000000e+00 2.341479999999999950e-02 2.228603999999999655e-02
1.591428000000000065e+00 4.141337999999999964e-02 -1.302739999999999974e-02 0.000000000000000000e+00 1.931193000000000146e-02 0.000000000000000000e+00 2.324783000000000058e-02 2.210144999999999818e-02
1.597615999999999925e+00 4.110853999999999897e-02 -1.291564000000000080e-02 0.000000000000000000e+00 1.919159999999999963e-02 0.000000000000000000e+00 2.308086000000000165e-02 2.191693999999999934e-02
1.603804999999999925e+00 4.080629000000000201e-02 -1.280453999999999967e-02 0.000000000000000000e+00 1.907125000000000140e-02 0.000000000000000000e+00 2.291413999999999951e-02 2.173504000000000061e-02
1.609993999999999925e+00 4.050403000000000336e-02 -1.269344000000000028e-02 0.000000000000000000e+00 1.895089000000000148e-02 0.000000000000000000e+00 2.274742000000000083e-02 2.155314000000000188e-02
1.616182999999999925e+00 4.020014999999999700e-02 -1.258333000000000021e-02 0.000000000000000000e+00 1.883276999999999868e-02 0.000000000000000000e+00 2.257597999999999897e-02 2.136737999999999832e-02
1.622371000000000008e+00 3.989544999999999897e-02 -1.247371000000000070e-02 0.000000000000000000e+00 1.871574999999999975e-02 0.000000000000000000e+00 2.240216999999999903e-02 2.117969999999999922e-02
1.628560000000000008e+00 3.959217999999999765e-02 -1.236442999999999917e-02 0.000000000000000000e+00 1.859979999999999967e-02 0.000000000000000000e+00 2.222744000000000109e-02 2.099237999999999799e-02
1.634749000000000008e+00 3.928906000000000065e-02 -1.225517999999999920e-02 0.000000000000000000e+00 1.848394999999999899e-02 0.000000000000000000e+00 2.205259999999999859e-02 2.080511000000000166e-02
1.640938000000000008e+00 3.898593999999999671e-02 -1.214592999999999923e-02 0.000000000000000000e+00 1.836810999999999999e-02 0.000000000000000000e+00 2.187775999999999957e-02 2.061782999999999672e-02
1.647126000000000090e+00 3.868280000000000329e-02 -1.203667999999999925e-02 0.000000000000000000e+00 1.825223999999999944e-02 0.000000000000000000e+00 2.170294000000000043e-02 2.043056000000000386e-02
1.653315000000000090e+00 3.838541000000000175e-02 -1.193190000000000049e-02 0.000000000000000000e+00 1.813767999999999977e-02 0.000000000000000000e+00 2.151762999999999940e-02 2.024773000000000198e-02
1.659504000000000090e+00 3.808982999999999813e-02 -1.182870999999999923e-02 0.000000000000000000e+00 1.802339000000000024e-02 0.000000000000000000e+00 2.133026000000000019e-02 2.006643999999999789e-02
1.665693000000000090e+00 3.779423999999999978e-02 -1.172551999999999969e-02 0.000000000000000000e+00 1.790908999999999904e-02 0.000000000000000000e+00 2.114289000000000099e-02 1.988515000000000074e-02
1.671880999999999950e+00 3.749866000000000310e-02 -1.162233000000000016e-02 0.000000000000000000e+00 1.779479999999999951e-02 0.000000000000000000e+00 2.095552999999999999e-02 1.970386000000000359e-02
1.678069999999999951e+00 3.720170999999999895e-02 -1.151871999999999965e-02 0.000000000000000000e+00 1.768087000000000131e-02 0.000000000000000000e+00 2.076816000000000079e-02 1.952083999999999764e-02
1.684258999999999951e+00 3.690308999999999950e-02 -1.141472999999999967e-02 0.000000000000000000e+00 1.756709000000000048e-02 0.000000000000000000e+00 2.058222999999999997e-02 1.933599999999999902e-02
1.690447999999999951e+00 3.659433000000000130e-02 -1.130916000000000039e-02 0.000000000000000000e+00 1.745255000000000070e-02 0.000000000000000000e+00 2.041358999999999882e-02 1.914178000000000060e-02
1.696636000000000033e+00 3.628557000000000310e-02 -1.120357999999999944e-02 0.000000000000000000e+00 1.733799999999999925e-02 0.000000000000000000e+00 2.024497000000000102e-02 1.894757000000000385e-02
1.702825000000000033e+00 3.597676000000000346e-02 -1.109781999999999956e-02 0.000000000000000000e+00 1.722337000000000173e-02 0.000000000000000000e+00 2.007652000000000048e-02 1.875339000000000172e-02
1.709014000000000033e+00 3.566793000000000047e-02 -1.099197000000000021e-02 0.000000000000000000e+00 1.710868000000000111e-02 0.000000000000000000e+00 1.990816000000000113e-02 1.855924999999999936e-02
1.715203000000000033e+00 3.535910999999999915e-02 -1.088619000000000045e-02 0.000000000000000000e+00 1.699403000000000025e-02 0.000000000000000000e+00 1.973973999999999868e-02 1.836507999999999891e-02
1.721390999999999893e+00 3.505579000000000334e-02 -1.078199999999999992e-02 0.000000000000000000e+00 1.688032999999999895e-02 0.000000000000000000e+00 1.957576999999999928e-02 1.817546000000000439e-02
1.727579999999999893e+00 3.476300999999999697e-02 -1.068036999999999979e-02 0.000000000000000000e+00 1.676818000000000058e-02 0.000000000000000000e+00 1.941986000000000059e-02 1.799482999999999638e-02
1.733768999999999894e+00 3.447170000000000095e-02 -1.057837000000000013e-02 0.000000000000000000e+00 1.665581999999999827e-02 0.000000000000000000e+00 1.926427000000000000e-02 1.781588000000000269e-02
1.739957999999999894e+00 3.418039999999999967e-02 -1.047636000000000053e-02 0.000000000000000000e+00 1.654347000000000109e-02 0.000000000000000000e+00 1.910869000000000109e-02 1.763692999999999858e-02
1.746145999999999976e+00 3.388859999999999789e-02 -1.037417000000000027e-02 0.000000000000000000e+00 1.643123000000000153e-02 0.000000000000000000e+00 1.895279999999999881e-02 1.745736999999999636e-02
1.752334999999999976e+00 3.359738000000000308e-02 -1.027186000000000071e-02 0.000000000000000000e+00 1.631894000000000053e-02 0.000000000000000000e+00 1.879685999999999857e-02 1.727844000000000255e-02
1.758523999999999976e+00 3.332531999999999855e-02 -1.017100999999999943e-02 0.000000000000000000e+00 1.620579999999999937e-02 0.000000000000000000e+00 1.864851000000000009e-02 1.711951999999999918e-02
1.764712999999999976e+00 3.306040999999999841e-02 -1.007097000000000027e-02 0.000000000000000000e+00 1.609241000000000144e-02 0.000000000000000000e+00 1.850347000000000103e-02 1.696799999999999697e-02
1.770901999999999976e+00 3.279525999999999969e-02 -9.971040999999999932e-03 0.000000000000000000e+00 1.597905999999999979e-02 0.000000000000000000e+00 1.835844000000000018e-02 1.681619999999999990e-02
1.777090000000000058e+00 3.253025999999999834e-02 -9.871045999999999640e-03 0.000000000000000000e+00 1.586568999999999827e-02 0.000000000000000000e+00 1.821340999999999932e-02 1.666457000000000008e-02
1.783279000000000059e+00 3.226616999999999680e-02 -9.770674999999999499e-03 0.000000000000000000e+00 1.575222999999999901e-02 0.000000000000000000e+00 1.806825999999999918e-02 1.651393999999999779e-02
1.789468000000000059e+00 3.200299000000000199e-02 -9.670345999999999803e-03 0.000000000000000000e+00 1.563880000000000131e-02 0.000000000000000000e+00 1.792358999999999966e-02 1.636419000000000068e-02
1.795657000000000059e+00 3.175015999999999949e-02 -9.570491000000000414e-03 0.000000000000000000e+00 1.552570999999999986e-02 0.000000000000000000e+00 1.778429000000000121e-02 1.622445000000000137e-02
1.801844999999999919e+00 3.149735000000000035e-02 -9.470654000000000225e-03 0.000000000000000000e+00 1.541262000000000014e-02 0.000000000000000000e+00 1.764502000000000084e-02 1.608472999999999847e-02
1.808033999999999919e+00 3.124493000000000062e-02 -9.371235999999999802e-03 0.000000000000000000e+00 1.529959000000000006e-02 0.000000000000000000e+00 1.750608999999999846e-02 1.594534000000000229e-02
1.814222999999999919e+00 3.099249999999999922e-02 -9.271817999999999380e-03 0.000000000000000000e+00 1.518656999999999993e-02 0.000000000000000000e+00 1.736717000000000122e-02 1.580592999999999929e-02
1.820411999999999919e+00 3.073994000000000032e-02 -9.172250999999999321e-03 0.000000000000000000e+00 1.507351999999999997e-02 0.000000000000000000e+00 1.722811999999999955e-02 1.566642000000000035e-02
1.826600000000000001e+00 3.049171999999999993e-02 -9.074700999999999254e-03 0.000000000000000000e+00 1.496131000000000023e-02 0.000000000000000000e+00 1.708484999999999865e-02 1.553040999999999970e-02
1.832789000000000001e+00 3.024782999999999986e-02 -8.979436000000000362e-03 0.000000000000000000e+00 1.484973000000000022e-02 0.000000000000000000e+00 1.693833999999999965e-02 1.539809999999999963e-02
1.838978000000000002e+00 3.000376999999999905e-02 -8.884028999999999884e-03 0.000000000000000000e+00 1.473810000000000051e-02 0.000000000000000000e+00 1.679196999999999981e-02 1.526566999999999855e-02
1.845167000000000002e+00 2.975935000000000039e-02 -8.788336000000000758e-03 0.000000000000000000e+00 1.462641999999999935e-02 0.000000000000000000e+00 1.664585000000000023e-02 1.513293000000000103e-02
1.851355000000000084e+00 2.951493000000000172e-02 -8.692645000000000580e-03 0.000000000000000000e+00 1.451472999999999999e-02 0.000000000000000000e+00 1.649971000000000076e-02 1.500020000000000173e-02
1.857544000000000084e+00 2.927075999999999983e-02 -8.597451000000000745e-03 0.000000000000000000e+00 1.440301000000000081e-02 0.000000000000000000e+00 1.635398999999999881e-02 1.486774999999999902e-02
1.863733000000000084e+00 2.902690000000000131e-02 -8.508022000000000501e-03 0.000000000000000000e+00 1.429532000000000025e-02 0.000000000000000000e+00 1.620407999999999918e-02 1.473158000000000106e-02
1.869922000000000084e+00 2.878297999999999968e-02 -8.418573000000000375e-03 0.000000000000000000e+00 1.418763999999999963e-02 0.000000000000000000e+00 1.605414999999999967e-02 1.459534000000000005e-02
1.876109999999999944e+00 2.853891999999999887e-02 -8.329072999999999338e-03 0.000000000000000000e+00 1.408000000000000050e-02 0.000000000000000000e+00 1.590414000000000064e-02 1.445891999999999837e-02
1.882298999999999944e+00 2.829519000000000131e-02 -8.239688000000000220e-03 0.000000000000000000e+00 1.397227000000000018e-02 0.000000000000000000e+00 1.575429000000000065e-02 1.432292000000000114e-02
1.888487999999999944e+00 2.805153999999999981e-02 -8.150332999999999189e-03 0.000000000000000000e+00 1.386452999999999991e-02 0.000000000000000000e+00 1.560447000000000049e-02 1.418700999999999990e-02
1.894676999999999945e+00 2.780675999999999981e-02 -8.063110999999999542e-03 0.000000000000000000e+00 1.375928000000000047e-02 0.000000000000000000e+00 1.546091999999999952e-02 1.404747999999999934e-02
1.900865000000000027e+00 2.756110999999999978e-02 -7.977527999999999356e-03 0.000000000000000000e+00 1.365595000000000003e-02 0.000000000000000000e+00 1.532218999999999942e-02 1.390515999999999974e-02
1.907054000000000027e+00 2.731569000000000011e-02 -7.891479999999999329e-03 0.000000000000000000e+00 1.355249000000000037e-02 0.000000000000000000e+00 1.518417000000000031e-02 1.376319999999999974e-02
1.913243000000000027e+00 2.707036999999999985e-02 -7.805277000000000222e-03 0.000000000000000000e+00 1.344898999999999921e-02 0.000000000000000000e+00 1.504639999999999971e-02 1.362138000000000064e-02
1.919432000000000027e+00 2.682502000000000150e-02 -7.719107000000000225e-03 0.000000000000000000e+00 1.334549999999999972e-02 0.000000000000000000e+00 1.490856999999999946e-02 1.347952000000000178e-02
1.925620000000000109e+00 2.658113000000000142e-02 -7.633530000000000350e-03 0.000000000000000000e+00 1.324297999999999968e-02 0.000000000000000000e+00 1.477264000000000008e-02 1.333815000000000174e-02
1.931809000000000109e+00 2.634478000000000167e-02 -7.549061000000000139e-03 0.000000000000000000e+00 1.314426999999999957e-02 0.000000000000000000e+00 1.464781000000000069e-02 1.320051000000000210e-02
1.937998000000000109e+00 2.610869999999999858e-02 -7.464634999999999847e-03 0.000000000000000000e+00 1.304558999999999927e-02 0.000000000000000000e+00 1.452301999999999933e-02 1.306310999999999931e-02
1.944187000000000110e+00 2.587313999999999933e-02 -7.380639999999999944e-03 0.000000000000000000e+00 1.294731000000000007e-02 0.000000000000000000e+00 1.439802999999999916e-02 1.292582999999999926e-02
1.950374999999999970e+00 2.563758999999999830e-02 -7.296645000000000041e-03 0.000000000000000000e+00 1.284901999999999919e-02 0.000000000000000000e+00 1.427304000000000073e-02 1.278856999999999911e-02
1.956563999999999970e+00 2.540254000000000123e-02 -7.212508000000000287e-03 0.000000000000000000e+00 1.275042000000000016e-02 0.000000000000000000e+00 1.414829000000000087e-02 1.265212000000000107e-02
1.962752999999999970e+00 2.517909000000000119e-02 -7.129820999999999728e-03 0.000000000000000000e+00 1.265626000000000077e-02 0.000000000000000000e+00 1.402762999999999927e-02 1.252283000000000042e-02
1.968941999999999970e+00 2.495746000000000075e-02 -7.047377999999999976e-03 0.000000000000000000e+00 1.256288000000000023e-02 0.000000000000000000e+00 1.390770000000000027e-02 1.239458000000000053e-02
1.975130000000000052e+00 2.473548999999999887e-02 -6.964892999999999779e-03 0.000000000000000000e+00 1.246949999999999968e-02 0.000000000000000000e+00 1.378788000000000062e-02 1.226598999999999919e-02
1.981319000000000052e+00 2.451412000000000035e-02 -6.882481000000000189e-03 0.000000000000000000e+00 1.237613000000000081e-02 0.000000000000000000e+00 1.366786000000000043e-02 1.213798999999999954e-02
1.987508000000000052e+00 2.429303999999999839e-02 -6.800106000000000206e-03 0.000000000000000000e+00 1.228275000000000027e-02 0.000000000000000000e+00 1.354774000000000082e-02 1.201028999999999812e-02
1.993697000000000052e+00 2.408180999999999863e-02 -6.720465000000000119e-03 0.000000000000000000e+00 1.219130000000000040e-02 0.000000000000000000e+00 1.343076999999999986e-02 1.189050999999999823e-02
1.999886000000000053e+00 2.387740000000000001e-02 -6.642714000000000084e-03 0.000000000000000000e+00 1.210118999999999952e-02 0.000000000000000000e+00 1.331597999999999983e-02 1.177621000000000050e-02
2.006073999999999913e+00 2.367322999999999997e-02 -6.564996000000000026e-03 0.000000000000000000e+00 1.201121999999999954e-02 0.000000000000000000e+00 1.320089999999999979e-02 1.166201000000000043e-02
2.012262999999999913e+00 2.346917000000000100e-02 -6.487292999999999879e-03 0.000000000000000000e+00 1.192130999999999920e-02 0.000000000000000000e+00 1.308569000000000052e-02 1.154786000000000180e-02
2.018451999999999913e+00 2.326498000000000108e-02 -6.409571999999999665e-03 0.000000000000000000e+00 1.183132999999999928e-02 0.000000000000000000e+00 1.297064000000000029e-02 1.143365000000000180e-02
2.024640999999999913e+00 2.306669000000000080e-02 -6.332393999999999870e-03 0.000000000000000000e+00 1.174168000000000087e-02 0.000000000000000000e+00 1.285607000000000069e-02 1.132500999999999994e-02
2.030829000000000217e+00 2.287733999999999948e-02 -6.256190000000000015e-03 0.000000000000000000e+00 1.165272000000000009e-02 0.000000000000000000e+00 1.274221000000000034e-02 1.122461999999999939e-02
2.037018000000000217e+00 2.268786999999999887e-02 -6.180037000000000204e-03 0.000000000000000000e+00 1.156382000000000070e-02 0.000000000000000000e+00 1.262836999999999987e-02 1.112404999999999818e-02
2.043207000000000217e+00 2.249794000000000099e-02 -6.103507999999999677e-03 0.000000000000000000e+00 1.147476000000000051e-02 0.000000000000000000e+00 1.251476999999999971e-02 1.102318000000000048e-02
2.049396000000000218e+00 2.230731999999999854e-02 -6.026412000000000088e-03 0.000000000000000000e+00 1.138545000000000008e-02 0.000000000000000000e+00 1.240150999999999927e-02 1.092186999999999845e-02
2.055584000000000078e+00 2.211824999999999902e-02 -5.949007000000000080e-03 0.000000000000000000e+00 1.129730999999999964e-02 0.000000000000000000e+00 1.229027000000000071e-02 1.082093999999999938e-02
2.061773000000000078e+00 2.193509999999999904e-02 -5.871160000000000267e-03 0.000000000000000000e+00 1.121216000000000053e-02 0.000000000000000000e+00 1.218457000000000047e-02 1.072293999999999851e-02
2.067962000000000078e+00 2.175231000000000040e-02 -5.793399000000000292e-03 0.000000000000000000e+00 1.112687000000000051e-02 0.000000000000000000e+00 1.207862999999999992e-02 1.062543999999999988e-02
2.074151000000000078e+00 2.156951999999999828e-02 -5.715636999999999975e-03 0.000000000000000000e+00 1.104158000000000049e-02 0.000000000000000000e+00 1.197269999999999932e-02 1.052793999999999779e-02
2.080338999999999938e+00 2.138589000000000115e-02 -5.637676000000000319e-03 0.000000000000000000e+00 1.095661000000000031e-02 0.000000000000000000e+00 1.186732000000000065e-02 1.042928000000000084e-02
2.086527999999999938e+00 2.120429000000000064e-02 -5.559866999999999587e-03 0.000000000000000000e+00 1.087202999999999954e-02 0.000000000000000000e+00 1.176442999999999933e-02 1.033226000000000110e-02
2.092716999999999938e+00 2.103247000000000103e-02 -5.482940000000000383e-03 0.000000000000000000e+00 1.078877999999999955e-02 0.000000000000000000e+00 1.167171000000000007e-02 1.024369000000000147e-02
2.098905999999999938e+00 2.086065999999999962e-02 -5.406013000000000311e-03 0.000000000000000000e+00 1.070553999999999950e-02 0.000000000000000000e+00 1.157899000000000081e-02 1.015512000000000012e-02
2.105093999999999799e+00 2.068847999999999868e-02 -5.328877999999999567e-03 0.000000000000000000e+00 1.062244000000000035e-02 0.000000000000000000e+00 1.148651000000000012e-02 1.006603999999999832e-02
2.111282999999999799e+00 2.051642999999999870e-02 -5.251814999999999956e-03 0.000000000000000000e+00 1.053929999999999971e-02 0.000000000000000000e+00 1.139393999999999997e-02 9.977129999999998985e-03
2.117471999999999799e+00 2.034466999999999873e-02 -5.175128999999999667e-03 0.000000000000000000e+00 1.045598000000000014e-02 0.000000000000000000e+00 1.130070000000000033e-02 9.888689999999998592e-03
2.123660999999999799e+00 2.017427000000000109e-02 -5.100177000000000009e-03 0.000000000000000000e+00 1.037189999999999987e-02 0.000000000000000000e+00 1.120433000000000019e-02 9.802370000000001221e-03
2.129849000000000103e+00 2.000404000000000071e-02 -5.025031000000000116e-03 0.000000000000000000e+00 1.028804999999999997e-02 0.000000000000000000e+00 1.110791000000000035e-02 9.715990000000000737e-03
2.136038000000000103e+00 1.983379999999999865e-02 -4.949883999999999881e-03 0.000000000000000000e+00 1.020420000000000008e-02 0.000000000000000000e+00 1.101148000000000057e-02 9.629599999999998577e-03
2.142227000000000103e+00 1.966356999999999827e-02 -4.874737999999999988e-03 0.000000000000000000e+00 1.012035000000000018e-02 0.000000000000000000e+00 1.091506000000000073e-02 9.543219999999998093e-03
2.148416000000000103e+00 1.950191999999999898e-02 -4.801665999999999573e-03 0.000000000000000000e+00 1.003940000000000041e-02 0.000000000000000000e+00 1.082615999999999960e-02 9.462519999999998571e-03
2.154603999999999964e+00 1.934647999999999923e-02 -4.730441000000000160e-03 0.000000000000000000e+00 9.960673999999999223e-03 0.000000000000000000e+00 1.074173999999999962e-02 9.385806000000000010e-03
2.160792999999999964e+00 1.919196000000000096e-02 -4.660039000000000368e-03 0.000000000000000000e+00 9.882113999999999135e-03 0.000000000000000000e+00 1.065698999999999987e-02 9.309846000000001828e-03
2.166981999999999964e+00 1.903745000000000090e-02 -4.589636999999999710e-03 0.000000000000000000e+00 9.803554000000000782e-03 0.000000000000000000e+00 1.057224000000000011e-02 9.233896000000000118e-03
2.173170999999999964e+00 1.888756999999999936e-02 -4.519897999999999624e-03 0.000000000000000000e+00 9.726175000000000098e-03 0.000000000000000000e+00 1.049204999999999929e-02 9.161394999999999261e-03
2.179358999999999824e+00 1.874610999999999986e-02 -4.451511000000000010e-03 0.000000000000000000e+00 9.650283000000000819e-03 0.000000000000000000e+00 1.042013999999999961e-02 9.095826999999999038e-03
2.185547999999999824e+00 1.860472999999999988e-02 -4.383184000000000038e-03 0.000000000000000000e+00 9.574347999999999886e-03 0.000000000000000000e+00 1.034821999999999999e-02 9.030381999999999992e-03
2.191736999999999824e+00 1.846327000000000038e-02 -4.314797999999999897e-03 0.000000000000000000e+00 9.498457000000000081e-03 0.000000000000000000e+00 1.027631000000000031e-02 8.964813000000000295e-03
2.197925999999999824e+00 1.832167000000000170e-02 -4.246302999999999883e-03 0.000000000000000000e+00 9.422649999999999429e-03 0.000000000000000000e+00 1.020442000000000050e-02 8.899020000000002276e-03
2.204114000000000129e+00 1.818115999999999829e-02 -4.180114999999999872e-03 0.000000000000000000e+00 9.347848000000000615e-03 0.000000000000000000e+00 1.013923000000000081e-02 8.833311999999997680e-03
2.210303000000000129e+00 1.804069000000000159e-02 -4.114033999999999920e-03 0.000000000000000000e+00 9.273094000000000822e-03 0.000000000000000000e+00 1.007435999999999922e-02 8.767596000000000764e-03
2.216492000000000129e+00 1.790028999999999926e-02 -4.047911000000000391e-03 0.000000000000000000e+00 9.198259999999999770e-03 0.000000000000000000e+00 1.000956000000000068e-02 8.702029999999999488e-03
2.222681000000000129e+00 1.775991000000000028e-02 -3.981776999999999712e-03 0.000000000000000000e+00 9.123404999999999362e-03 0.000000000000000000e+00 9.944770999999999819e-03 8.636505000000000917e-03
2.228868999999999989e+00 1.762121000000000173e-02 -3.916428999999999917e-03 0.000000000000000000e+00 9.049932999999999589e-03 0.000000000000000000e+00 9.880750000000000643e-03 8.571277000000002144e-03
2.235057999999999989e+00 1.748486999999999958e-02 -3.852186999999999972e-03 0.000000000000000000e+00 8.978411000000000378e-03 0.000000000000000000e+00 9.817799000000000317e-03 8.506458999999999201e-03
2.241246999999999989e+00 1.734872999999999971e-02 -3.787814000000000025e-03 0.000000000000000000e+00 8.906574999999999909e-03 0.000000000000000000e+00 9.754989000000000368e-03 8.442154999999999798e-03
2.247435999999999989e+00 1.721258999999999983e-02 -3.723438999999999829e-03 0.000000000000000000e+00 8.834734999999999810e-03 0.000000000000000000e+00 9.692183000000000048e-03 8.377855000000000024e-03
2.253623999999999850e+00 1.707637000000000044e-02 -3.659117999999999832e-03 0.000000000000000000e+00 8.763022000000000519e-03 0.000000000000000000e+00 9.629316000000000611e-03 8.313347999999999918e-03
2.259812999999999850e+00 1.694760999999999837e-02 -3.595398999999999991e-03 0.000000000000000000e+00 8.693209999999999826e-03 0.000000000000000000e+00 9.571747000000000241e-03 8.254399999999998544e-03
2.266001999999999850e+00 1.682169999999999846e-02 -3.531626999999999857e-03 0.000000000000000000e+00 8.623699999999999768e-03 0.000000000000000000e+00 9.516065000000000634e-03 8.197999999999998691e-03
2.272190999999999850e+00 1.669578999999999855e-02 -3.467856000000000063e-03 0.000000000000000000e+00 8.554189000000000237e-03 0.000000000000000000e+00 9.460381000000000346e-03 8.141600999999998312e-03
2.278379999999999850e+00 1.656882000000000146e-02 -3.402997999999999960e-03 0.000000000000000000e+00 8.484475000000000003e-03 0.000000000000000000e+00 9.405019000000000573e-03 8.084345000000001460e-03
2.284568000000000154e+00 1.644220000000000056e-02 -3.337842000000000153e-03 0.000000000000000000e+00 8.414661999999999836e-03 0.000000000000000000e+00 9.350222999999999521e-03 8.027538000000000729e-03
2.290757000000000154e+00 1.632540000000000033e-02 -3.273344999999999987e-03 0.000000000000000000e+00 8.346621999999999722e-03 0.000000000000000000e+00 9.308185999999999544e-03 7.978778000000000606e-03
2.296946000000000154e+00 1.620838000000000140e-02 -3.208846000000000007e-03 0.000000000000000000e+00 8.278660000000000185e-03 0.000000000000000000e+00 9.266052999999999790e-03 7.929720000000001212e-03
2.303135000000000154e+00 1.609137000000000067e-02 -3.144347000000000027e-03 0.000000000000000000e+00 8.210696999999999440e-03 0.000000000000000000e+00 9.223914999999999198e-03 7.880673000000001233e-03
2.309323000000000015e+00 1.597466999999999984e-02 -3.079851000000000203e-03 0.000000000000000000e+00 8.142618000000000772e-03 0.000000000000000000e+00 9.181929999999999606e-03 7.832051999999999070e-03
2.315512000000000015e+00 1.586043999999999995e-02 -3.015424999999999963e-03 0.000000000000000000e+00 8.074888000000000551e-03 0.000000000000000000e+00 9.141790999999999806e-03 7.785551999999999404e-03
2.321701000000000015e+00 1.575253999999999890e-02 -2.951195000000000207e-03 0.000000000000000000e+00 8.008612000000000022e-03 0.000000000000000000e+00 9.106737000000000165e-03 7.743927999999998882e-03
2.327890000000000015e+00 1.564455000000000012e-02 -2.886942999999999888e-03 0.000000000000000000e+00 7.942344999999999960e-03 0.000000000000000000e+00 9.071663000000000643e-03 7.702205000000000162e-03
2.334077999999999875e+00 1.553660999999999931e-02 -2.822704000000000098e-03 0.000000000000000000e+00 7.876073000000000796e-03 0.000000000000000000e+00 9.036601999999999482e-03 7.660536999999998514e-03
2.340266999999999875e+00 1.542889000000000066e-02 -2.758513000000000197e-03 0.000000000000000000e+00 7.809779000000000200e-03 0.000000000000000000e+00 9.001584999999999448e-03 7.619111000000000460e-03
2.346455999999999875e+00 1.532393999999999944e-02 -2.694273999999999974e-03 0.000000000000000000e+00 7.744500999999999989e-03 0.000000000000000000e+00 8.968132999999999661e-03 7.579438999999999448e-03
2.352644999999999875e+00 1.522239000000000057e-02 -2.629974000000000200e-03 0.000000000000000000e+00 7.680479999999999946e-03 0.000000000000000000e+00 8.936608000000000399e-03 7.541910000000000627e-03
2.358833000000000180e+00 1.512124999999999928e-02 -2.565654000000000112e-03 0.000000000000000000e+00 7.616458000000000429e-03 0.000000000000000000e+00 8.905006000000000033e-03 7.504791999999998846e-03
2.365022000000000180e+00 1.502029000000000038e-02 -2.501325999999999897e-03 0.000000000000000000e+00 7.552436000000000045e-03 0.000000000000000000e+00 8.873371999999999163e-03 7.467854000000000332e-03
2.371211000000000180e+00 1.491897000000000015e-02 -2.437014999999999841e-03 0.000000000000000000e+00 7.488413999999999661e-03 0.000000000000000000e+00 8.841803000000000509e-03 7.430556000000000487e-03
2.377400000000000180e+00 1.482082000000000017e-02 -2.372252999999999949e-03 0.000000000000000000e+00 7.426084999999999804e-03 0.000000000000000000e+00 8.813124999999999779e-03 7.394735000000000370e-03
2.383589000000000180e+00 1.472476999999999987e-02 -2.307224999999999988e-03 0.000000000000000000e+00 7.364593000000000007e-03 0.000000000000000000e+00 8.785882999999999540e-03 7.360176999999999865e-03
2.389777000000000040e+00 1.462891000000000018e-02 -2.242182000000000116e-03 0.000000000000000000e+00 7.303081000000000329e-03 0.000000000000000000e+00 8.758616999999999791e-03 7.325828999999999848e-03
2.395966000000000040e+00 1.453306000000000042e-02 -2.177140000000000152e-03 0.000000000000000000e+00 7.241570000000000125e-03 0.000000000000000000e+00 8.731350000000000569e-03 7.291490000000000297e-03
2.402155000000000040e+00 1.443714999999999929e-02 -2.112101999999999816e-03 0.000000000000000000e+00 7.180063999999999891e-03 0.000000000000000000e+00 8.704092000000000079e-03 7.257085999999999398e-03
2.408344000000000040e+00 1.434998000000000003e-02 -2.046762000000000147e-03 0.000000000000000000e+00 7.121831999999999815e-03 0.000000000000000000e+00 8.682283000000000708e-03 7.228148000000000212e-03
2.414531999999999901e+00 1.426435000000000029e-02 -1.982246999999999915e-03 0.000000000000000000e+00 7.064093999999999929e-03 0.000000000000000000e+00 8.661000000000000296e-03 7.200256000000000364e-03
2.420720999999999901e+00 1.417872000000000056e-02 -1.917731999999999900e-03 0.000000000000000000e+00 7.006356000000000042e-03 0.000000000000000000e+00 8.639717999999999357e-03 7.172364000000000517e-03
2.426909999999999901e+00 1.409309000000000082e-02 -1.853217000000000102e-03 0.000000000000000000e+00 6.948616999999999815e-03 0.000000000000000000e+00 8.618436999999999626e-03 7.144473000000001010e-03
2.433098999999999901e+00 1.401042000000000086e-02 -1.788429999999999924e-03 0.000000000000000000e+00 6.891442000000000227e-03 0.000000000000000000e+00 8.599521000000000595e-03 7.118978000000000632e-03
2.439287000000000205e+00 1.393591999999999921e-02 -1.723682999999999943e-03 0.000000000000000000e+00 6.836308999999999615e-03 0.000000000000000000e+00 8.586999999999999147e-03 7.099610999999999596e-03
2.445476000000000205e+00 1.386136999999999959e-02 -1.659096000000000095e-03 0.000000000000000000e+00 6.781197999999999566e-03 0.000000000000000000e+00 8.574355999999999992e-03 7.080172000000000028e-03
2.451665000000000205e+00 1.378683999999999986e-02 -1.594488999999999932e-03 0.000000000000000000e+00 6.726084000000000229e-03 0.000000000000000000e+00 8.561729000000000561e-03 7.060755999999999630e-03
2.457854000000000205e+00 1.371237999999999971e-02 -1.529554000000000026e-03 0.000000000000000000e+00 6.670925999999999766e-03 0.000000000000000000e+00 8.549350000000000699e-03 7.041453999999999942e-03
2.464042000000000066e+00 1.364619000000000075e-02 -1.464168999999999974e-03 0.000000000000000000e+00 6.616892000000000086e-03 0.000000000000000000e+00 8.542611999999999775e-03 7.029298000000000664e-03
2.470231000000000066e+00 1.358362999999999932e-02 -1.398584999999999932e-03 0.000000000000000000e+00 6.563351000000000254e-03 0.000000000000000000e+00 8.538350000000000106e-03 7.020278999999999062e-03
2.476420000000000066e+00 1.352096000000000027e-02 -1.333107000000000042e-03 0.000000000000000000e+00 6.509828999999999963e-03 0.000000000000000000e+00 8.534003999999999548e-03 7.011131000000000307e-03
2.482609000000000066e+00 1.345854999999999968e-02 -1.267391999999999998e-03 0.000000000000000000e+00 6.456266999999999909e-03 0.000000000000000000e+00 8.529843999999999968e-03 7.002282999999999771e-03
2.488796999999999926e+00 1.340031000000000035e-02 -1.201353000000000056e-03 0.000000000000000000e+00 6.403235000000000177e-03 0.000000000000000000e+00 8.526043999999999984e-03 6.997075000000000169e-03
2.494985999999999926e+00 1.335339999999999964e-02 -1.134430999999999981e-03 0.000000000000000000e+00 6.351647000000000196e-03 0.000000000000000000e+00 8.523222000000000437e-03 7.001752999999999449e-03
2.501174999999999926e+00 1.330689000000000004e-02 -1.067234000000000021e-03 0.000000000000000000e+00 6.300051000000000088e-03 0.000000000000000000e+00 8.520514999999999339e-03 7.006838999999999949e-03
2.507363999999999926e+00 1.326042000000000019e-02 -1.000007000000000023e-03 0.000000000000000000e+00 6.248453999999999640e-03 0.000000000000000000e+00 8.517817999999999917e-03 7.011966000000000553e-03
2.513551999999999786e+00 1.321371000000000004e-02 -9.329477999999999990e-04 0.000000000000000000e+00 6.196862000000000030e-03 0.000000000000000000e+00 8.515052999999999858e-03 7.016848000000000009e-03
2.519740999999999786e+00 1.318596000000000004e-02 -8.639359000000000101e-04 0.000000000000000000e+00 6.148377000000000009e-03 0.000000000000000000e+00 8.511941999999999772e-03 7.037583000000000033e-03
2.525929999999999787e+00 1.315877000000000019e-02 -7.945175999999999975e-04 0.000000000000000000e+00 6.099976000000000009e-03 0.000000000000000000e+00 8.508787999999999768e-03 7.058794000000000179e-03
2.532118999999999787e+00 1.313160000000000022e-02 -7.250851000000000214e-04 0.000000000000000000e+00 6.051576999999999824e-03 0.000000000000000000e+00 8.505634999999999238e-03 7.080023000000000392e-03
2.538307000000000091e+00 1.310419999999999988e-02 -6.558215999999999959e-04 0.000000000000000000e+00 6.003144999999999662e-03 0.000000000000000000e+00 8.502498000000000694e-03 7.101055000000000214e-03
2.544496000000000091e+00 1.309665999999999955e-02 -5.833509999999999650e-04 0.000000000000000000e+00 5.957236999999999776e-03 0.000000000000000000e+00 8.502271999999999955e-03 7.139422999999999776e-03
2.550685000000000091e+00 1.309161000000000005e-02 -5.103059999999999758e-04 0.000000000000000000e+00 5.911612999999999590e-03 0.000000000000000000e+00 8.502466999999999664e-03 7.179997000000000462e-03
2.556874000000000091e+00 1.308655000000000061e-02 -4.372611000000000206e-04 0.000000000000000000e+00 5.865987999999999931e-03 0.000000000000000000e+00 8.502660000000000426e-03 7.220562000000000681e-03
2.563061999999999951e+00 1.308144999999999968e-02 -3.640391000000000091e-04 0.000000000000000000e+00 5.820338999999999895e-03 0.000000000000000000e+00 8.502779999999999713e-03 7.261110999999999781e-03
2.569250999999999951e+00 1.310155000000000000e-02 -2.871211000000000249e-04 0.000000000000000000e+00 5.777194999999999726e-03 0.000000000000000000e+00 8.508618000000000778e-03 7.324355000000000275e-03
2.575439999999999952e+00 1.312162000000000051e-02 -2.102020999999999978e-04 0.000000000000000000e+00 5.734045999999999588e-03 0.000000000000000000e+00 8.514446000000000167e-03 7.387574000000000918e-03
2.581628999999999952e+00 1.314168999999999927e-02 -1.332832000000000049e-04 0.000000000000000000e+00 5.690895999999999975e-03 0.000000000000000000e+00 8.520275000000000765e-03 7.450793999999999299e-03
2.587816999999999812e+00 1.316985000000000031e-02 -5.557657999999999772e-05 0.000000000000000000e+00 5.648697000000000266e-03 0.000000000000000000e+00 8.527974000000000665e-03 7.521153000000000040e-03
2.594005999999999812e+00 1.321482000000000039e-02 2.384637000000000052e-05 0.000000000000000000e+00 5.608331000000000253e-03 0.000000000000000000e+00 8.539461999999999400e-03 7.606489000000000132e-03
2.600194999999999812e+00 1.325957999999999998e-02 1.032450000000000051e-04 0.000000000000000000e+00 5.567922999999999796e-03 0.000000000000000000e+00 8.550907999999999426e-03 7.691657000000000181e-03
2.606383999999999812e+00 1.330493999999999948e-02 1.827133000000000045e-04 0.000000000000000000e+00 5.527637000000000175e-03 0.000000000000000000e+00 8.562480000000000785e-03 7.777302999999999300e-03
2.612572000000000116e+00 1.336876000000000037e-02 2.637267999999999904e-04 0.000000000000000000e+00 5.489036000000000089e-03 0.000000000000000000e+00 8.579043999999999212e-03 7.879724000000001144e-03
2.618761000000000116e+00 1.343655000000000023e-02 3.450401999999999766e-04 0.000000000000000000e+00 5.450751999999999681e-03 0.000000000000000000e+00 8.596641999999999825e-03 7.985798000000000549e-03
2.624950000000000117e+00 1.350463000000000011e-02 4.264019999999999876e-04 0.000000000000000000e+00 5.412522999999999813e-03 0.000000000000000000e+00 8.614356999999999570e-03 8.092107000000001160e-03
2.631139000000000117e+00 1.358394999999999915e-02 5.089365999999999682e-04 0.000000000000000000e+00 5.375198999999999776e-03 0.000000000000000000e+00 8.635856000000000782e-03 8.208751000000000242e-03
2.637326999999999977e+00 1.367290999999999992e-02 5.924685000000000281e-04 0.000000000000000000e+00 5.338611000000000051e-03 0.000000000000000000e+00 8.660558999999999966e-03 8.334298999999999874e-03
2.643515999999999977e+00 1.376194000000000028e-02 6.760064999999999998e-04 0.000000000000000000e+00 5.302053000000000148e-03 0.000000000000000000e+00 8.685319999999999846e-03 8.459886999999999269e-03
2.649704999999999977e+00 1.386158000000000008e-02 7.601255000000000121e-04 0.000000000000000000e+00 5.266258999999999697e-03 0.000000000000000000e+00 8.713277000000000175e-03 8.595320999999999517e-03
2.655893999999999977e+00 1.397306000000000069e-02 8.448959000000000026e-04 0.000000000000000000e+00 5.231312999999999588e-03 0.000000000000000000e+00 8.744803000000000645e-03 8.741747000000001100e-03
2.662081999999999837e+00 1.408455999999999944e-02 9.296709000000000439e-04 0.000000000000000000e+00 5.196380999999999917e-03 0.000000000000000000e+00 8.776351999999999418e-03 8.888178999999999524e-03
2.668270999999999837e+00 1.421092000000000015e-02 1.015913000000000016e-03 0.000000000000000000e+00 5.162548999999999784e-03 0.000000000000000000e+00 8.810461000000000334e-03 9.048370999999999498e-03
2.674459999999999837e+00 1.434630999999999927e-02 1.103082999999999928e-03 0.000000000000000000e+00 5.129434999999999897e-03 0.000000000000000000e+00 8.846273999999999457e-03 9.216874999999999374e-03
2.680648999999999837e+00 1.448154999999999928e-02 1.190213999999999986e-03 0.000000000000000000e+00 5.096279999999999907e-03 0.000000000000000000e+00 8.881962000000000190e-03 9.385269999999999377e-03
2.686837000000000142e+00 1.464089000000000015e-02 1.278049999999999976e-03 0.000000000000000000e+00 5.063894999999999681e-03 0.000000000000000000e+00 8.921458000000000166e-03 9.576995000000001340e-03
2.693026000000000142e+00 1.480059000000000062e-02 1.365918999999999944e-03 0.000000000000000000e+00 5.031535000000000174e-03 0.000000000000000000e+00 8.961036000000000348e-03 9.769055000000000447e-03
2.699215000000000142e+00 1.497293000000000061e-02 1.454884000000000038e-03 0.000000000000000000e+00 4.999560999999999589e-03 0.000000000000000000e+00 9.001732999999999610e-03 9.973369000000001025e-03
2.705404000000000142e+00 1.515563999999999974e-02 1.544720999999999985e-03 0.000000000000000000e+00 4.967924000000000298e-03 0.000000000000000000e+00 9.043231000000000533e-03 1.018771599999999944e-02
2.711593000000000142e+00 1.534532000000000083e-02 1.634367999999999975e-03 0.000000000000000000e+00 4.936234999999999755e-03 0.000000000000000000e+00 9.085314000000000584e-03 1.040908500000000195e-02
2.717781000000000002e+00 1.554975999999999928e-02 1.723469000000000043e-03 0.000000000000000000e+00 4.904473999999999813e-03 0.000000000000000000e+00 9.128202999999999664e-03 1.064528600000000033e-02
2.723970000000000002e+00 1.575974999999999945e-02 1.812517000000000034e-03 0.000000000000000000e+00 4.872727999999999782e-03 0.000000000000000000e+00 9.170940000000000689e-03 1.088702199999999967e-02
2.730159000000000002e+00 1.598383000000000095e-02 1.901130000000000007e-03 0.000000000000000000e+00 4.840988000000000062e-03 0.000000000000000000e+00 9.212826000000000348e-03 1.114284200000000002e-02
2.736348000000000003e+00 1.621589000000000017e-02 1.989022999999999920e-03 0.000000000000000000e+00 4.808795000000000257e-03 0.000000000000000000e+00 9.254425000000000151e-03 1.140709499999999904e-02
2.742535999999999863e+00 1.645925000000000166e-02 2.075754999999999875e-03 0.000000000000000000e+00 4.775902000000000272e-03 0.000000000000000000e+00 9.295404000000000166e-03 1.168334800000000138e-02
2.748724999999999863e+00 1.671486000000000152e-02 2.161669000000000177e-03 0.000000000000000000e+00 4.742332999999999618e-03 0.000000000000000000e+00 9.335627000000000855e-03 1.197252700000000190e-02
2.754913999999999863e+00 1.697800000000000004e-02 2.246850999999999796e-03 0.000000000000000000e+00 4.708373000000000072e-03 0.000000000000000000e+00 9.375569000000000264e-03 1.226962699999999996e-02
2.761102999999999863e+00 1.725693999999999839e-02 2.330569000000000217e-03 0.000000000000000000e+00 4.673629999999999798e-03 0.000000000000000000e+00 9.415873999999999425e-03 1.258330999999999859e-02
2.767291000000000167e+00 1.754506000000000121e-02 2.412931000000000104e-03 0.000000000000000000e+00 4.637610000000000343e-03 0.000000000000000000e+00 9.454739999999999672e-03 1.290745000000000087e-02
2.773480000000000167e+00 1.784035999999999955e-02 2.494123999999999907e-03 0.000000000000000000e+00 4.600477999999999859e-03 0.000000000000000000e+00 9.492130999999999139e-03 1.323988199999999969e-02
2.779669000000000167e+00 1.814485999999999877e-02 2.573919000000000033e-03 0.000000000000000000e+00 4.561869999999999988e-03 0.000000000000000000e+00 9.527143000000000070e-03 1.358298999999999965e-02
2.785858000000000168e+00 1.845756999999999953e-02 2.651480999999999803e-03 0.000000000000000000e+00 4.521474999999999626e-03 0.000000000000000000e+00 9.558518000000000223e-03 1.393609499999999904e-02
2.792046000000000028e+00 1.877650999999999973e-02 2.727203000000000092e-03 0.000000000000000000e+00 4.479501000000000316e-03 0.000000000000000000e+00 9.586802000000000171e-03 1.429700899999999941e-02
2.798235000000000028e+00 1.910210000000000033e-02 2.800931999999999901e-03 0.000000000000000000e+00 4.435787000000000063e-03 0.000000000000000000e+00 9.611596000000000029e-03 1.466631300000000027e-02
2.804424000000000028e+00 1.943512000000000017e-02 2.872364999999999988e-03 0.000000000000000000e+00 4.390093999999999767e-03 0.000000000000000000e+00 9.632013999999999507e-03 1.504502599999999954e-02
2.810613000000000028e+00 1.977622000000000060e-02 2.940287000000000196e-03 0.000000000000000000e+00 4.341555000000000414e-03 0.000000000000000000e+00 9.647641999999999676e-03 1.543466500000000019e-02
2.816802000000000028e+00 2.012407000000000085e-02 3.005391999999999959e-03 0.000000000000000000e+00 4.290345999999999570e-03 0.000000000000000000e+00 9.659779000000000282e-03 1.583372400000000041e-02
2.822989999999999888e+00 2.047857000000000149e-02 3.067321000000000023e-03 0.000000000000000000e+00 4.235972000000000175e-03 0.000000000000000000e+00 9.668579000000000062e-03 1.624259800000000045e-02
2.829178999999999888e+00 2.083917999999999882e-02 3.125821999999999889e-03 0.000000000000000000e+00 4.178031999999999926e-03 0.000000000000000000e+00 9.673953000000000760e-03 1.666114800000000062e-02
2.835367999999999888e+00 2.120522999999999852e-02 3.180648999999999803e-03 0.000000000000000000e+00 4.116189999999999606e-03 0.000000000000000000e+00 9.675592999999999694e-03 1.708903999999999979e-02
2.841556999999999888e+00 2.157641000000000073e-02 3.231136999999999811e-03 0.000000000000000000e+00 4.049783999999999849e-03 0.000000000000000000e+00 9.673282999999999535e-03 1.752662600000000001e-02
2.847745000000000193e+00 2.195267999999999872e-02 3.277023000000000002e-03 0.000000000000000000e+00 3.978497000000000110e-03 0.000000000000000000e+00 9.666340000000000696e-03 1.797418299999999775e-02
2.853934000000000193e+00 2.233467999999999912e-02 3.317557999999999965e-03 0.000000000000000000e+00 3.901657000000000215e-03 0.000000000000000000e+00 9.654443999999999873e-03 1.843302299999999977e-02
2.860123000000000193e+00 2.272381999999999874e-02 3.352678999999999902e-03 0.000000000000000000e+00 3.818871000000000158e-03 0.000000000000000000e+00 9.636656000000000388e-03 1.890494899999999728e-02
2.866312000000000193e+00 2.311865999999999921e-02 3.381566999999999820e-03 0.000000000000000000e+00 3.729820000000000010e-03 0.000000000000000000e+00 9.612175000000000580e-03 1.938883999999999747e-02
2.872500000000000053e+00 2.351848000000000133e-02 3.403927000000000168e-03 0.000000000000000000e+00 3.633964999999999852e-03 0.000000000000000000e+00 9.579891999999999574e-03 1.988451500000000191e-02
2.878689000000000053e+00 2.391967000000000051e-02 3.419131000000000167e-03 0.000000000000000000e+00 3.530936000000000144e-03 0.000000000000000000e+00 9.539152000000000395e-03 2.038873399999999864e-02
2.884878000000000053e+00 2.431894999999999890e-02 3.426788999999999964e-03 0.000000000000000000e+00 3.420242999999999894e-03 0.000000000000000000e+00 9.489495000000000569e-03 2.089870699999999901e-02
2.891067000000000053e+00 2.471235000000000098e-02 3.426386999999999922e-03 0.000000000000000000e+00 3.301524000000000125e-03 0.000000000000000000e+00 9.430958999999999176e-03 2.141082600000000086e-02
2.897254999999999914e+00 2.509627999999999859e-02 3.417486999999999869e-03 0.000000000000000000e+00 3.174541999999999815e-03 0.000000000000000000e+00 9.363394000000000578e-03 2.192173799999999964e-02
2.903443999999999914e+00 2.546584000000000000e-02 3.398943000000000190e-03 0.000000000000000000e+00 3.038480000000000087e-03 0.000000000000000000e+00 9.286281999999999870e-03 2.242736000000000035e-02
2.909632999999999914e+00 2.582053000000000126e-02 3.369140000000000069e-03 0.000000000000000000e+00 2.893494999999999834e-03 0.000000000000000000e+00 9.202125999999999709e-03 2.292703500000000186e-02
2.915821999999999914e+00 2.615556999999999951e-02 3.328573999999999943e-03 0.000000000000000000e+00 2.740050999999999858e-03 0.000000000000000000e+00 9.110101000000000657e-03 2.341551899999999922e-02
2.922010000000000218e+00 2.644824999999999954e-02 3.276853000000000144e-03 0.000000000000000000e+00 2.576358999999999854e-03 0.000000000000000000e+00 9.001251999999999517e-03 2.387189099999999925e-02
2.928199000000000218e+00 2.670080000000000023e-02 3.212497999999999829e-03 0.000000000000000000e+00 2.404045000000000053e-03 0.000000000000000000e+00 8.879097000000000725e-03 2.429675499999999974e-02
2.934388000000000218e+00 2.690284999999999899e-02 3.134191000000000147e-03 0.000000000000000000e+00 2.223507999999999908e-03 0.000000000000000000e+00 8.741598999999999203e-03 2.467934199999999995e-02
2.940577000000000218e+00 2.703704999999999997e-02 3.039880000000000013e-03 0.000000000000000000e+00 2.035546000000000057e-03 0.000000000000000000e+00 8.585219999999999310e-03 2.500150400000000078e-02
2.946765000000000079e+00 2.708317000000000016e-02 2.927154999999999861e-03 0.000000000000000000e+00 1.841076999999999991e-03 0.000000000000000000e+00 8.405755000000000865e-03 2.524209300000000017e-02
2.952954000000000079e+00 2.702484999999999957e-02 2.795760999999999906e-03 0.000000000000000000e+00 1.642533000000000057e-03 0.000000000000000000e+00 8.200781000000000737e-03 2.538231699999999799e-02
2.959143000000000079e+00 2.683324000000000126e-02 2.643444999999999909e-03 0.000000000000000000e+00 1.441454999999999907e-03 0.000000000000000000e+00 7.965022000000000421e-03 2.539178500000000005e-02
2.965332000000000079e+00 2.644909999999999969e-02 2.465736000000000056e-03 0.000000000000000000e+00 1.240397999999999978e-03 0.000000000000000000e+00 7.688007999999999648e-03 2.520870199999999950e-02
2.971519999999999939e+00 2.581272999999999901e-02 2.260455000000000190e-03 0.000000000000000000e+00 1.042455999999999982e-03 0.000000000000000000e+00 7.359768000000000039e-03 2.477027399999999838e-02
2.977708999999999939e+00 2.487699999999999981e-02 2.027875000000000164e-03 0.000000000000000000e+00 8.500976999999999839e-04 0.000000000000000000e+00 6.974842999999999668e-03 2.402690229999999982e-02
2.983897999999999939e+00 2.348170999999999939e-02 1.762558999999999914e-03 0.000000000000000000e+00 6.689733000000000008e-04 0.000000000000000000e+00 6.509033000000000006e-03 2.281273669999999906e-02
2.990086999999999939e+00 2.159134999999999874e-02 1.470397999999999931e-03 0.000000000000000000e+00 5.008455000000000415e-04 0.000000000000000000e+00 5.959528999999999868e-03 2.109050449999999924e-02
2.996274999999999800e+00 1.903097000000000122e-02 1.155495000000000090e-03 0.000000000000000000e+00 3.526045000000000221e-04 0.000000000000000000e+00 5.301371000000000035e-03 1.867836550000000206e-02
3.002463999999999800e+00 1.584079999999999863e-02 8.336660000000000511e-04 0.000000000000000000e+00 2.257880999999999940e-04 0.000000000000000000e+00 4.537623000000000177e-03 1.561501189999999796e-02
3.008652999999999800e+00 1.201437999999999985e-02 5.303632000000000181e-04 0.000000000000000000e+00 1.280820999999999913e-04 0.000000000000000000e+00 3.647548999999999930e-03 1.188629790000000040e-02
3.014841999999999800e+00 7.941800000000000595e-03 2.767790999999999806e-04 0.000000000000000000e+00 5.897809999999999696e-05 0.000000000000000000e+00 2.657332000000000097e-03 7.882821899999999798e-03
3.021030000000000104e+00 4.163230999999999876e-03 1.019619000000000037e-04 0.000000000000000000e+00 1.856630999999999944e-05 0.000000000000000000e+00 1.614907999999999968e-03 4.144664690000000005e-03
3.027219000000000104e+00 1.357762999999999895e-03 1.776768000000000130e-05 0.000000000000000000e+00 2.424397000000000159e-06 0.000000000000000000e+00 6.452610999999999807e-04 1.355338602999999961e-03
3.033408000000000104e+00 6.122741000000000338e-05 6.651060999999999393e-08 0.000000000000000000e+00 5.324849999999999867e-09 0.000000000000000000e+00 3.787612000000000286e-05 6.122208514999999754e-05
