1.000374 2.749698e-05 -1.101949e-08 0.000000e+00 6.425206e-10 0.000000e+00 2.086025e-05
1.004738 1.677377e-03 -8.180407e-06 0.000000e+00 1.828986e-06 0.000000e+00 1.105930e-03
1.009102 5.771691e-03 -5.668398e-05 0.000000e+00 1.712315e-05 0.000000e+00 3.253055e-03
1.013466 1.211688e-02 -1.694113e-04 0.000000e+00 5.998480e-05 0.000000e+00 5.829443e-03
1.017830 2.032297e-02 -3.464153e-04 0.000000e+00 1.375136e-04 0.000000e+00 8.509371e-03
1.022194 2.969640e-02 -5.706169e-04 0.000000e+00 2.512880e-04 0.000000e+00 1.118799e-02
1.026558 3.930097e-02 -8.165023e-04 0.000000e+00 4.000376e-04 0.000000e+00 1.385320e-02
1.030922 4.825700e-02 -1.059241e-03 0.000000e+00 5.837796e-04 0.000000e+00 1.655555e-02
1.035286 5.561186e-02 -1.281007e-03 0.000000e+00 8.074552e-04 0.000000e+00 1.933304e-02
1.039650 6.113505e-02 -1.475298e-03 0.000000e+00 1.068436e-03 0.000000e+00 2.218915e-02
1.044014 6.438509e-02 -1.630992e-03 0.000000e+00 1.375733e-03 0.000000e+00 2.515137e-02
1.048378 6.580845e-02 -1.752338e-03 0.000000e+00 1.725933e-03 0.000000e+00 2.816726e-02
1.052743 6.538768e-02 -1.832152e-03 0.000000e+00 2.128620e-03 0.000000e+00 3.121695e-02
1.057107 6.378889e-02 -1.877164e-03 0.000000e+00 2.576916e-03 0.000000e+00 3.424938e-02
1.061471 6.127575e-02 -1.883102e-03 0.000000e+00 3.075621e-03 0.000000e+00 3.720648e-02
1.065835 5.825564e-02 -1.857572e-03 0.000000e+00 3.622752e-03 0.000000e+00 4.004717e-02
1.070199 5.504649e-02 -1.806255e-03 0.000000e+00 4.211305e-03 0.000000e+00 4.274040e-02
1.074563 5.182778e-02 -1.733707e-03 0.000000e+00 4.838425e-03 0.000000e+00 4.526473e-02
1.078927 4.878072e-02 -1.648177e-03 0.000000e+00 5.503124e-03 0.000000e+00 4.755631e-02
1.083291 4.596661e-02 -1.561032e-03 0.000000e+00 6.198063e-03 0.000000e+00 4.963337e-02
1.087655 4.345171e-02 -1.480859e-03 0.000000e+00 6.919491e-03 0.000000e+00 5.148218e-02
1.092019 4.121472e-02 -1.411410e-03 0.000000e+00 7.661778e-03 0.000000e+00 5.310926e-02
1.096383 3.923860e-02 -1.356596e-03 0.000000e+00 8.417996e-03 0.000000e+00 5.451583e-02
1.100747 3.752052e-02 -1.322881e-03 0.000000e+00 9.185860e-03 0.000000e+00 5.570459e-02
1.105111 3.603340e-02 -1.313410e-03 0.000000e+00 9.962697e-03 0.000000e+00 5.668620e-02
1.109475 3.475406e-02 -1.330094e-03 0.000000e+00 1.074261e-02 0.000000e+00 5.746972e-02
1.113840 3.365267e-02 -1.373508e-03 0.000000e+00 1.152318e-02 0.000000e+00 5.807091e-02
1.118204 3.270121e-02 -1.442715e-03 0.000000e+00 1.230100e-02 0.000000e+00 5.850557e-02
1.122568 3.186884e-02 -1.535117e-03 0.000000e+00 1.307319e-02 0.000000e+00 5.879070e-02
1.126932 3.114645e-02 -1.650444e-03 0.000000e+00 1.383788e-02 0.000000e+00 5.893947e-02
1.131296 3.052163e-02 -1.787172e-03 0.000000e+00 1.459291e-02 0.000000e+00 5.896578e-02
1.135660 2.999158e-02 -1.944858e-03 0.000000e+00 1.533728e-02 0.000000e+00 5.888223e-02
1.140024 2.953340e-02 -2.120435e-03 0.000000e+00 1.607055e-02 0.000000e+00 5.869624e-02
1.144388 2.914649e-02 -2.312789e-03 0.000000e+00 1.678676e-02 0.000000e+00 5.840940e-02
1.148752 2.879321e-02 -2.514389e-03 0.000000e+00 1.748859e-02 0.000000e+00 5.805302e-02
1.153116 2.848064e-02 -2.725742e-03 0.000000e+00 1.817660e-02 0.000000e+00 5.763498e-02
1.157480 2.822235e-02 -2.947050e-03 0.000000e+00 1.885142e-02 0.000000e+00 5.716486e-02
1.161844 2.801157e-02 -3.176657e-03 0.000000e+00 1.950385e-02 0.000000e+00 5.663229e-02
1.166209 2.781445e-02 -3.409787e-03 0.000000e+00 2.014120e-02 0.000000e+00 5.606225e-02
1.170573 2.764711e-02 -3.646758e-03 0.000000e+00 2.076484e-02 0.000000e+00 5.546445e-02
1.174937 2.751955e-02 -3.886899e-03 0.000000e+00 2.136967e-02 0.000000e+00 5.483750e-02
1.179301 2.740997e-02 -4.128497e-03 0.000000e+00 2.195487e-02 0.000000e+00 5.418491e-02
1.183665 2.731625e-02 -4.370644e-03 0.000000e+00 2.252728e-02 0.000000e+00 5.351983e-02
1.188029 2.725631e-02 -4.612027e-03 0.000000e+00 2.307989e-02 0.000000e+00 5.284191e-02
1.192393 2.720702e-02 -4.852502e-03 0.000000e+00 2.361339e-02 0.000000e+00 5.215250e-02
1.196757 2.717328e-02 -5.091763e-03 0.000000e+00 2.413571e-02 0.000000e+00 5.145958e-02
1.201121 2.716669e-02 -5.327463e-03 0.000000e+00 2.463357e-02 0.000000e+00 5.076199e-02
1.205485 2.716094e-02 -5.562357e-03 0.000000e+00 2.511879e-02 0.000000e+00 5.006228e-02
1.209849 2.717748e-02 -5.792447e-03 0.000000e+00 2.558739e-02 0.000000e+00 4.936703e-02
1.214213 2.720391e-02 -6.019678e-03 0.000000e+00 2.603621e-02 0.000000e+00 4.867678e-02
1.218577 2.723779e-02 -6.244807e-03 0.000000e+00 2.647847e-02 0.000000e+00 4.799003e-02
1.222942 2.728775e-02 -6.462631e-03 0.000000e+00 2.689103e-02 0.000000e+00 4.731815e-02
1.227306 2.733846e-02 -6.680144e-03 0.000000e+00 2.730041e-02 0.000000e+00 4.664791e-02
1.231670 2.740291e-02 -6.889635e-03 0.000000e+00 2.768244e-02 0.000000e+00 4.599748e-02
1.236034 2.746738e-02 -7.099316e-03 0.000000e+00 2.806182e-02 0.000000e+00 4.534865e-02
1.240398 2.754300e-02 -7.300084e-03 0.000000e+00 2.841197e-02 0.000000e+00 4.472738e-02
1.244762 2.761845e-02 -7.501096e-03 0.000000e+00 2.876223e-02 0.000000e+00 4.410583e-02
1.249126 2.770154e-02 -7.693967e-03 0.000000e+00 2.908146e-02 0.000000e+00 4.351601e-02
1.253490 2.778551e-02 -7.884649e-03 0.000000e+00 2.939836e-02 0.000000e+00 4.292963e-02
1.257854 2.787206e-02 -8.072048e-03 0.000000e+00 2.969386e-02 0.000000e+00 4.236517e-02
1.262218 2.795917e-02 -8.252720e-03 0.000000e+00 2.997694e-02 0.000000e+00 4.181543e-02
1.266582 2.804793e-02 -8.434127e-03 0.000000e+00 3.025193e-02 0.000000e+00 4.127446e-02
1.270946 2.813575e-02 -8.606365e-03 0.000000e+00 3.050242e-02 0.000000e+00 4.076171e-02
1.275310 2.822395e-02 -8.779068e-03 0.000000e+00 3.075325e-02 0.000000e+00 4.024865e-02
1.279674 2.831387e-02 -8.944935e-03 0.000000e+00 3.097839e-02 0.000000e+00 3.976653e-02
1.284039 2.840101e-02 -9.106383e-03 0.000000e+00 3.119517e-02 0.000000e+00 3.929228e-02
1.288403 2.849107e-02 -9.268082e-03 0.000000e+00 3.140768e-02 0.000000e+00 3.882571e-02
1.292767 2.857947e-02 -9.420172e-03 0.000000e+00 3.159316e-02 0.000000e+00 3.839137e-02
1.297131 2.866653e-02 -9.571447e-03 0.000000e+00 3.177767e-02 0.000000e+00 3.795703e-02
1.301495 2.875710e-02 -9.719788e-03 0.000000e+00 3.195000e-02 0.000000e+00 3.754216e-02
1.305859 2.884426e-02 -9.860652e-03 0.000000e+00 3.210323e-02 0.000000e+00 3.714892e-02
1.310223 2.893187e-02 -1.000178e-02 0.000000e+00 3.225689e-02 0.000000e+00 3.675560e-02
1.314587 2.902132e-02 -1.013716e-02 0.000000e+00 3.239282e-02 0.000000e+00 3.638826e-02
1.318951 2.910830e-02 -1.026700e-02 0.000000e+00 3.251512e-02 0.000000e+00 3.603524e-02
1.323315 2.919605e-02 -1.039751e-02 0.000000e+00 3.263862e-02 0.000000e+00 3.568195e-02
1.327679 2.928372e-02 -1.052095e-02 0.000000e+00 3.274255e-02 0.000000e+00 3.535647e-02
1.332043 2.936999e-02 -1.063967e-02 0.000000e+00 3.283633e-02 0.000000e+00 3.504105e-02
1.336407 2.945664e-02 -1.075922e-02 0.000000e+00 3.293132e-02 0.000000e+00 3.472538e-02
1.340771 2.954168e-02 -1.087182e-02 0.000000e+00 3.300758e-02 0.000000e+00 3.443496e-02
1.345136 2.962591e-02 -1.097970e-02 0.000000e+00 3.307447e-02 0.000000e+00 3.415253e-02
1.349500 2.971018e-02 -1.108832e-02 0.000000e+00 3.314235e-02 0.000000e+00 3.387014e-02
1.353864 2.979153e-02 -1.119172e-02 0.000000e+00 3.319438e-02 0.000000e+00 3.360808e-02
1.358228 2.987194e-02 -1.129027e-02 0.000000e+00 3.323583e-02 0.000000e+00 3.335325e-02
1.362592 2.995229e-02 -1.138919e-02 0.000000e+00 3.327786e-02 0.000000e+00 3.309867e-02
1.366956 3.002898e-02 -1.148500e-02 0.000000e+00 3.330849e-02 0.000000e+00 3.286013e-02
1.371320 3.010373e-02 -1.157571e-02 0.000000e+00 3.332603e-02 0.000000e+00 3.262979e-02
1.375684 3.017849e-02 -1.166643e-02 0.000000e+00 3.334358e-02 0.000000e+00 3.239946e-02
1.380048 3.024983e-02 -1.175529e-02 0.000000e+00 3.335492e-02 0.000000e+00 3.218034e-02
1.384412 3.031692e-02 -1.183842e-02 0.000000e+00 3.335088e-02 0.000000e+00 3.197152e-02
1.388776 3.038395e-02 -1.192140e-02 0.000000e+00 3.334647e-02 0.000000e+00 3.176256e-02
1.393140 3.044976e-02 -1.200329e-02 0.000000e+00 3.333963e-02 0.000000e+00 3.155997e-02
1.397504 3.051029e-02 -1.207882e-02 0.000000e+00 3.331667e-02 0.000000e+00 3.137067e-02
1.401868 3.057048e-02 -1.215407e-02 0.000000e+00 3.329279e-02 0.000000e+00 3.118112e-02
1.406233 3.063109e-02 -1.222920e-02 0.000000e+00 3.326944e-02 0.000000e+00 3.099385e-02
1.410597 3.068726e-02 -1.229701e-02 0.000000e+00 3.323020e-02 0.000000e+00 3.082197e-02
1.414961 3.074255e-02 -1.236436e-02 0.000000e+00 3.318959e-02 0.000000e+00 3.064989e-02
1.419325 3.079875e-02 -1.243218e-02 0.000000e+00 3.315039e-02 0.000000e+00 3.047802e-02
1.423689 3.085089e-02 -1.249346e-02 0.000000e+00 3.309840e-02 0.000000e+00 3.032039e-02
1.428053 3.090128e-02 -1.255358e-02 0.000000e+00 3.304383e-02 0.000000e+00 3.016397e-02
1.432417 3.095233e-02 -1.261400e-02 0.000000e+00 3.298997e-02 0.000000e+00 3.000746e-02
1.436781 3.100002e-02 -1.266915e-02 0.000000e+00 3.292784e-02 0.000000e+00 2.986375e-02
1.441145 3.104488e-02 -1.272175e-02 0.000000e+00 3.286142e-02 0.000000e+00 2.972410e-02
1.445509 3.109002e-02 -1.277452e-02 0.000000e+00 3.279528e-02 0.000000e+00 2.958436e-02
1.449873 3.113367e-02 -1.282377e-02 0.000000e+00 3.272322e-02 0.000000e+00 2.945584e-02
1.454237 3.117467e-02 -1.286989e-02 0.000000e+00 3.264592e-02 0.000000e+00 2.933301e-02
1.458601 3.121572e-02 -1.291605e-02 0.000000e+00 3.256869e-02 0.000000e+00 2.921018e-02
1.462965 3.125617e-02 -1.295913e-02 0.000000e+00 3.248737e-02 0.000000e+00 2.909603e-02
1.467330 3.129474e-02 -1.299887e-02 0.000000e+00 3.240079e-02 0.000000e+00 2.898642e-02
1.471694 3.133333e-02 -1.303863e-02 0.000000e+00 3.231426e-02 0.000000e+00 2.887682e-02
1.476058 3.137060e-02 -1.307576e-02 0.000000e+00 3.222400e-02 0.000000e+00 2.877599e-02
1.480422 3.140642e-02 -1.311043e-02 0.000000e+00 3.212899e-02 0.000000e+00 2.867871e-02
1.484786 3.144226e-02 -1.314515e-02 0.000000e+00 3.203415e-02 0.000000e+00 2.858155e-02
1.489150 3.147558e-02 -1.317663e-02 0.000000e+00 3.193638e-02 0.000000e+00 2.849418e-02
1.493514 3.150790e-02 -1.320638e-02 0.000000e+00 3.183568e-02 0.000000e+00 2.840967e-02
1.497878 3.154020e-02 -1.323628e-02 0.000000e+00 3.173549e-02 0.000000e+00 2.832533e-02
1.502242 3.156639e-02 -1.326190e-02 0.000000e+00 3.163021e-02 0.000000e+00 2.824933e-02
1.506606 3.159197e-02 -1.328696e-02 0.000000e+00 3.152351e-02 0.000000e+00 2.817401e-02
1.510970 3.161645e-02 -1.331151e-02 0.000000e+00 3.141722e-02 0.000000e+00 2.809999e-02
1.515334 3.163606e-02 -1.333315e-02 0.000000e+00 3.130708e-02 0.000000e+00 2.803032e-02
1.519699 3.165567e-02 -1.335477e-02 0.000000e+00 3.119672e-02 0.000000e+00 2.796058e-02
1.524063 3.167243e-02 -1.337405e-02 0.000000e+00 3.108392e-02 0.000000e+00 2.789365e-02
1.528427 3.168742e-02 -1.339157e-02 0.000000e+00 3.096715e-02 0.000000e+00 2.782806e-02
1.532791 3.170207e-02 -1.340892e-02 0.000000e+00 3.085094e-02 0.000000e+00 2.776287e-02
1.537155 3.171659e-02 -1.342465e-02 0.000000e+00 3.073242e-02 0.000000e+00 2.769950e-02
1.541519 3.173137e-02 -1.344032e-02 0.000000e+00 3.061355e-02 0.000000e+00 2.763600e-02
1.545883 3.174353e-02 -1.345306e-02 0.000000e+00 3.049061e-02 0.000000e+00 2.756978e-02
1.550247 3.175569e-02 -1.346428e-02 0.000000e+00 3.036461e-02 0.000000e+00 2.750226e-02
1.554611 3.176882e-02 -1.347449e-02 0.000000e+00 3.023952e-02 0.000000e+00 2.743696e-02
1.558975 3.178535e-02 -1.348265e-02 0.000000e+00 3.011446e-02 0.000000e+00 2.737576e-02
1.563339 3.180161e-02 -1.349084e-02 0.000000e+00 2.998962e-02 0.000000e+00 2.731449e-02
1.567703 3.181576e-02 -1.349543e-02 0.000000e+00 2.986211e-02 0.000000e+00 2.725117e-02
1.572067 3.182995e-02 -1.349996e-02 0.000000e+00 2.973447e-02 0.000000e+00 2.718782e-02
1.576432 3.184127e-02 -1.350215e-02 0.000000e+00 2.960578e-02 0.000000e+00 2.712349e-02
1.580796 3.185019e-02 -1.350192e-02 0.000000e+00 2.947563e-02 0.000000e+00 2.705806e-02
1.585160 3.185910e-02 -1.350169e-02 0.000000e+00 2.934549e-02 0.000000e+00 2.699263e-02
1.589524 3.186468e-02 -1.349851e-02 0.000000e+00 2.921418e-02 0.000000e+00 2.692508e-02
1.593888 3.186984e-02 -1.349469e-02 0.000000e+00 2.908246e-02 0.000000e+00 2.685695e-02
1.598252 3.187464e-02 -1.349071e-02 0.000000e+00 2.895075e-02 0.000000e+00 2.678889e-02
1.602616 3.187427e-02 -1.348173e-02 0.000000e+00 2.881699e-02 0.000000e+00 2.671767e-02
1.606980 3.187390e-02 -1.347274e-02 0.000000e+00 2.868321e-02 0.000000e+00 2.664642e-02
1.611344 3.187326e-02 -1.346356e-02 0.000000e+00 2.854942e-02 0.000000e+00 2.657497e-02
1.615708 3.186929e-02 -1.345108e-02 0.000000e+00 2.841479e-02 0.000000e+00 2.649910e-02
1.620072 3.186541e-02 -1.343834e-02 0.000000e+00 2.827977e-02 0.000000e+00 2.642323e-02
1.624436 3.186156e-02 -1.342550e-02 0.000000e+00 2.814458e-02 0.000000e+00 2.634734e-02
1.628800 3.185315e-02 -1.340828e-02 0.000000e+00 2.800843e-02 0.000000e+00 2.626713e-02
1.633164 3.184439e-02 -1.339079e-02 0.000000e+00 2.787226e-02 0.000000e+00 2.618658e-02
1.637529 3.183563e-02 -1.337329e-02 0.000000e+00 2.773609e-02 0.000000e+00 2.610603e-02
1.641893 3.182418e-02 -1.335354e-02 0.000000e+00 2.759967e-02 0.000000e+00 2.602262e-02
1.646257 3.181130e-02 -1.333285e-02 0.000000e+00 2.746334e-02 0.000000e+00 2.593761e-02
1.650621 3.179841e-02 -1.331215e-02 0.000000e+00 2.732701e-02 0.000000e+00 2.585259e-02
1.654985 3.178411e-02 -1.329022e-02 0.000000e+00 2.719046e-02 0.000000e+00 2.576686e-02
1.659349 3.176408e-02 -1.326482e-02 0.000000e+00 2.705409e-02 0.000000e+00 2.567891e-02
1.663713 3.174404e-02 -1.323942e-02 0.000000e+00 2.691773e-02 0.000000e+00 2.559096e-02
1.668077 3.172401e-02 -1.321402e-02 0.000000e+00 2.678137e-02 0.000000e+00 2.550300e-02
1.672441 3.170053e-02 -1.318585e-02 0.000000e+00 2.664513e-02 0.000000e+00 2.541214e-02
1.676805 3.167522e-02 -1.315671e-02 0.000000e+00 2.650944e-02 0.000000e+00 2.531973e-02
1.681169 3.164992e-02 -1.312758e-02 0.000000e+00 2.637376e-02 0.000000e+00 2.522731e-02
1.685533 3.162456e-02 -1.309837e-02 0.000000e+00 2.623805e-02 0.000000e+00 2.513484e-02
1.689897 3.159207e-02 -1.306551e-02 0.000000e+00 2.610228e-02 0.000000e+00 2.503836e-02
1.694261 3.155922e-02 -1.303285e-02 0.000000e+00 2.596665e-02 0.000000e+00 2.494165e-02
1.698626 3.152637e-02 -1.300019e-02 0.000000e+00 2.583102e-02 0.000000e+00 2.484493e-02
1.702990 3.149276e-02 -1.296705e-02 0.000000e+00 2.569538e-02 0.000000e+00 2.474791e-02
1.707354 3.144808e-02 -1.292998e-02 0.000000e+00 2.556210e-02 0.000000e+00 2.464731e-02
1.711718 3.140395e-02 -1.289358e-02 0.000000e+00 2.542884e-02 0.000000e+00 2.454666e-02
1.716082 3.135982e-02 -1.285717e-02 0.000000e+00 2.529557e-02 0.000000e+00 2.444603e-02
1.720446 3.131451e-02 -1.282002e-02 0.000000e+00 2.516250e-02 0.000000e+00 2.434520e-02
1.724810 3.125731e-02 -1.277749e-02 0.000000e+00 2.503268e-02 0.000000e+00 2.424166e-02
1.729174 3.120038e-02 -1.273557e-02 0.000000e+00 2.490304e-02 0.000000e+00 2.413809e-02
1.733538 3.114345e-02 -1.269364e-02 0.000000e+00 2.477340e-02 0.000000e+00 2.403452e-02
1.737902 3.108579e-02 -1.265112e-02 0.000000e+00 2.464383e-02 0.000000e+00 2.393082e-02
1.742266 3.102283e-02 -1.260557e-02 0.000000e+00 2.451571e-02 0.000000e+00 2.382278e-02
1.746630 3.096013e-02 -1.256076e-02 0.000000e+00 2.438783e-02 0.000000e+00 2.371419e-02
1.750994 3.089743e-02 -1.251596e-02 0.000000e+00 2.425996e-02 0.000000e+00 2.360561e-02
1.755358 3.083446e-02 -1.247088e-02 0.000000e+00 2.413210e-02 0.000000e+00 2.349691e-02
1.759723 3.076799e-02 -1.242276e-02 0.000000e+00 2.400524e-02 0.000000e+00 2.338503e-02
1.764087 3.070181e-02 -1.237508e-02 0.000000e+00 2.387889e-02 0.000000e+00 2.327230e-02
1.768451 3.063563e-02 -1.232739e-02 0.000000e+00 2.375254e-02 0.000000e+00 2.315957e-02
1.772815 3.056944e-02 -1.227971e-02 0.000000e+00 2.362619e-02 0.000000e+00 2.304684e-02
1.777179 3.050096e-02 -1.223006e-02 0.000000e+00 2.350020e-02 0.000000e+00 2.293216e-02
1.781543 3.043208e-02 -1.218007e-02 0.000000e+00 2.337506e-02 0.000000e+00 2.281618e-02
1.785907 3.036349e-02 -1.213028e-02 0.000000e+00 2.325004e-02 0.000000e+00 2.270045e-02
1.790271 3.029489e-02 -1.208049e-02 0.000000e+00 2.312502e-02 0.000000e+00 2.258471e-02
1.794635 3.022528e-02 -1.203004e-02 0.000000e+00 2.299968e-02 0.000000e+00 2.246812e-02
1.798999 3.015215e-02 -1.197808e-02 0.000000e+00 2.287480e-02 0.000000e+00 2.234944e-02
1.803363 3.007947e-02 -1.192661e-02 0.000000e+00 2.275025e-02 0.000000e+00 2.223131e-02
1.807727 3.000679e-02 -1.187515e-02 0.000000e+00 2.262570e-02 0.000000e+00 2.211319e-02
1.812091 2.993377e-02 -1.182331e-02 0.000000e+00 2.250091e-02 0.000000e+00 2.199465e-02
1.816455 2.985790e-02 -1.176973e-02 0.000000e+00 2.237669e-02 0.000000e+00 2.187536e-02
1.820820 2.978195e-02 -1.171658e-02 0.000000e+00 2.225308e-02 0.000000e+00 2.175680e-02
1.825184 2.970603e-02 -1.166347e-02 0.000000e+00 2.212949e-02 0.000000e+00 2.163826e-02
1.829548 2.962995e-02 -1.161018e-02 0.000000e+00 2.200584e-02 0.000000e+00 2.151958e-02
1.833912 2.955015e-02 -1.155505e-02 0.000000e+00 2.188265e-02 0.000000e+00 2.140069e-02
1.838276 2.946613e-02 -1.149889e-02 0.000000e+00 2.176076e-02 0.000000e+00 2.128324e-02
1.842640 2.938275e-02 -1.144327e-02 0.000000e+00 2.163895e-02 0.000000e+00 2.116621e-02
1.847004 2.929937e-02 -1.138764e-02 0.000000e+00 2.151714e-02 0.000000e+00 2.104920e-02
1.851368 2.921437e-02 -1.133085e-02 0.000000e+00 2.139522e-02 0.000000e+00 2.093137e-02
1.855732 2.912162e-02 -1.127259e-02 0.000000e+00 2.127475e-02 0.000000e+00 2.081615e-02
1.860096 2.903023e-02 -1.121524e-02 0.000000e+00 2.115432e-02 0.000000e+00 2.070142e-02
1.864460 2.893883e-02 -1.115790e-02 0.000000e+00 2.103389e-02 0.000000e+00 2.058670e-02
1.868824 2.884636e-02 -1.109982e-02 0.000000e+00 2.091343e-02 0.000000e+00 2.047157e-02
1.873188 2.874807e-02 -1.103989e-02 0.000000e+00 2.079406e-02 0.000000e+00 2.035852e-02
1.877553 2.864832e-02 -1.098025e-02 0.000000e+00 2.067545e-02 0.000000e+00 2.024647e-02
1.881917 2.854868e-02 -1.092080e-02 0.000000e+00 2.055692e-02 0.000000e+00 2.013446e-02
1.886281 2.844877e-02 -1.086088e-02 0.000000e+00 2.043819e-02 0.000000e+00 2.002236e-02
1.890645 2.834694e-02 -1.080019e-02 0.000000e+00 2.031916e-02 0.000000e+00 1.991125e-02
1.895009 2.824335e-02 -1.073957e-02 0.000000e+00 2.020033e-02 0.000000e+00 1.980132e-02
1.899373 2.813974e-02 -1.067923e-02 0.000000e+00 2.008175e-02 0.000000e+00 1.969138e-02
1.903737 2.803614e-02 -1.061871e-02 0.000000e+00 1.996301e-02 0.000000e+00 1.958145e-02
1.908101 2.793086e-02 -1.055735e-02 0.000000e+00 1.984410e-02 0.000000e+00 1.947281e-02
1.912465 2.782184e-02 -1.049514e-02 0.000000e+00 1.972577e-02 0.000000e+00 1.936713e-02
1.916829 2.771400e-02 -1.043346e-02 0.000000e+00 1.960770e-02 0.000000e+00 1.926104e-02
1.921193 2.760576e-02 -1.037160e-02 0.000000e+00 1.948954e-02 0.000000e+00 1.915508e-02
1.925557 2.749486e-02 -1.030910e-02 0.000000e+00 1.937110e-02 0.000000e+00 1.904974e-02
1.929922 2.737828e-02 -1.024632e-02 0.000000e+00 1.925258e-02 0.000000e+00 1.894517e-02
1.934286 2.726402e-02 -1.018380e-02 0.000000e+00 1.913400e-02 0.000000e+00 1.884099e-02
1.938650 2.714904e-02 -1.012121e-02 0.000000e+00 1.901544e-02 0.000000e+00 1.873669e-02
1.943014 2.703063e-02 -1.005806e-02 0.000000e+00 1.889721e-02 0.000000e+00 1.863156e-02
1.947378 2.690651e-02 -9.993556e-03 0.000000e+00 1.878022e-02 0.000000e+00 1.852441e-02
1.951742 2.678440e-02 -9.929474e-03 0.000000e+00 1.866340e-02 0.000000e+00 1.841808e-02
1.956106 2.666137e-02 -9.865197e-03 0.000000e+00 1.854650e-02 0.000000e+00 1.831138e-02
1.960470 2.653621e-02 -9.800288e-03 0.000000e+00 1.842958e-02 0.000000e+00 1.820322e-02
1.964834 2.640972e-02 -9.734484e-03 0.000000e+00 1.831294e-02 0.000000e+00 1.809319e-02
1.969198 2.628423e-02 -9.668292e-03 0.000000e+00 1.819645e-02 0.000000e+00 1.798366e-02
1.973562 2.615789e-02 -9.602427e-03 0.000000e+00 1.807984e-02 0.000000e+00 1.787370e-02
1.977926 2.603008e-02 -9.536374e-03 0.000000e+00 1.796365e-02 0.000000e+00 1.776374e-02
1.982290 2.590256e-02 -9.470245e-03 0.000000e+00 1.784801e-02 0.000000e+00 1.765423e-02
1.986654 2.577632e-02 -9.404400e-03 0.000000e+00 1.773250e-02 0.000000e+00 1.754499e-02
1.991019 2.564759e-02 -9.338005e-03 0.000000e+00 1.761675e-02 0.000000e+00 1.743523e-02
1.995383 2.551946e-02 -9.270308e-03 0.000000e+00 1.750272e-02 0.000000e+00 1.732798e-02
1.999747 2.539281e-02 -9.202051e-03 0.000000e+00 1.738891e-02 0.000000e+00 1.722234e-02
2.004111 2.526553e-02 -9.133985e-03 0.000000e+00 1.727508e-02 0.000000e+00 1.711609e-02
2.008475 2.513876e-02 -9.066539e-03 0.000000e+00 1.716352e-02 0.000000e+00 1.701030e-02
2.012839 2.501352e-02 -8.999818e-03 0.000000e+00 1.705508e-02 0.000000e+00 1.690632e-02
2.017203 2.488734e-02 -8.933810e-03 0.000000e+00 1.694669e-02 0.000000e+00 1.680273e-02
2.021567 2.476231e-02 -8.866936e-03 0.000000e+00 1.683824e-02 0.000000e+00 1.669866e-02
2.025931 2.463481e-02 -8.798946e-03 0.000000e+00 1.672965e-02 0.000000e+00 1.658987e-02
2.030295 2.450613e-02 -8.730569e-03 0.000000e+00 1.662091e-02 0.000000e+00 1.647948e-02
2.034659 2.437732e-02 -8.662282e-03 0.000000e+00 1.651203e-02 0.000000e+00 1.636975e-02
2.039023 2.424872e-02 -8.593848e-03 0.000000e+00 1.640338e-02 0.000000e+00 1.625895e-02
2.043387 2.411787e-02 -8.524631e-03 0.000000e+00 1.629520e-02 0.000000e+00 1.615018e-02
2.047751 2.398625e-02 -8.455208e-03 0.000000e+00 1.618710e-02 0.000000e+00 1.604247e-02
2.052115 2.385542e-02 -8.386197e-03 0.000000e+00 1.607860e-02 0.000000e+00 1.593481e-02
2.056480 2.372343e-02 -8.316578e-03 0.000000e+00 1.597068e-02 0.000000e+00 1.582706e-02
2.060844 2.359218e-02 -8.248031e-03 0.000000e+00 1.586561e-02 0.000000e+00 1.572004e-02
2.065208 2.346132e-02 -8.180005e-03 0.000000e+00 1.576204e-02 0.000000e+00 1.561335e-02
2.069572 2.333037e-02 -8.111688e-03 0.000000e+00 1.565806e-02 0.000000e+00 1.550648e-02
2.073936 2.319955e-02 -8.043763e-03 0.000000e+00 1.555464e-02 0.000000e+00 1.539987e-02
2.078300 2.306827e-02 -7.975377e-03 0.000000e+00 1.545164e-02 0.000000e+00 1.529712e-02
2.082664 2.293678e-02 -7.906693e-03 0.000000e+00 1.534878e-02 0.000000e+00 1.519669e-02
2.087028 2.280557e-02 -7.838042e-03 0.000000e+00 1.524538e-02 0.000000e+00 1.509542e-02
2.091392 2.267400e-02 -7.769350e-03 0.000000e+00 1.514265e-02 0.000000e+00 1.499521e-02
2.095756 2.254355e-02 -7.702136e-03 0.000000e+00 1.504183e-02 0.000000e+00 1.489734e-02
2.100120 2.241419e-02 -7.636014e-03 0.000000e+00 1.494225e-02 0.000000e+00 1.480119e-02
2.104484 2.228642e-02 -7.569858e-03 0.000000e+00 1.484158e-02 0.000000e+00 1.470494e-02
2.108849 2.215679e-02 -7.503742e-03 0.000000e+00 1.474219e-02 0.000000e+00 1.460880e-02
2.113213 2.202438e-02 -7.436410e-03 0.000000e+00 1.464421e-02 0.000000e+00 1.451486e-02
2.117577 2.188991e-02 -7.368093e-03 0.000000e+00 1.454724e-02 0.000000e+00 1.442279e-02
2.121941 2.175752e-02 -7.299918e-03 0.000000e+00 1.444895e-02 0.000000e+00 1.433112e-02
2.126305 2.162284e-02 -7.231586e-03 0.000000e+00 1.435212e-02 0.000000e+00 1.423901e-02
2.130669 2.148846e-02 -7.164127e-03 0.000000e+00 1.425701e-02 0.000000e+00 1.414724e-02
2.135033 2.135445e-02 -7.097447e-03 0.000000e+00 1.416338e-02 0.000000e+00 1.405580e-02
2.139397 2.122137e-02 -7.030436e-03 0.000000e+00 1.406875e-02 0.000000e+00 1.396445e-02
2.143761 2.108731e-02 -6.963772e-03 0.000000e+00 1.397518e-02 0.000000e+00 1.387300e-02
2.148125 2.095213e-02 -6.896777e-03 0.000000e+00 1.388248e-02 0.000000e+00 1.378309e-02
2.152489 2.081588e-02 -6.829445e-03 0.000000e+00 1.379063e-02 0.000000e+00 1.369471e-02
2.156853 2.068057e-02 -6.761984e-03 0.000000e+00 1.369801e-02 0.000000e+00 1.360659e-02
2.161217 2.054432e-02 -6.694652e-03 0.000000e+00 1.360616e-02 0.000000e+00 1.351820e-02
2.165581 2.040847e-02 -6.628359e-03 0.000000e+00 1.351547e-02 0.000000e+00 1.342963e-02
2.169945 2.027307e-02 -6.563188e-03 0.000000e+00 1.342601e-02 0.000000e+00 1.334086e-02
2.174309 2.013944e-02 -6.497781e-03 0.000000e+00 1.333563e-02 0.000000e+00 1.325254e-02
2.178674 2.000406e-02 -6.432607e-03 0.000000e+00 1.324616e-02 0.000000e+00 1.316377e-02
2.183038 1.986724e-02 -6.367293e-03 0.000000e+00 1.315760e-02 0.000000e+00 1.307622e-02
2.187402 1.972877e-02 -6.301810e-03 0.000000e+00 1.307006e-02 0.000000e+00 1.299008e-02
2.191766 1.959229e-02 -6.236004e-03 0.000000e+00 1.298165e-02 0.000000e+00 1.290380e-02
2.196130 1.945383e-02 -6.170518e-03 0.000000e+00 1.289411e-02 0.000000e+00 1.281766e-02
2.200494 1.931630e-02 -6.105702e-03 0.000000e+00 1.280763e-02 0.000000e+00 1.273296e-02
2.204858 1.917997e-02 -6.041717e-03 0.000000e+00 1.272246e-02 0.000000e+00 1.265003e-02
2.209222 1.904476e-02 -5.977256e-03 0.000000e+00 1.263655e-02 0.000000e+00 1.256694e-02
2.213586 1.890843e-02 -5.913267e-03 0.000000e+00 1.255138e-02 0.000000e+00 1.248401e-02
2.217950 1.877243e-02 -5.849234e-03 0.000000e+00 1.246714e-02 0.000000e+00 1.240287e-02
2.222314 1.863690e-02 -5.785132e-03 0.000000e+00 1.238414e-02 0.000000e+00 1.232411e-02
2.226679 1.850148e-02 -5.720636e-03 0.000000e+00 1.230056e-02 0.000000e+00 1.224533e-02
2.231043 1.836594e-02 -5.656534e-03 0.000000e+00 1.221756e-02 0.000000e+00 1.216657e-02
2.235407 1.823240e-02 -5.592934e-03 0.000000e+00 1.213546e-02 0.000000e+00 1.208922e-02
2.239771 1.810168e-02 -5.530036e-03 0.000000e+00 1.205464e-02 0.000000e+00 1.201387e-02
2.244135 1.796979e-02 -5.466778e-03 0.000000e+00 1.197353e-02 0.000000e+00 1.193867e-02
2.248499 1.783907e-02 -5.403880e-03 0.000000e+00 1.189271e-02 0.000000e+00 1.186332e-02
2.252863 1.771010e-02 -5.340719e-03 0.000000e+00 1.181255e-02 0.000000e+00 1.178934e-02
2.257227 1.758369e-02 -5.277163e-03 0.000000e+00 1.173337e-02 0.000000e+00 1.171739e-02
2.261591 1.745575e-02 -5.213428e-03 0.000000e+00 1.165402e-02 0.000000e+00 1.164550e-02
2.265955 1.732936e-02 -5.149875e-03 0.000000e+00 1.157483e-02 0.000000e+00 1.157355e-02
2.270319 1.720516e-02 -5.086263e-03 0.000000e+00 1.149614e-02 0.000000e+00 1.150294e-02
2.274683 1.708436e-02 -5.022561e-03 0.000000e+00 1.141822e-02 0.000000e+00 1.143441e-02
2.279047 1.696229e-02 -4.958774e-03 0.000000e+00 1.134007e-02 0.000000e+00 1.136556e-02
2.283412 1.684150e-02 -4.895073e-03 0.000000e+00 1.126215e-02 0.000000e+00 1.129702e-02
2.287776 1.672212e-02 -4.831010e-03 0.000000e+00 1.118455e-02 0.000000e+00 1.123023e-02
2.292140 1.660500e-02 -4.766369e-03 0.000000e+00 1.110750e-02 0.000000e+00 1.116621e-02
2.296504 1.648723e-02 -4.701687e-03 0.000000e+00 1.103020e-02 0.000000e+00 1.110191e-02
2.300868 1.637012e-02 -4.637047e-03 0.000000e+00 1.095314e-02 0.000000e+00 1.103789e-02
2.305232 1.625467e-02 -4.572615e-03 0.000000e+00 1.087653e-02 0.000000e+00 1.097522e-02
2.309596 1.614195e-02 -4.508527e-03 0.000000e+00 1.080066e-02 0.000000e+00 1.091478e-02
2.313960 1.602876e-02 -4.444283e-03 0.000000e+00 1.072449e-02 0.000000e+00 1.085424e-02
2.318324 1.591604e-02 -4.380196e-03 0.000000e+00 1.064862e-02 0.000000e+00 1.079380e-02
2.322688 1.580459e-02 -4.316343e-03 0.000000e+00 1.057326e-02 0.000000e+00 1.073448e-02
2.327052 1.569524e-02 -4.252881e-03 0.000000e+00 1.049875e-02 0.000000e+00 1.067708e-02
2.331416 1.558558e-02 -4.189173e-03 0.000000e+00 1.042390e-02 0.000000e+00 1.061955e-02
2.335780 1.547624e-02 -4.125713e-03 0.000000e+00 1.034939e-02 0.000000e+00 1.056214e-02
2.340144 1.536820e-02 -4.062635e-03 0.000000e+00 1.027551e-02 0.000000e+00 1.050596e-02
2.344508 1.526237e-02 -4.000211e-03 0.000000e+00 1.020270e-02 0.000000e+00 1.045189e-02
2.348873 1.515630e-02 -3.937504e-03 0.000000e+00 1.012951e-02 0.000000e+00 1.039770e-02
2.353237 1.505048e-02 -3.875082e-03 0.000000e+00 1.005670e-02 0.000000e+00 1.034362e-02
2.357601 1.494603e-02 -3.812765e-03 0.000000e+00 9.984508e-03 0.000000e+00 1.029109e-02
2.361965 1.484397e-02 -3.750630e-03 0.000000e+00 9.913377e-03 0.000000e+00 1.024124e-02
2.366329 1.474172e-02 -3.688279e-03 0.000000e+00 9.841789e-03 0.000000e+00 1.019130e-02
2.370693 1.463966e-02 -3.626146e-03 0.000000e+00 9.770663e-03 0.000000e+00 1.014144e-02
2.375057 1.453905e-02 -3.564023e-03 0.000000e+00 9.700296e-03 0.000000e+00 1.009338e-02
2.379421 1.444095e-02 -3.501917e-03 0.000000e+00 9.631252e-03 0.000000e+00 1.004842e-02
2.383785 1.434278e-02 -3.439696e-03 0.000000e+00 9.561776e-03 0.000000e+00 1.000339e-02
2.388149 1.424469e-02 -3.377590e-03 0.000000e+00 9.492735e-03 0.000000e+00 9.958430e-03
2.392513 1.414838e-02 -3.315411e-03 0.000000e+00 9.424415e-03 0.000000e+00 9.914801e-03
2.396877 1.405513e-02 -3.253102e-03 0.000000e+00 9.357338e-03 0.000000e+00 9.873452e-03
2.401242 1.396157e-02 -3.190648e-03 0.000000e+00 9.289884e-03 0.000000e+00 9.832107e-03
2.405606 1.386833e-02 -3.128341e-03 0.000000e+00 9.222809e-03 0.000000e+00 9.790759e-03
2.409970 1.377684e-02 -3.066006e-03 0.000000e+00 9.156486e-03 0.000000e+00 9.750195e-03
2.414334 1.368835e-02 -3.003622e-03 0.000000e+00 9.091444e-03 0.000000e+00 9.710985e-03
2.418698 1.359974e-02 -2.941099e-03 0.000000e+00 9.026077e-03 0.000000e+00 9.671818e-03
2.423062 1.351125e-02 -2.878717e-03 0.000000e+00 8.961038e-03 0.000000e+00 9.632604e-03
2.427426 1.342351e-02 -2.816288e-03 0.000000e+00 8.896695e-03 0.000000e+00 9.594205e-03
2.431790 1.333707e-02 -2.753782e-03 0.000000e+00 8.833518e-03 0.000000e+00 9.557171e-03
2.436154 1.325077e-02 -2.691057e-03 0.000000e+00 8.770057e-03 0.000000e+00 9.520141e-03
2.440518 1.316432e-02 -2.628552e-03 0.000000e+00 8.706883e-03 0.000000e+00 9.483103e-03
2.444882 1.307871e-02 -2.566013e-03 0.000000e+00 8.644342e-03 0.000000e+00 9.447479e-03
2.449246 1.299449e-02 -2.503417e-03 0.000000e+00 8.582844e-03 0.000000e+00 9.414167e-03
2.453610 1.291017e-02 -2.440650e-03 0.000000e+00 8.521115e-03 0.000000e+00 9.380821e-03
2.457974 1.282594e-02 -2.378055e-03 0.000000e+00 8.459619e-03 0.000000e+00 9.347511e-03
2.462338 1.274436e-02 -2.315407e-03 0.000000e+00 8.398656e-03 0.000000e+00 9.315956e-03
2.466702 1.266700e-02 -2.252674e-03 0.000000e+00 8.338542e-03 0.000000e+00 9.287199e-03
2.471067 1.258925e-02 -2.189765e-03 0.000000e+00 8.278314e-03 0.000000e+00 9.258386e-03
2.475431 1.251189e-02 -2.127034e-03 0.000000e+00 8.218201e-03 0.000000e+00 9.229630e-03
2.479795 1.243917e-02 -2.064313e-03 0.000000e+00 8.159147e-03 0.000000e+00 9.203102e-03
2.484159 1.237360e-02 -2.001608e-03 0.000000e+00 8.101724e-03 0.000000e+00 9.180006e-03
2.488523 1.230749e-02 -1.938847e-03 0.000000e+00 8.044105e-03 0.000000e+00 9.156596e-03
2.492887 1.224193e-02 -1.876142e-03 0.000000e+00 7.986683e-03 0.000000e+00 9.133498e-03
2.497251 1.217713e-02 -1.813332e-03 0.000000e+00 7.929254e-03 0.000000e+00 9.110228e-03
2.501615 1.211735e-02 -1.749838e-03 0.000000e+00 7.871776e-03 0.000000e+00 9.085832e-03
2.505979 1.205738e-02 -1.686305e-03 0.000000e+00 7.814292e-03 0.000000e+00 9.061466e-03
2.510343 1.199722e-02 -1.622732e-03 0.000000e+00 7.756801e-03 0.000000e+00 9.037129e-03
2.514707 1.193743e-02 -1.559239e-03 0.000000e+00 7.699323e-03 0.000000e+00 9.012732e-03
2.519071 1.188353e-02 -1.496235e-03 0.000000e+00 7.642596e-03 0.000000e+00 8.989851e-03
2.523436 1.183233e-02 -1.433457e-03 0.000000e+00 7.586216e-03 0.000000e+00 8.967666e-03
2.527800 1.178050e-02 -1.370554e-03 0.000000e+00 7.529830e-03 0.000000e+00 8.945642e-03
2.532164 1.172930e-02 -1.307776e-03 0.000000e+00 7.473449e-03 0.000000e+00 8.923458e-03
2.536528 1.168174e-02 -1.245253e-03 0.000000e+00 7.417749e-03 0.000000e+00 8.902245e-03
2.540892 1.163974e-02 -1.183120e-03 0.000000e+00 7.363091e-03 0.000000e+00 8.882514e-03
2.545256 1.159724e-02 -1.120787e-03 0.000000e+00 7.308433e-03 0.000000e+00 8.862840e-03
2.549620 1.155524e-02 -1.058654e-03 0.000000e+00 7.253775e-03 0.000000e+00 8.843110e-03
2.553984 1.151537e-02 -9.966816e-04 0.000000e+00 7.199432e-03 0.000000e+00 8.824083e-03
2.558348 1.148155e-02 -9.351664e-04 0.000000e+00 7.145986e-03 0.000000e+00 8.807053e-03
2.562712 1.144735e-02 -8.734724e-04 0.000000e+00 7.092474e-03 0.000000e+00 8.789989e-03
2.567076 1.141352e-02 -8.119573e-04 0.000000e+00 7.039028e-03 0.000000e+00 8.772959e-03
2.571440 1.138167e-02 -7.505155e-04 0.000000e+00 6.986083e-03 0.000000e+00 8.756778e-03
2.575804 1.135506e-02 -6.892685e-04 0.000000e+00 6.934469e-03 0.000000e+00 8.742854e-03
2.580168 1.132821e-02 -6.278341e-04 0.000000e+00 6.882747e-03 0.000000e+00 8.728849e-03
2.584532 1.130160e-02 -5.665875e-04 0.000000e+00 6.831134e-03 0.000000e+00 8.714927e-03
2.588897 1.127784e-02 -5.053924e-04 0.000000e+00 6.780245e-03 0.000000e+00 8.702753e-03
2.593261 1.125789e-02 -4.442661e-04 0.000000e+00 6.730321e-03 0.000000e+00 8.692909e-03
2.597625 1.123771e-02 -3.829848e-04 0.000000e+00 6.680254e-03 0.000000e+00 8.682979e-03
2.601989 1.121776e-02 -3.218588e-04 0.000000e+00 6.630330e-03 0.000000e+00 8.673135e-03
2.606353 1.120329e-02 -2.610679e-04 0.000000e+00 6.581773e-03 0.000000e+00 8.666655e-03
2.610717 1.119078e-02 -2.003534e-04 0.000000e+00 6.533678e-03 0.000000e+00 8.661413e-03
2.615081 1.117818e-02 -1.396009e-04 0.000000e+00 6.485543e-03 0.000000e+00 8.656146e-03
2.619445 1.116690e-02 -7.904595e-05 0.000000e+00 6.437776e-03 0.000000e+00 8.651500e-03
2.623809 1.116175e-02 -1.908645e-05 0.000000e+00 6.391500e-03 0.000000e+00 8.649925e-03
2.628173 1.115629e-02 4.098489e-05 0.000000e+00 6.345060e-03 0.000000e+00 8.648296e-03
2.632537 1.115114e-02 1.009441e-04 0.000000e+00 6.298784e-03 0.000000e+00 8.646722e-03
2.636901 1.115055e-02 1.602542e-04 0.000000e+00 6.253790e-03 0.000000e+00 8.647099e-03
2.641266 1.115166e-02 2.193612e-04 0.000000e+00 6.209198e-03 0.000000e+00 8.648250e-03
2.645630 1.115283e-02 2.784423e-04 0.000000e+00 6.164657e-03 0.000000e+00 8.649403e-03
2.649994 1.115667e-02 3.371178e-04 0.000000e+00 6.120819e-03 0.000000e+00 8.651790e-03
2.654358 1.116441e-02 3.952328e-04 0.000000e+00 6.077942e-03 0.000000e+00 8.656019e-03
2.658722 1.117199e-02 4.533984e-04 0.000000e+00 6.034895e-03 0.000000e+00 8.660241e-03
2.663086 1.118127e-02 5.113290e-04 0.000000e+00 5.992294e-03 0.000000e+00 8.665203e-03
2.667450 1.119639e-02 5.685634e-04 0.000000e+00 5.950737e-03 0.000000e+00 8.672938e-03
2.671814 1.121139e-02 6.258192e-04 0.000000e+00 5.909013e-03 0.000000e+00 8.680681e-03
2.676178 1.122761e-02 6.829132e-04 0.000000e+00 5.867593e-03 0.000000e+00 8.688804e-03
2.680542 1.125081e-02 7.391238e-04 0.000000e+00 5.827039e-03 0.000000e+00 8.699371e-03
2.684906 1.127387e-02 7.953506e-04 0.000000e+00 5.786298e-03 0.000000e+00 8.709972e-03
2.689270 1.129851e-02 8.512990e-04 0.000000e+00 5.745879e-03 0.000000e+00 8.720839e-03
2.693635 1.132974e-02 9.060504e-04 0.000000e+00 5.706078e-03 0.000000e+00 8.733076e-03
2.697999 1.136075e-02 9.607730e-04 0.000000e+00 5.666101e-03 0.000000e+00 8.745324e-03
2.702363 1.139452e-02 1.014930e-03 0.000000e+00 5.626416e-03 0.000000e+00 8.757867e-03
2.706727 1.143331e-02 1.067880e-03 0.000000e+00 5.586897e-03 0.000000e+00 8.771018e-03
2.711091 1.147204e-02 1.120825e-03 0.000000e+00 5.547341e-03 0.000000e+00 8.784158e-03
2.715455 1.151499e-02 1.172533e-03 0.000000e+00 5.507862e-03 0.000000e+00 8.797727e-03
2.719819 1.156047e-02 1.223373e-03 0.000000e+00 5.468220e-03 0.000000e+00 8.811492e-03
2.724183 1.160618e-02 1.274228e-03 0.000000e+00 5.428724e-03 0.000000e+00 8.825336e-03
2.728547 1.165792e-02 1.323004e-03 0.000000e+00 5.388711e-03 0.000000e+00 8.839863e-03
2.732911 1.170964e-02 1.371679e-03 0.000000e+00 5.348550e-03 0.000000e+00 8.854333e-03
2.737275 1.176432e-02 1.419491e-03 0.000000e+00 5.308109e-03 0.000000e+00 8.869145e-03
2.741639 1.182240e-02 1.466103e-03 0.000000e+00 5.266991e-03 0.000000e+00 8.884225e-03
2.746003 1.188069e-02 1.512737e-03 0.000000e+00 5.226004e-03 0.000000e+00 8.899378e-03
2.750367 1.194524e-02 1.557415e-03 0.000000e+00 5.183793e-03 0.000000e+00 8.914878e-03
2.754731 1.200968e-02 1.602039e-03 0.000000e+00 5.141438e-03 0.000000e+00 8.930310e-03
2.759095 1.207815e-02 1.645509e-03 0.000000e+00 5.098252e-03 0.000000e+00 8.945915e-03
2.763460 1.214859e-02 1.688287e-03 0.000000e+00 5.054406e-03 0.000000e+00 8.961512e-03
2.767824 1.222146e-02 1.730432e-03 0.000000e+00 5.010007e-03 0.000000e+00 8.977135e-03
2.772188 1.229772e-02 1.771502e-03 0.000000e+00 4.964410e-03 0.000000e+00 8.992655e-03
2.776552 1.237536e-02 1.812191e-03 0.000000e+00 4.918528e-03 0.000000e+00 9.008102e-03
2.780916 1.245709e-02 1.851450e-03 0.000000e+00 4.871101e-03 0.000000e+00 9.023143e-03
2.785280 1.253973e-02 1.890465e-03 0.000000e+00 4.823479e-03 0.000000e+00 9.038091e-03
2.789644 1.262679e-02 1.927855e-03 0.000000e+00 4.773922e-03 0.000000e+00 9.052421e-03
2.794008 1.271468e-02 1.964960e-03 0.000000e+00 4.724118e-03 0.000000e+00 9.066609e-03
2.798372 1.280652e-02 2.000323e-03 0.000000e+00 4.672193e-03 0.000000e+00 9.080095e-03
2.802736 1.289952e-02 2.035201e-03 0.000000e+00 4.619761e-03 0.000000e+00 9.093313e-03
2.807100 1.299586e-02 2.068438e-03 0.000000e+00 4.565253e-03 0.000000e+00 9.105777e-03
2.811464 1.309414e-02 2.100866e-03 0.000000e+00 4.509670e-03 0.000000e+00 9.117702e-03
2.815829 1.319513e-02 2.132032e-03 0.000000e+00 4.452203e-03 0.000000e+00 9.128861e-03
2.820193 1.329930e-02 2.161909e-03 0.000000e+00 4.392865e-03 0.000000e+00 9.138998e-03
2.824557 1.340523e-02 2.191014e-03 0.000000e+00 4.332279e-03 0.000000e+00 9.148562e-03
2.828921 1.351746e-02 2.218266e-03 0.000000e+00 4.268713e-03 0.000000e+00 9.157259e-03
2.833285 1.363155e-02 2.244813e-03 0.000000e+00 4.203994e-03 0.000000e+00 9.165186e-03
2.837649 1.374953e-02 2.269769e-03 0.000000e+00 4.136346e-03 0.000000e+00 9.171349e-03
2.842013 1.387191e-02 2.293400e-03 0.000000e+00 4.066323e-03 0.000000e+00 9.176293e-03
2.846377 1.399720e-02 2.316152e-03 0.000000e+00 3.994604e-03 0.000000e+00 9.180512e-03
2.850741 1.412959e-02 2.336748e-03 0.000000e+00 3.918957e-03 0.000000e+00 9.183150e-03
2.855105 1.426587e-02 2.356234e-03 0.000000e+00 3.841353e-03 0.000000e+00 9.185127e-03
2.859469 1.440625e-02 2.374576e-03 0.000000e+00 3.761569e-03 0.000000e+00 9.186463e-03
2.863833 1.455518e-02 2.390693e-03 0.000000e+00 3.677494e-03 0.000000e+00 9.186766e-03
2.868197 1.470908e-02 2.405575e-03 0.000000e+00 3.591129e-03 0.000000e+00 9.186466e-03
2.872561 1.486852e-02 2.419161e-03 0.000000e+00 3.502149e-03 0.000000e+00 9.185499e-03
2.876925 1.503654e-02 2.430832e-03 0.000000e+00 3.409310e-03 0.000000e+00 9.183290e-03
2.881289 1.521241e-02 2.440910e-03 0.000000e+00 3.313157e-03 0.000000e+00 9.179616e-03
2.885654 1.539538e-02 2.449557e-03 0.000000e+00 3.214104e-03 0.000000e+00 9.174363e-03
2.890018 1.558644e-02 2.456760e-03 0.000000e+00 3.111901e-03 0.000000e+00 9.167170e-03
2.894382 1.578750e-02 2.462146e-03 0.000000e+00 3.006070e-03 0.000000e+00 9.157045e-03
2.898746 1.599941e-02 2.465730e-03 0.000000e+00 2.896692e-03 0.000000e+00 9.143254e-03
2.903110 1.622165e-02 2.467670e-03 0.000000e+00 2.784207e-03 0.000000e+00 9.125551e-03
2.907474 1.645481e-02 2.467816e-03 0.000000e+00 2.668679e-03 0.000000e+00 9.103164e-03
2.911838 1.670036e-02 2.466114e-03 0.000000e+00 2.550131e-03 0.000000e+00 9.075101e-03
2.916202 1.695917e-02 2.462351e-03 0.000000e+00 2.428675e-03 0.000000e+00 9.040309e-03
2.920566 1.723174e-02 2.456292e-03 0.000000e+00 2.304607e-03 0.000000e+00 8.997633e-03
2.924930 1.751839e-02 2.447634e-03 0.000000e+00 2.178282e-03 0.000000e+00 8.945829e-03
2.929294 1.782016e-02 2.435929e-03 0.000000e+00 2.049592e-03 0.000000e+00 8.883271e-03
2.933659 1.813581e-02 2.420668e-03 0.000000e+00 1.919291e-03 0.000000e+00 8.808612e-03
2.938023 1.846485e-02 2.401180e-03 0.000000e+00 1.787597e-03 0.000000e+00 8.720100e-03
2.942387 1.880500e-02 2.376686e-03 0.000000e+00 1.655107e-03 0.000000e+00 8.616020e-03
2.946751 1.915270e-02 2.346301e-03 0.000000e+00 1.522510e-03 0.000000e+00 8.494563e-03
2.951115 1.950320e-02 2.308961e-03 0.000000e+00 1.390323e-03 0.000000e+00 8.353507e-03
2.955479 1.985031e-02 2.263428e-03 0.000000e+00 1.259259e-03 0.000000e+00 8.190886e-03
2.959843 2.018052e-02 2.208279e-03 0.000000e+00 1.130016e-03 0.000000e+00 8.003580e-03
2.964207 2.047772e-02 2.141226e-03 0.000000e+00 1.003201e-03 0.000000e+00 7.786947e-03
2.968571 2.071299e-02 2.059211e-03 0.000000e+00 8.804866e-04 0.000000e+00 7.535859e-03
2.972935 2.086356e-02 1.961694e-03 0.000000e+00 7.621837e-04 0.000000e+00 7.250335e-03
2.977299 2.089410e-02 1.846777e-03 0.000000e+00 6.488898e-04 0.000000e+00 6.927596e-03
2.981663 2.072795e-02 1.709908e-03 0.000000e+00 5.427538e-04 0.000000e+00 6.558637e-03
2.986027 2.032840e-02 1.552809e-03 0.000000e+00 4.438914e-04 0.000000e+00 6.146432e-03
2.990391 1.961958e-02 1.375285e-03 0.000000e+00 3.534107e-04 0.000000e+00 5.688232e-03
2.994756 1.851171e-02 1.178404e-03 0.000000e+00 2.724984e-04 0.000000e+00 5.179829e-03
2.999120 1.697037e-02 9.688548e-04 0.000000e+00 2.014912e-04 0.000000e+00 4.625792e-03
3.003484 1.495716e-02 7.541906e-04 0.000000e+00 1.413486e-04 0.000000e+00 4.026920e-03
3.007848 1.250245e-02 5.469062e-04 0.000000e+00 9.273372e-05 0.000000e+00 3.388066e-03
3.012212 9.750156e-03 3.595775e-04 0.000000e+00 5.504785e-05 0.000000e+00 2.720187e-03
3.016576 6.899775e-03 2.055995e-04 0.000000e+00 2.824894e-05 0.000000e+00 2.038073e-03
3.020940 4.254622e-03 9.668028e-05 0.000000e+00 1.175616e-05 0.000000e+00 1.369625e-03
3.025304 2.100842e-03 3.259304e-05 0.000000e+00 3.322151e-06 0.000000e+00 7.575130e-04
3.029668 6.539983e-04 5.409349e-06 0.000000e+00 3.914138e-07 0.000000e+00 2.704262e-04
3.034032 2.233053e-05 2.474372e-09 0.000000e+00 1.123987e-10 0.000000e+00 1.109173e-05
