9.169999999999999549e-04 4.231810999999999792e-05 -2.107721999999999873e-07 0.000000000000000000e+00 6.966252000000000234e-09 0.000000000000000000e+00 5.387868000000000166e-05 4.231114374799999615e-05
7.106000000000000337e-03 1.881511999999999898e-03 -1.593102999999999916e-05 0.000000000000000000e+00 7.718942999999999188e-06 0.000000000000000000e+00 2.277772999999999864e-03 1.873793056999999889e-03
1.329499999999999953e-02 5.286495999999999904e-03 -9.024298999999999570e-05 0.000000000000000000e+00 6.862717000000000383e-05 0.000000000000000000e+00 6.104459999999999921e-03 5.217868829999999791e-03
1.948300000000000032e-02 9.053294999999999398e-03 -2.284277999999999884e-04 0.000000000000000000e+00 2.322415000000000091e-04 0.000000000000000000e+00 1.008310999999999930e-02 8.821053499999998576e-03
2.567200000000000037e-02 1.254522999999999923e-02 -4.055773000000000039e-04 0.000000000000000000e+00 5.121740000000000060e-04 0.000000000000000000e+00 1.363207999999999954e-02 1.203305599999999857e-02
3.186100000000000043e-02 1.550833000000000073e-02 -6.012921999999999755e-04 0.000000000000000000e+00 9.098958000000000306e-04 0.000000000000000000e+00 1.657845999999999972e-02 1.459843420000000135e-02
3.805000000000000049e-02 1.795870999999999926e-02 -8.020812999999999467e-04 0.000000000000000000e+00 1.402037999999999982e-03 0.000000000000000000e+00 1.899303999999999923e-02 1.655667199999999797e-02
4.423799999999999955e-02 1.995533000000000029e-02 -1.003841000000000108e-03 0.000000000000000000e+00 1.971122000000000065e-03 0.000000000000000000e+00 2.095806999999999878e-02 1.798420800000000153e-02
5.042699999999999960e-02 2.157567000000000165e-02 -1.204970999999999993e-03 0.000000000000000000e+00 2.598375999999999898e-03 0.000000000000000000e+00 2.255510000000000154e-02 1.897729400000000219e-02
5.661599999999999966e-02 2.289321000000000064e-02 -1.405650999999999949e-03 0.000000000000000000e+00 3.267041000000000042e-03 0.000000000000000000e+00 2.385765000000000108e-02 1.962616899999999887e-02
6.280499999999999972e-02 2.397060999999999983e-02 -1.606631000000000075e-03 0.000000000000000000e+00 3.962938000000000051e-03 0.000000000000000000e+00 2.492648999999999906e-02 2.000767200000000065e-02
6.899299999999999877e-02 2.485855000000000009e-02 -1.809037000000000102e-03 0.000000000000000000e+00 4.675371000000000214e-03 0.000000000000000000e+00 2.580974999999999936e-02 2.018317899999999901e-02
7.518199999999999883e-02 2.559865999999999878e-02 -2.012784000000000101e-03 0.000000000000000000e+00 5.394780000000000061e-03 0.000000000000000000e+00 2.654524000000000120e-02 2.020388000000000045e-02
8.137099999999999889e-02 2.621878000000000056e-02 -2.218342999999999791e-03 0.000000000000000000e+00 6.114498000000000329e-03 0.000000000000000000e+00 2.715764999999999846e-02 2.010428200000000110e-02
8.755999999999999894e-02 2.674262000000000167e-02 -2.426262000000000210e-03 0.000000000000000000e+00 6.830133999999999858e-03 0.000000000000000000e+00 2.766735000000000028e-02 1.991248600000000007e-02
9.374799999999999800e-02 2.719782999999999923e-02 -2.635783000000000049e-03 0.000000000000000000e+00 7.537643000000000121e-03 0.000000000000000000e+00 2.810032999999999975e-02 1.966018699999999911e-02
9.993699999999999806e-02 2.758849000000000024e-02 -2.847250999999999862e-03 0.000000000000000000e+00 8.232988000000000112e-03 0.000000000000000000e+00 2.845686999999999869e-02 1.935550200000000012e-02
1.061259999999999981e-01 2.793628000000000083e-02 -3.060064999999999834e-03 0.000000000000000000e+00 8.915493999999999503e-03 0.000000000000000000e+00 2.876033000000000062e-02 1.902078600000000133e-02
1.123149999999999982e-01 2.824640000000000137e-02 -3.274488999999999785e-03 0.000000000000000000e+00 9.583121000000000000e-03 0.000000000000000000e+00 2.901323000000000096e-02 1.866327900000000137e-02
1.185029999999999972e-01 2.852572000000000094e-02 -3.489972000000000039e-03 0.000000000000000000e+00 1.023357000000000086e-02 0.000000000000000000e+00 2.922504000000000074e-02 1.829215000000000008e-02
1.246919999999999973e-01 2.878249000000000085e-02 -3.706277000000000009e-03 0.000000000000000000e+00 1.086774000000000073e-02 0.000000000000000000e+00 2.940566000000000013e-02 1.791475000000000012e-02
1.308809999999999973e-01 2.902205000000000062e-02 -3.923465000000000112e-03 0.000000000000000000e+00 1.148565000000000003e-02 0.000000000000000000e+00 2.955964999999999981e-02 1.753640000000000060e-02
1.370699999999999974e-01 2.924618000000000009e-02 -4.141253000000000122e-03 0.000000000000000000e+00 1.208513999999999942e-02 0.000000000000000000e+00 2.968996000000000135e-02 1.716104000000000240e-02
1.432579999999999965e-01 2.945934999999999873e-02 -4.359265999999999662e-03 0.000000000000000000e+00 1.266724999999999969e-02 0.000000000000000000e+00 2.980145000000000016e-02 1.679209999999999731e-02
1.494469999999999965e-01 2.966515000000000124e-02 -4.577536999999999578e-03 0.000000000000000000e+00 1.323321000000000046e-02 0.000000000000000000e+00 2.989701000000000164e-02 1.643193999999999905e-02
1.556359999999999966e-01 2.986627999999999852e-02 -4.796245000000000196e-03 0.000000000000000000e+00 1.378346000000000085e-02 0.000000000000000000e+00 2.997833000000000095e-02 1.608281999999999767e-02
1.618249999999999966e-01 3.006516000000000050e-02 -5.015503000000000149e-03 0.000000000000000000e+00 1.431857999999999916e-02 0.000000000000000000e+00 3.004729000000000080e-02 1.574658000000000307e-02
1.680129999999999957e-01 3.026370000000000102e-02 -5.235326000000000216e-03 0.000000000000000000e+00 1.483900999999999970e-02 0.000000000000000000e+00 3.010600000000000082e-02 1.542469000000000132e-02
1.742019999999999957e-01 3.046342999999999968e-02 -5.455548999999999642e-03 0.000000000000000000e+00 1.534521999999999969e-02 0.000000000000000000e+00 3.015701999999999966e-02 1.511820999999999998e-02
1.803909999999999958e-01 3.066552000000000167e-02 -5.676010999999999904e-03 0.000000000000000000e+00 1.583773000000000125e-02 0.000000000000000000e+00 3.020340999999999998e-02 1.482779000000000041e-02
1.865799999999999959e-01 3.087039000000000102e-02 -5.896732000000000015e-03 0.000000000000000000e+00 1.631700999999999985e-02 0.000000000000000000e+00 3.024827000000000071e-02 1.455338000000000118e-02
1.927679999999999949e-01 3.107769000000000156e-02 -6.117642999999999866e-03 0.000000000000000000e+00 1.678363000000000077e-02 0.000000000000000000e+00 3.029431000000000138e-02 1.429406000000000079e-02
1.989569999999999950e-01 3.128768999999999995e-02 -6.338774999999999618e-03 0.000000000000000000e+00 1.723718999999999946e-02 0.000000000000000000e+00 3.034190999999999971e-02 1.405050000000000049e-02
2.051459999999999950e-01 3.150242000000000320e-02 -6.559940000000000215e-03 0.000000000000000000e+00 1.767871999999999846e-02 0.000000000000000000e+00 3.039468999999999851e-02 1.382370000000000473e-02
2.113349999999999951e-01 3.172504000000000296e-02 -6.780056999999999924e-03 0.000000000000000000e+00 1.811205000000000107e-02 0.000000000000000000e+00 3.045789999999999956e-02 1.361299000000000189e-02
2.175239999999999951e-01 3.194922000000000040e-02 -7.001356000000000246e-03 0.000000000000000000e+00 1.853118999999999947e-02 0.000000000000000000e+00 3.051890999999999979e-02 1.341803000000000093e-02
2.237119999999999942e-01 3.217580999999999913e-02 -7.222031000000000284e-03 0.000000000000000000e+00 1.893738999999999839e-02 0.000000000000000000e+00 3.058452999999999866e-02 1.323842000000000074e-02
2.299009999999999942e-01 3.240629999999999900e-02 -7.443454000000000390e-03 0.000000000000000000e+00 1.933338000000000070e-02 0.000000000000000000e+00 3.065288000000000040e-02 1.307291999999999829e-02
2.360899999999999943e-01 3.264170999999999739e-02 -7.665627000000000378e-03 0.000000000000000000e+00 1.972111000000000003e-02 0.000000000000000000e+00 3.072276999999999994e-02 1.292059999999999736e-02
2.422789999999999944e-01 3.288529999999999925e-02 -7.888865999999999587e-03 0.000000000000000000e+00 2.009518000000000068e-02 0.000000000000000000e+00 3.079377000000000156e-02 1.279011999999999857e-02
2.484669999999999934e-01 3.313532999999999756e-02 -8.114303999999999267e-03 0.000000000000000000e+00 2.045881000000000088e-02 0.000000000000000000e+00 3.086788999999999852e-02 1.267651999999999668e-02
2.546559999999999935e-01 3.339080999999999994e-02 -8.340481000000000283e-03 0.000000000000000000e+00 2.081476000000000159e-02 0.000000000000000000e+00 3.094142000000000073e-02 1.257604999999999834e-02
2.608449999999999935e-01 3.365888000000000213e-02 -8.565405999999999367e-03 0.000000000000000000e+00 2.115714000000000136e-02 0.000000000000000000e+00 3.102090999999999876e-02 1.250174000000000077e-02
2.670339999999999936e-01 3.393609999999999682e-02 -8.792835000000000581e-03 0.000000000000000000e+00 2.149345000000000075e-02 0.000000000000000000e+00 3.110575000000000145e-02 1.244264999999999607e-02
2.732220000000000204e-01 3.422080000000000261e-02 -9.022047999999999526e-03 0.000000000000000000e+00 2.182506000000000029e-02 0.000000000000000000e+00 3.119453999999999977e-02 1.239574000000000231e-02
2.794110000000000205e-01 3.451320000000000082e-02 -9.247919999999999752e-03 0.000000000000000000e+00 2.214328999999999950e-02 0.000000000000000000e+00 3.129095999999999961e-02 1.236991000000000132e-02
2.856000000000000205e-01 3.480859000000000036e-02 -9.474249000000000559e-03 0.000000000000000000e+00 2.245685999999999863e-02 0.000000000000000000e+00 3.139120000000000105e-02 1.235173000000000174e-02
2.917890000000000206e-01 3.510892000000000179e-02 -9.699833999999999193e-03 0.000000000000000000e+00 2.276364000000000165e-02 0.000000000000000000e+00 3.149715000000000154e-02 1.234528000000000014e-02
2.979769999999999919e-01 3.541176000000000046e-02 -9.926025999999999253e-03 0.000000000000000000e+00 2.306141999999999914e-02 0.000000000000000000e+00 3.160956000000000182e-02 1.235034000000000132e-02
3.041659999999999919e-01 3.571533000000000346e-02 -1.014932999999999981e-02 0.000000000000000000e+00 2.335629999999999998e-02 0.000000000000000000e+00 3.172380999999999812e-02 1.235903000000000349e-02
3.103549999999999920e-01 3.602175999999999989e-02 -1.037472000000000047e-02 0.000000000000000000e+00 2.364006000000000093e-02 0.000000000000000000e+00 3.184287999999999702e-02 1.238169999999999896e-02
3.165439999999999920e-01 3.632910000000000306e-02 -1.059987000000000082e-02 0.000000000000000000e+00 2.392125999999999975e-02 0.000000000000000000e+00 3.196269000000000193e-02 1.240784000000000331e-02
3.227320000000000189e-01 3.663869000000000153e-02 -1.082667999999999998e-02 0.000000000000000000e+00 2.418908000000000169e-02 0.000000000000000000e+00 3.208087999999999912e-02 1.244960999999999984e-02
3.289210000000000189e-01 3.694897999999999932e-02 -1.105318999999999920e-02 0.000000000000000000e+00 2.445574000000000012e-02 0.000000000000000000e+00 3.219861999999999724e-02 1.249323999999999921e-02
3.351100000000000190e-01 3.726381000000000138e-02 -1.127900000000000083e-02 0.000000000000000000e+00 2.471227999999999966e-02 0.000000000000000000e+00 3.231570000000000276e-02 1.255153000000000171e-02
3.412990000000000190e-01 3.757887000000000033e-02 -1.150446999999999928e-02 0.000000000000000000e+00 2.496862999999999860e-02 0.000000000000000000e+00 3.243315000000000087e-02 1.261024000000000173e-02
3.474869999999999903e-01 3.789543000000000078e-02 -1.172835000000000023e-02 0.000000000000000000e+00 2.521510000000000071e-02 0.000000000000000000e+00 3.255349999999999910e-02 1.268033000000000007e-02
3.536759999999999904e-01 3.821220000000000172e-02 -1.195191999999999956e-02 0.000000000000000000e+00 2.546158999999999922e-02 0.000000000000000000e+00 3.267482000000000025e-02 1.275061000000000250e-02
3.598649999999999904e-01 3.853261000000000186e-02 -1.217471999999999999e-02 0.000000000000000000e+00 2.569919999999999843e-02 0.000000000000000000e+00 3.280397000000000174e-02 1.283341000000000343e-02
3.660539999999999905e-01 3.885339000000000154e-02 -1.239740999999999933e-02 0.000000000000000000e+00 2.593627999999999906e-02 0.000000000000000000e+00 3.293398000000000159e-02 1.291711000000000248e-02
3.722420000000000173e-01 3.917709999999999942e-02 -1.261890000000000060e-02 0.000000000000000000e+00 2.616624999999999854e-02 0.000000000000000000e+00 3.307331000000000160e-02 1.301085000000000089e-02
3.784310000000000174e-01 3.950263999999999859e-02 -1.283944000000000057e-02 0.000000000000000000e+00 2.639589999999999992e-02 0.000000000000000000e+00 3.321680999999999939e-02 1.310673999999999867e-02
3.846200000000000174e-01 3.983017999999999975e-02 -1.305887000000000020e-02 0.000000000000000000e+00 2.661944999999999936e-02 0.000000000000000000e+00 3.336780999999999775e-02 1.321073000000000039e-02
3.908090000000000175e-01 4.016091000000000105e-02 -1.327660999999999945e-02 0.000000000000000000e+00 2.684247000000000022e-02 0.000000000000000000e+00 3.351976999999999735e-02 1.331844000000000083e-02
3.969969999999999888e-01 4.049209000000000142e-02 -1.349242999999999970e-02 0.000000000000000000e+00 2.706122000000000041e-02 0.000000000000000000e+00 3.367818000000000200e-02 1.343087000000000100e-02
4.031859999999999888e-01 4.082667000000000240e-02 -1.370572999999999930e-02 0.000000000000000000e+00 2.727931999999999926e-02 0.000000000000000000e+00 3.383242999999999667e-02 1.354735000000000314e-02
4.093749999999999889e-01 4.116419000000000328e-02 -1.391910000000000022e-02 0.000000000000000000e+00 2.749363999999999975e-02 0.000000000000000000e+00 3.398956000000000199e-02 1.367055000000000353e-02
4.155639999999999890e-01 4.150701999999999864e-02 -1.413220999999999922e-02 0.000000000000000000e+00 2.770478999999999997e-02 0.000000000000000000e+00 3.414280000000000093e-02 1.380222999999999867e-02
4.217529999999999890e-01 4.184791999999999679e-02 -1.434436000000000044e-02 0.000000000000000000e+00 2.791466999999999907e-02 0.000000000000000000e+00 3.429246999999999851e-02 1.393324999999999772e-02
4.279410000000000158e-01 4.218956000000000095e-02 -1.455283999999999918e-02 0.000000000000000000e+00 2.811808999999999836e-02 0.000000000000000000e+00 3.444126000000000132e-02 1.407147000000000259e-02
4.341300000000000159e-01 4.252783999999999731e-02 -1.475999000000000061e-02 0.000000000000000000e+00 2.832201000000000163e-02 0.000000000000000000e+00 3.458465000000000150e-02 1.420582999999999568e-02
4.403190000000000159e-01 4.285685000000000189e-02 -1.496463999999999954e-02 0.000000000000000000e+00 2.851580000000000087e-02 0.000000000000000000e+00 3.472257000000000121e-02 1.434105000000000102e-02
4.465080000000000160e-01 4.318500000000000116e-02 -1.516898000000000031e-02 0.000000000000000000e+00 2.870974999999999916e-02 0.000000000000000000e+00 3.485941000000000040e-02 1.447525000000000200e-02
4.526959999999999873e-01 4.349729000000000095e-02 -1.536218999999999953e-02 0.000000000000000000e+00 2.889763000000000054e-02 0.000000000000000000e+00 3.498538000000000342e-02 1.459966000000000041e-02
4.588849999999999874e-01 4.380774999999999947e-02 -1.555360000000000076e-02 0.000000000000000000e+00 2.908356000000000136e-02 0.000000000000000000e+00 3.511142999999999903e-02 1.472418999999999811e-02
4.650739999999999874e-01 4.411920999999999898e-02 -1.574632000000000115e-02 0.000000000000000000e+00 2.926250999999999852e-02 0.000000000000000000e+00 3.522994000000000125e-02 1.485670000000000046e-02
4.712629999999999875e-01 4.443323999999999885e-02 -1.594015000000000015e-02 0.000000000000000000e+00 2.943588999999999928e-02 0.000000000000000000e+00 3.534464999999999829e-02 1.499734999999999957e-02
4.774510000000000143e-01 4.474745000000000111e-02 -1.612910999999999859e-02 0.000000000000000000e+00 2.960625000000000062e-02 0.000000000000000000e+00 3.545593999999999829e-02 1.514120000000000049e-02
4.836400000000000143e-01 4.506451999999999680e-02 -1.630695999999999882e-02 0.000000000000000000e+00 2.977122999999999922e-02 0.000000000000000000e+00 3.556163999999999853e-02 1.529328999999999758e-02
4.898290000000000144e-01 4.538331999999999783e-02 -1.648753999999999845e-02 0.000000000000000000e+00 2.993426000000000073e-02 0.000000000000000000e+00 3.566628000000000159e-02 1.544905999999999710e-02
4.960180000000000144e-01 4.572050999999999893e-02 -1.668241000000000168e-02 0.000000000000000000e+00 3.008523000000000100e-02 0.000000000000000000e+00 3.576760999999999829e-02 1.563527999999999793e-02
5.022060000000000413e-01 4.605829000000000173e-02 -1.687684999999999880e-02 0.000000000000000000e+00 3.023630999999999888e-02 0.000000000000000000e+00 3.586940999999999741e-02 1.582198000000000285e-02
5.083950000000000413e-01 4.638831999999999678e-02 -1.704388999999999904e-02 0.000000000000000000e+00 3.037899000000000155e-02 0.000000000000000000e+00 3.596778999999999948e-02 1.600932999999999523e-02
5.145840000000000414e-01 4.671879000000000309e-02 -1.720879999999999979e-02 0.000000000000000000e+00 3.052153999999999978e-02 0.000000000000000000e+00 3.606648999999999966e-02 1.619725000000000331e-02
5.207730000000000414e-01 4.706279000000000018e-02 -1.740320000000000061e-02 0.000000000000000000e+00 3.065570999999999921e-02 0.000000000000000000e+00 3.616714000000000040e-02 1.640708000000000097e-02
5.269610000000000127e-01 4.741018999999999789e-02 -1.760571000000000011e-02 0.000000000000000000e+00 3.078747999999999901e-02 0.000000000000000000e+00 3.626850000000000213e-02 1.662270999999999888e-02
5.331500000000000128e-01 4.773398000000000224e-02 -1.776851000000000125e-02 0.000000000000000000e+00 3.090437000000000045e-02 0.000000000000000000e+00 3.636410000000000337e-02 1.682961000000000179e-02
5.393390000000000128e-01 4.804603999999999819e-02 -1.791467999999999880e-02 0.000000000000000000e+00 3.101361999999999869e-02 0.000000000000000000e+00 3.645860000000000073e-02 1.703241999999999950e-02
5.455280000000000129e-01 4.836987000000000231e-02 -1.809720000000000079e-02 0.000000000000000000e+00 3.113586000000000131e-02 0.000000000000000000e+00 3.654956000000000177e-02 1.723401000000000099e-02
5.517159999999999842e-01 4.869990999999999903e-02 -1.830508999999999956e-02 0.000000000000000000e+00 3.126550000000000162e-02 0.000000000000000000e+00 3.663754999999999790e-02 1.743440999999999741e-02
5.579049999999999843e-01 4.898928000000000310e-02 -1.845149000000000095e-02 0.000000000000000000e+00 3.136635000000000117e-02 0.000000000000000000e+00 3.672821999999999892e-02 1.762293000000000193e-02
5.640939999999999843e-01 4.925849000000000200e-02 -1.856835999999999903e-02 0.000000000000000000e+00 3.145313000000000275e-02 0.000000000000000000e+00 3.681991999999999904e-02 1.780535999999999924e-02
5.702829999999999844e-01 4.958405999999999925e-02 -1.873723999999999876e-02 0.000000000000000000e+00 3.154164999999999747e-02 0.000000000000000000e+00 3.691264999999999824e-02 1.804241000000000178e-02
5.764709999999999557e-01 4.992264999999999897e-02 -1.892069999999999863e-02 0.000000000000000000e+00 3.163068000000000130e-02 0.000000000000000000e+00 3.701203000000000132e-02 1.829196999999999768e-02
5.826599999999999557e-01 5.022291000000000255e-02 -1.905671000000000101e-02 0.000000000000000000e+00 3.171722999999999903e-02 0.000000000000000000e+00 3.710825999999999708e-02 1.850568000000000352e-02
5.888489999999999558e-01 5.050749000000000211e-02 -1.918100000000000013e-02 0.000000000000000000e+00 3.180341999999999891e-02 0.000000000000000000e+00 3.720878999999999853e-02 1.870407000000000319e-02
5.950379999999999558e-01 5.082967000000000041e-02 -1.932468999999999854e-02 0.000000000000000000e+00 3.187685999999999992e-02 0.000000000000000000e+00 3.730296999999999780e-02 1.895281000000000049e-02
6.012260000000000382e-01 5.116216999999999987e-02 -1.947557999999999928e-02 0.000000000000000000e+00 3.194356999999999752e-02 0.000000000000000000e+00 3.739382000000000122e-02 1.921860000000000235e-02
6.074150000000000382e-01 5.147252000000000077e-02 -1.960488000000000161e-02 0.000000000000000000e+00 3.201114000000000043e-02 0.000000000000000000e+00 3.747814000000000006e-02 1.946138000000000035e-02
6.136040000000000383e-01 5.177701999999999999e-02 -1.972170999999999993e-02 0.000000000000000000e+00 3.207825999999999733e-02 0.000000000000000000e+00 3.755758000000000013e-02 1.969876000000000266e-02
6.197930000000000383e-01 5.208481000000000222e-02 -1.984270000000000131e-02 0.000000000000000000e+00 3.214068999999999954e-02 0.000000000000000000e+00 3.763640000000000041e-02 1.994412000000000268e-02
6.259810000000000096e-01 5.240629000000000121e-02 -1.996676999999999827e-02 0.000000000000000000e+00 3.219604999999999689e-02 0.000000000000000000e+00 3.771319000000000060e-02 2.021024000000000431e-02
6.321700000000000097e-01 5.272227000000000163e-02 -2.008766999999999844e-02 0.000000000000000000e+00 3.225117999999999735e-02 0.000000000000000000e+00 3.778958000000000317e-02 2.047109000000000428e-02
6.383590000000000098e-01 5.302381999999999929e-02 -2.019367000000000037e-02 0.000000000000000000e+00 3.230343000000000103e-02 0.000000000000000000e+00 3.786769999999999720e-02 2.072038999999999825e-02
6.445480000000000098e-01 5.332433000000000312e-02 -2.029989999999999919e-02 0.000000000000000000e+00 3.235564999999999969e-02 0.000000000000000000e+00 3.794288999999999995e-02 2.096868000000000343e-02
6.507370000000000099e-01 5.362647999999999721e-02 -2.040590999999999933e-02 0.000000000000000000e+00 3.240098000000000283e-02 0.000000000000000000e+00 3.803130999999999873e-02 2.122549999999999437e-02
6.569249999999999812e-01 5.392827000000000037e-02 -2.051154000000000172e-02 0.000000000000000000e+00 3.244527999999999995e-02 0.000000000000000000e+00 3.812014999999999848e-02 2.148299000000000042e-02
6.631139999999999812e-01 5.422141999999999934e-02 -2.061475999999999933e-02 0.000000000000000000e+00 3.248722999999999889e-02 0.000000000000000000e+00 3.821850000000000247e-02 2.173419000000000045e-02
6.693029999999999813e-01 5.450150000000000133e-02 -2.071363000000000024e-02 0.000000000000000000e+00 3.252598000000000295e-02 0.000000000000000000e+00 3.832867999999999692e-02 2.197551999999999839e-02
6.754919999999999813e-01 5.478091999999999684e-02 -2.081254999999999911e-02 0.000000000000000000e+00 3.256504000000000343e-02 0.000000000000000000e+00 3.843767000000000017e-02 2.221587999999999341e-02
6.816799999999999526e-01 5.504943999999999810e-02 -2.090890000000000110e-02 0.000000000000000000e+00 3.259816000000000102e-02 0.000000000000000000e+00 3.855084999999999762e-02 2.245127999999999707e-02
6.878689999999999527e-01 5.531747000000000053e-02 -2.100518999999999997e-02 0.000000000000000000e+00 3.263005000000000072e-02 0.000000000000000000e+00 3.866491999999999846e-02 2.268741999999999981e-02
6.940579999999999528e-01 5.557956000000000008e-02 -2.109826000000000062e-02 0.000000000000000000e+00 3.266053000000000012e-02 0.000000000000000000e+00 3.877756000000000258e-02 2.291902999999999996e-02
7.002469999999999528e-01 5.583064000000000082e-02 -2.118505000000000041e-02 0.000000000000000000e+00 3.268477000000000188e-02 0.000000000000000000e+00 3.888748000000000205e-02 2.314586999999999894e-02
7.064350000000000351e-01 5.607954999999999884e-02 -2.127157000000000006e-02 0.000000000000000000e+00 3.271008000000000249e-02 0.000000000000000000e+00 3.899617999999999834e-02 2.336946999999999636e-02
7.126240000000000352e-01 5.632863999999999927e-02 -2.135456999999999980e-02 0.000000000000000000e+00 3.272814999999999752e-02 0.000000000000000000e+00 3.910141999999999785e-02 2.360049000000000174e-02
7.188130000000000353e-01 5.656992999999999744e-02 -2.143509000000000039e-02 0.000000000000000000e+00 3.274323999999999985e-02 0.000000000000000000e+00 3.919918000000000013e-02 2.382668999999999759e-02
7.250020000000000353e-01 5.681121000000000087e-02 -2.151559999999999931e-02 0.000000000000000000e+00 3.275833999999999691e-02 0.000000000000000000e+00 3.929689000000000099e-02 2.405287000000000397e-02
7.311900000000000066e-01 5.704755999999999716e-02 -2.158817999999999848e-02 0.000000000000000000e+00 3.276246000000000019e-02 0.000000000000000000e+00 3.938085999999999670e-02 2.428509999999999697e-02
7.373790000000000067e-01 5.728213000000000055e-02 -2.165879000000000068e-02 0.000000000000000000e+00 3.276351000000000263e-02 0.000000000000000000e+00 3.946009000000000322e-02 2.451861999999999792e-02
7.435680000000000067e-01 5.751421999999999785e-02 -2.173042999999999850e-02 0.000000000000000000e+00 3.276562000000000224e-02 0.000000000000000000e+00 3.953695000000000126e-02 2.474859999999999560e-02
7.497570000000000068e-01 5.774349000000000148e-02 -2.179466999999999863e-02 0.000000000000000000e+00 3.275497000000000131e-02 0.000000000000000000e+00 3.959402000000000060e-02 2.498852000000000018e-02
7.559449999999999781e-01 5.797304999999999819e-02 -2.185741999999999893e-02 0.000000000000000000e+00 3.274238000000000148e-02 0.000000000000000000e+00 3.964974999999999750e-02 2.523066999999999671e-02
7.621339999999999781e-01 5.820196999999999871e-02 -2.192159999999999942e-02 0.000000000000000000e+00 3.273111000000000076e-02 0.000000000000000000e+00 3.970488999999999963e-02 2.547085999999999795e-02
7.683229999999999782e-01 5.841385999999999801e-02 -2.197605999999999865e-02 0.000000000000000000e+00 3.271129999999999871e-02 0.000000000000000000e+00 3.973404999999999992e-02 2.570255999999999930e-02
7.745119999999999783e-01 5.862769000000000313e-02 -2.203023999999999955e-02 0.000000000000000000e+00 3.268978000000000161e-02 0.000000000000000000e+00 3.976313000000000070e-02 2.593791000000000152e-02
7.806999999999999496e-01 5.884082000000000201e-02 -2.208430000000000115e-02 0.000000000000000000e+00 3.266845000000000165e-02 0.000000000000000000e+00 3.979176999999999714e-02 2.617237000000000036e-02
7.868889999999999496e-01 5.903772999999999660e-02 -2.213123999999999994e-02 0.000000000000000000e+00 3.264009999999999828e-02 0.000000000000000000e+00 3.979778999999999956e-02 2.639762999999999832e-02
7.930779999999999497e-01 5.923302999999999902e-02 -2.217710999999999988e-02 0.000000000000000000e+00 3.260787999999999881e-02 0.000000000000000000e+00 3.980278999999999762e-02 2.662515000000000021e-02
7.992669999999999497e-01 5.942940000000000028e-02 -2.222371000000000069e-02 0.000000000000000000e+00 3.257651999999999770e-02 0.000000000000000000e+00 3.980854999999999810e-02 2.685288000000000258e-02
8.054550000000000320e-01 5.961227000000000192e-02 -2.226507000000000139e-02 0.000000000000000000e+00 3.254376999999999964e-02 0.000000000000000000e+00 3.979880000000000223e-02 2.706850000000000228e-02
8.116440000000000321e-01 5.978553999999999813e-02 -2.230195999999999915e-02 0.000000000000000000e+00 3.250924000000000175e-02 0.000000000000000000e+00 3.977738000000000107e-02 2.727629999999999638e-02
8.178330000000000322e-01 5.995875999999999983e-02 -2.233900999999999942e-02 0.000000000000000000e+00 3.247453000000000145e-02 0.000000000000000000e+00 3.975644999999999873e-02 2.748422999999999838e-02
8.240220000000000322e-01 6.012905000000000333e-02 -2.237480000000000024e-02 0.000000000000000000e+00 3.243743000000000321e-02 0.000000000000000000e+00 3.973319000000000156e-02 2.769162000000000012e-02
8.302100000000000035e-01 6.029290000000000344e-02 -2.240651000000000101e-02 0.000000000000000000e+00 3.239601000000000286e-02 0.000000000000000000e+00 3.970078999999999969e-02 2.789689000000000058e-02
8.363990000000000036e-01 6.045604000000000255e-02 -2.243813999999999878e-02 0.000000000000000000e+00 3.235379000000000033e-02 0.000000000000000000e+00 3.966768999999999851e-02 2.810225000000000223e-02
8.425880000000000036e-01 6.061902000000000262e-02 -2.246975999999999835e-02 0.000000000000000000e+00 3.231139000000000233e-02 0.000000000000000000e+00 3.963442999999999827e-02 2.830763000000000029e-02
8.487770000000000037e-01 6.075355000000000338e-02 -2.248653000000000110e-02 0.000000000000000000e+00 3.226377999999999885e-02 0.000000000000000000e+00 3.960741999999999735e-02 2.848977000000000454e-02
8.549660000000000037e-01 6.088443000000000327e-02 -2.250113999999999934e-02 0.000000000000000000e+00 3.221215000000000189e-02 0.000000000000000000e+00 3.958314999999999750e-02 2.867228000000000138e-02
8.611539999999999750e-01 6.101532999999999957e-02 -2.251575999999999925e-02 0.000000000000000000e+00 3.216042000000000206e-02 0.000000000000000000e+00 3.955896999999999886e-02 2.885490999999999751e-02
8.673429999999999751e-01 6.113865999999999745e-02 -2.252656000000000103e-02 0.000000000000000000e+00 3.210704000000000335e-02 0.000000000000000000e+00 3.953511999999999998e-02 2.903161999999999410e-02
8.735319999999999752e-01 6.124058000000000279e-02 -2.252681999999999948e-02 0.000000000000000000e+00 3.204979000000000161e-02 0.000000000000000000e+00 3.951220999999999900e-02 2.919079000000000118e-02
8.797209999999999752e-01 6.134248999999999952e-02 -2.252708000000000141e-02 0.000000000000000000e+00 3.199253999999999987e-02 0.000000000000000000e+00 3.948930999999999969e-02 2.934994999999999965e-02
8.859089999999999465e-01 6.144495999999999986e-02 -2.252782000000000048e-02 0.000000000000000000e+00 3.193487999999999882e-02 0.000000000000000000e+00 3.946692999999999729e-02 2.951008000000000103e-02
8.920979999999999466e-01 6.152244999999999936e-02 -2.251745999999999956e-02 0.000000000000000000e+00 3.187649000000000038e-02 0.000000000000000000e+00 3.943094999999999933e-02 2.964595999999999898e-02
8.982869999999999466e-01 6.158457999999999988e-02 -2.250011999999999845e-02 0.000000000000000000e+00 3.181794999999999762e-02 0.000000000000000000e+00 3.938646999999999981e-02 2.976663000000000225e-02
9.044759999999999467e-01 6.164751999999999732e-02 -2.248253999999999878e-02 0.000000000000000000e+00 3.175950000000000301e-02 0.000000000000000000e+00 3.934311000000000058e-02 2.988801999999999431e-02
9.106640000000000290e-01 6.171196000000000320e-02 -2.246449999999999836e-02 0.000000000000000000e+00 3.170121000000000050e-02 0.000000000000000000e+00 3.930182000000000120e-02 3.001075000000000270e-02
9.168530000000000291e-01 6.177379999999999677e-02 -2.245236000000000107e-02 0.000000000000000000e+00 3.163490000000000052e-02 0.000000000000000000e+00 3.923833999999999655e-02 3.013889999999999625e-02
9.230420000000000291e-01 6.183481999999999867e-02 -2.244188999999999906e-02 0.000000000000000000e+00 3.156652000000000069e-02 0.000000000000000000e+00 3.917323000000000333e-02 3.026829999999999798e-02
9.292310000000000292e-01 6.189574999999999938e-02 -2.243153000000000161e-02 0.000000000000000000e+00 3.149803000000000325e-02 0.000000000000000000e+00 3.910931000000000130e-02 3.039771999999999613e-02
9.354190000000000005e-01 6.195669000000000176e-02 -2.242115999999999901e-02 0.000000000000000000e+00 3.142956000000000222e-02 0.000000000000000000e+00 3.904525999999999830e-02 3.052712999999999954e-02
9.416080000000000005e-01 6.197310000000000318e-02 -2.238771999999999984e-02 0.000000000000000000e+00 3.135632000000000003e-02 0.000000000000000000e+00 3.896625000000000089e-02 3.061678000000000316e-02
9.477970000000000006e-01 6.198474000000000345e-02 -2.235082999999999862e-02 0.000000000000000000e+00 3.128242999999999996e-02 0.000000000000000000e+00 3.888748000000000205e-02 3.070231000000000349e-02
9.539860000000000007e-01 6.199637000000000203e-02 -2.231394999999999906e-02 0.000000000000000000e+00 3.120853999999999989e-02 0.000000000000000000e+00 3.880871000000000320e-02 3.078783000000000214e-02
9.601739999999999720e-01 6.201020000000000143e-02 -2.227909999999999960e-02 0.000000000000000000e+00 3.113482999999999876e-02 0.000000000000000000e+00 3.873258999999999730e-02 3.087537000000000267e-02
9.663629999999999720e-01 6.201821999999999890e-02 -2.224624000000000046e-02 0.000000000000000000e+00 3.105704000000000103e-02 0.000000000000000000e+00 3.864560999999999691e-02 3.096117999999999787e-02
9.725519999999999721e-01 6.202459999999999918e-02 -2.221371999999999930e-02 0.000000000000000000e+00 3.097818999999999920e-02 0.000000000000000000e+00 3.855564000000000213e-02 3.104640999999999998e-02
9.787409999999999721e-01 6.203166999999999709e-02 -2.218217000000000105e-02 0.000000000000000000e+00 3.089955000000000132e-02 0.000000000000000000e+00 3.846572000000000185e-02 3.113211999999999577e-02
9.849290000000000544e-01 6.203903999999999669e-02 -2.215104000000000031e-02 0.000000000000000000e+00 3.082098999999999950e-02 0.000000000000000000e+00 3.837581000000000325e-02 3.121804999999999719e-02
9.911180000000000545e-01 6.201414999999999705e-02 -2.209623000000000143e-02 0.000000000000000000e+00 3.073723000000000080e-02 0.000000000000000000e+00 3.827939000000000341e-02 3.127691999999999972e-02
9.973070000000000546e-01 6.196688000000000196e-02 -2.202513999999999861e-02 0.000000000000000000e+00 3.065145999999999843e-02 0.000000000000000000e+00 3.817865000000000147e-02 3.131542000000000353e-02
1.003495999999999944e+00 6.192091000000000262e-02 -2.195512999999999978e-02 0.000000000000000000e+00 3.056719999999999923e-02 0.000000000000000000e+00 3.807830999999999716e-02 3.135371000000000685e-02
1.009684000000000026e+00 6.187494000000000327e-02 -2.188510999999999929e-02 0.000000000000000000e+00 3.048292999999999836e-02 0.000000000000000000e+00 3.797798000000000146e-02 3.139201000000000491e-02
1.015873000000000026e+00 6.182590000000000308e-02 -2.181730000000000128e-02 0.000000000000000000e+00 3.039696000000000065e-02 0.000000000000000000e+00 3.787200999999999762e-02 3.142894000000000243e-02
1.022062000000000026e+00 6.177238000000000173e-02 -2.176145000000000163e-02 0.000000000000000000e+00 3.030659999999999951e-02 0.000000000000000000e+00 3.775065999999999838e-02 3.146577999999999875e-02
1.028251000000000026e+00 6.171890000000000015e-02 -2.170549000000000089e-02 0.000000000000000000e+00 3.021599000000000160e-02 0.000000000000000000e+00 3.762928000000000106e-02 3.150290999999999508e-02
1.034439000000000108e+00 6.166536000000000239e-02 -2.164970000000000089e-02 0.000000000000000000e+00 3.012574000000000154e-02 0.000000000000000000e+00 3.750793999999999656e-02 3.153962000000000432e-02
1.040628000000000108e+00 6.161128999999999911e-02 -2.159565999999999916e-02 0.000000000000000000e+00 3.003919000000000034e-02 0.000000000000000000e+00 3.738699999999999662e-02 3.157209999999999878e-02
1.046817000000000109e+00 6.151612000000000052e-02 -2.150639000000000023e-02 0.000000000000000000e+00 2.994097999999999898e-02 0.000000000000000000e+00 3.727479999999999682e-02 3.157514000000000154e-02
1.053006000000000109e+00 6.140177000000000135e-02 -2.140067999999999832e-02 0.000000000000000000e+00 2.983734999999999860e-02 0.000000000000000000e+00 3.716665999999999720e-02 3.156442000000000275e-02
1.059193999999999969e+00 6.129016000000000325e-02 -2.129833000000000073e-02 0.000000000000000000e+00 2.973804999999999851e-02 0.000000000000000000e+00 3.705598000000000225e-02 3.155211000000000821e-02
1.065382999999999969e+00 6.117877000000000037e-02 -2.119624999999999981e-02 0.000000000000000000e+00 2.963910000000000156e-02 0.000000000000000000e+00 3.694507999999999820e-02 3.153966999999999882e-02
1.071571999999999969e+00 6.106642000000000320e-02 -2.109308999999999837e-02 0.000000000000000000e+00 2.953864000000000142e-02 0.000000000000000000e+00 3.683505000000000112e-02 3.152778000000000524e-02
1.077760999999999969e+00 6.095239999999999686e-02 -2.102769999999999986e-02 0.000000000000000000e+00 2.943826000000000082e-02 0.000000000000000000e+00 3.671201000000000325e-02 3.151413999999999604e-02
1.083949000000000051e+00 6.083730999999999861e-02 -2.096280999999999839e-02 0.000000000000000000e+00 2.933946000000000123e-02 0.000000000000000000e+00 3.659110000000000140e-02 3.149784999999999391e-02
1.090138000000000051e+00 6.072543999999999859e-02 -2.089726999999999904e-02 0.000000000000000000e+00 2.923964999999999897e-02 0.000000000000000000e+00 3.647787999999999725e-02 3.148578999999999961e-02
1.096327000000000051e+00 6.061441000000000051e-02 -2.083155000000000076e-02 0.000000000000000000e+00 2.913957000000000006e-02 0.000000000000000000e+00 3.636667999999999845e-02 3.147484000000000393e-02
1.102516000000000052e+00 6.049953000000000275e-02 -2.075988000000000139e-02 0.000000000000000000e+00 2.903574000000000085e-02 0.000000000000000000e+00 3.625425000000000175e-02 3.146379000000000536e-02
1.108705000000000052e+00 6.038057000000000146e-02 -2.065171999999999841e-02 0.000000000000000000e+00 2.889345000000000108e-02 0.000000000000000000e+00 3.613953999999999778e-02 3.148712000000000039e-02
1.114892999999999912e+00 6.026100999999999680e-02 -2.054301000000000044e-02 0.000000000000000000e+00 2.875045000000000031e-02 0.000000000000000000e+00 3.602433000000000024e-02 3.151055999999999302e-02
1.121081999999999912e+00 6.014136999999999955e-02 -2.043421999999999947e-02 0.000000000000000000e+00 2.860735999999999835e-02 0.000000000000000000e+00 3.590907000000000127e-02 3.153401000000000121e-02
1.127270999999999912e+00 6.002437000000000050e-02 -2.032789000000000124e-02 0.000000000000000000e+00 2.846738999999999867e-02 0.000000000000000000e+00 3.579597999999999808e-02 3.155697999999999837e-02
1.133459999999999912e+00 5.990525000000000017e-02 -2.022271999999999958e-02 0.000000000000000000e+00 2.832938000000000123e-02 0.000000000000000000e+00 3.567866000000000093e-02 3.157586999999999894e-02
1.139647999999999994e+00 5.975242000000000053e-02 -2.013600999999999933e-02 0.000000000000000000e+00 2.822258999999999879e-02 0.000000000000000000e+00 3.549378999999999729e-02 3.152983000000000174e-02
1.145836999999999994e+00 5.960092000000000168e-02 -2.005022999999999875e-02 0.000000000000000000e+00 2.811775999999999859e-02 0.000000000000000000e+00 3.530954000000000037e-02 3.148316000000000309e-02
1.152025999999999994e+00 5.945096999999999882e-02 -1.996550999999999881e-02 0.000000000000000000e+00 2.801520999999999872e-02 0.000000000000000000e+00 3.512599000000000277e-02 3.143576000000000009e-02
1.158214999999999995e+00 5.930102000000000290e-02 -1.988078000000000067e-02 0.000000000000000000e+00 2.791267000000000054e-02 0.000000000000000000e+00 3.494244999999999990e-02 3.138835000000000236e-02
1.164403000000000077e+00 5.915068999999999882e-02 -1.979579999999999881e-02 0.000000000000000000e+00 2.780954999999999885e-02 0.000000000000000000e+00 3.475871999999999989e-02 3.134114000000000344e-02
1.170592000000000077e+00 5.897492000000000012e-02 -1.968125999999999903e-02 0.000000000000000000e+00 2.767663000000000068e-02 0.000000000000000000e+00 3.459149999999999725e-02 3.129828999999999944e-02
1.176781000000000077e+00 5.879046999999999745e-02 -1.955948000000000062e-02 0.000000000000000000e+00 2.753629999999999967e-02 0.000000000000000000e+00 3.442338000000000342e-02 3.125416999999999779e-02
1.182970000000000077e+00 5.860574000000000339e-02 -1.943771000000000040e-02 0.000000000000000000e+00 2.739582999999999949e-02 0.000000000000000000e+00 3.425418000000000213e-02 3.120991000000000390e-02
1.189157999999999937e+00 5.842100000000000071e-02 -1.931594000000000019e-02 0.000000000000000000e+00 2.725537000000000099e-02 0.000000000000000000e+00 3.408499000000000251e-02 3.116562999999999972e-02
1.195346999999999937e+00 5.823564999999999992e-02 -1.919687999999999950e-02 0.000000000000000000e+00 2.711857000000000156e-02 0.000000000000000000e+00 3.391418999999999684e-02 3.111707999999999835e-02
1.201535999999999937e+00 5.804079999999999656e-02 -1.908713000000000076e-02 0.000000000000000000e+00 2.698862999999999956e-02 0.000000000000000000e+00 3.372200000000000197e-02 3.105216999999999700e-02
1.207724999999999937e+00 5.783685999999999688e-02 -1.898504000000000164e-02 0.000000000000000000e+00 2.686329999999999968e-02 0.000000000000000000e+00 3.350941000000000336e-02 3.097355999999999721e-02
1.213913000000000020e+00 5.763283999999999768e-02 -1.888282000000000155e-02 0.000000000000000000e+00 2.673785000000000051e-02 0.000000000000000000e+00 3.329689999999999733e-02 3.089498999999999718e-02
1.220102000000000020e+00 5.742909999999999682e-02 -1.878107999999999861e-02 0.000000000000000000e+00 2.661287999999999848e-02 0.000000000000000000e+00 3.308408000000000182e-02 3.081621999999999834e-02
1.226291000000000020e+00 5.722562999999999955e-02 -1.867983000000000143e-02 0.000000000000000000e+00 2.648839999999999875e-02 0.000000000000000000e+00 3.287096999999999936e-02 3.073723000000000080e-02
1.232480000000000020e+00 5.700594999999999968e-02 -1.857212999999999919e-02 0.000000000000000000e+00 2.636039999999999911e-02 0.000000000000000000e+00 3.265888000000000124e-02 3.064555000000000057e-02
1.238668000000000102e+00 5.672721000000000013e-02 -1.844093999999999942e-02 0.000000000000000000e+00 2.621959000000000095e-02 0.000000000000000000e+00 3.245056999999999803e-02 3.050761999999999918e-02
1.244857000000000102e+00 5.645764000000000338e-02 -1.831042000000000086e-02 0.000000000000000000e+00 2.607858999999999872e-02 0.000000000000000000e+00 3.223991999999999830e-02 3.037905000000000466e-02
1.251046000000000102e+00 5.619065000000000171e-02 -1.818008999999999944e-02 0.000000000000000000e+00 2.593753000000000031e-02 0.000000000000000000e+00 3.202862000000000070e-02 3.025312000000000140e-02
1.257235000000000102e+00 5.592367000000000171e-02 -1.804976000000000150e-02 0.000000000000000000e+00 2.579646999999999843e-02 0.000000000000000000e+00 3.181732999999999784e-02 3.012720000000000328e-02
1.263422999999999963e+00 5.565631000000000050e-02 -1.791939999999999852e-02 0.000000000000000000e+00 2.565542999999999990e-02 0.000000000000000000e+00 3.160612000000000144e-02 3.000088000000000060e-02
1.269611999999999963e+00 5.538983000000000101e-02 -1.780661999999999870e-02 0.000000000000000000e+00 2.552837999999999982e-02 0.000000000000000000e+00 3.139349999999999780e-02 2.986145000000000119e-02
1.275800999999999963e+00 5.512482999999999966e-02 -1.769470999999999891e-02 0.000000000000000000e+00 2.540206999999999882e-02 0.000000000000000000e+00 3.118299999999999891e-02 2.972276000000000085e-02
1.281989999999999963e+00 5.485982999999999832e-02 -1.758281000000000080e-02 0.000000000000000000e+00 2.527576000000000128e-02 0.000000000000000000e+00 3.097250000000000003e-02 2.958406999999999704e-02
1.288178000000000045e+00 5.459482999999999697e-02 -1.747090999999999922e-02 0.000000000000000000e+00 2.514945000000000028e-02 0.000000000000000000e+00 3.076200000000000115e-02 2.944537999999999670e-02
1.294367000000000045e+00 5.433832999999999719e-02 -1.735928999999999944e-02 0.000000000000000000e+00 2.502118999999999871e-02 0.000000000000000000e+00 3.055224999999999955e-02 2.931713999999999848e-02
1.300556000000000045e+00 5.404077000000000186e-02 -1.723299000000000011e-02 0.000000000000000000e+00 2.488591999999999888e-02 0.000000000000000000e+00 3.035105999999999915e-02 2.915485000000000299e-02
1.306745000000000045e+00 5.371893999999999975e-02 -1.709812000000000137e-02 0.000000000000000000e+00 2.474664999999999851e-02 0.000000000000000000e+00 3.015481999999999885e-02 2.897229000000000124e-02
1.312932999999999906e+00 5.339722000000000218e-02 -1.696322999999999928e-02 0.000000000000000000e+00 2.460735000000000006e-02 0.000000000000000000e+00 2.995855999999999866e-02 2.878987000000000213e-02
1.319121999999999906e+00 5.307917999999999664e-02 -1.682751000000000038e-02 0.000000000000000000e+00 2.446676000000000059e-02 0.000000000000000000e+00 2.976182000000000133e-02 2.861241999999999605e-02
1.325310999999999906e+00 5.276083000000000162e-02 -1.669185999999999934e-02 0.000000000000000000e+00 2.432627999999999874e-02 0.000000000000000000e+00 2.956512999999999849e-02 2.843455000000000288e-02
1.331499999999999906e+00 5.243677000000000060e-02 -1.655991000000000060e-02 0.000000000000000000e+00 2.418798999999999949e-02 0.000000000000000000e+00 2.937002000000000015e-02 2.824878000000000111e-02
1.337688999999999906e+00 5.210151999999999839e-02 -1.643516000000000074e-02 0.000000000000000000e+00 2.405387000000000150e-02 0.000000000000000000e+00 2.917824000000000112e-02 2.804764999999999689e-02
1.343876999999999988e+00 5.176772999999999791e-02 -1.630873999999999865e-02 0.000000000000000000e+00 2.391808000000000128e-02 0.000000000000000000e+00 2.898809999999999928e-02 2.784964999999999663e-02
1.350065999999999988e+00 5.143393000000000270e-02 -1.618232000000000004e-02 0.000000000000000000e+00 2.378227999999999939e-02 0.000000000000000000e+00 2.879794999999999924e-02 2.765165000000000331e-02
1.356254999999999988e+00 5.110013000000000055e-02 -1.605590000000000142e-02 0.000000000000000000e+00 2.364648999999999918e-02 0.000000000000000000e+00 2.860781000000000088e-02 2.745364000000000138e-02
1.362443999999999988e+00 5.076462999999999809e-02 -1.593121000000000120e-02 0.000000000000000000e+00 2.351146999999999959e-02 0.000000000000000000e+00 2.841358999999999899e-02 2.725315999999999850e-02
1.368632000000000071e+00 5.039045999999999803e-02 -1.579521999999999871e-02 0.000000000000000000e+00 2.337041000000000118e-02 0.000000000000000000e+00 2.821496000000000073e-02 2.702004999999999685e-02
1.374821000000000071e+00 5.001590000000000202e-02 -1.565922000000000147e-02 0.000000000000000000e+00 2.322950999999999835e-02 0.000000000000000000e+00 2.801599999999999924e-02 2.678639000000000367e-02
1.381010000000000071e+00 4.964135000000000075e-02 -1.552322000000000077e-02 0.000000000000000000e+00 2.308860999999999900e-02 0.000000000000000000e+00 2.781704999999999942e-02 2.655274000000000176e-02
1.387199000000000071e+00 4.926757999999999832e-02 -1.538724999999999989e-02 0.000000000000000000e+00 2.294739999999999974e-02 0.000000000000000000e+00 2.761877000000000082e-02 2.632017999999999858e-02
1.393386999999999931e+00 4.889638000000000317e-02 -1.525140999999999997e-02 0.000000000000000000e+00 2.280512000000000164e-02 0.000000000000000000e+00 2.742272999999999933e-02 2.609126000000000153e-02
1.399575999999999931e+00 4.854288999999999826e-02 -1.512339000000000044e-02 0.000000000000000000e+00 2.266781000000000004e-02 0.000000000000000000e+00 2.722282999999999994e-02 2.587507999999999822e-02
1.405764999999999931e+00 4.819609999999999866e-02 -1.499833000000000069e-02 0.000000000000000000e+00 2.253238999999999936e-02 0.000000000000000000e+00 2.702148999999999870e-02 2.566370999999999930e-02
1.411953999999999931e+00 4.784818999999999878e-02 -1.487369000000000017e-02 0.000000000000000000e+00 2.239748000000000086e-02 0.000000000000000000e+00 2.682123999999999966e-02 2.545070999999999792e-02
1.418142000000000014e+00 4.749873000000000289e-02 -1.474963999999999963e-02 0.000000000000000000e+00 2.226327999999999988e-02 0.000000000000000000e+00 2.662254000000000009e-02 2.523545000000000302e-02
1.424331000000000014e+00 4.714999000000000273e-02 -1.462532000000000068e-02 0.000000000000000000e+00 2.212876000000000079e-02 0.000000000000000000e+00 2.642312000000000133e-02 2.502123000000000194e-02
1.430520000000000014e+00 4.680585000000000301e-02 -1.449794000000000083e-02 0.000000000000000000e+00 2.198848999999999942e-02 0.000000000000000000e+00 2.622046999999999919e-02 2.481736000000000358e-02
1.436709000000000014e+00 4.646700000000000136e-02 -1.436665999999999985e-02 0.000000000000000000e+00 2.184134000000000075e-02 0.000000000000000000e+00 2.601472000000000159e-02 2.462566000000000060e-02
1.442897000000000096e+00 4.612600000000000033e-02 -1.423611999999999968e-02 0.000000000000000000e+00 2.169634000000000146e-02 0.000000000000000000e+00 2.581158999999999884e-02 2.442965999999999888e-02
1.449086000000000096e+00 4.578498999999999763e-02 -1.410557999999999951e-02 0.000000000000000000e+00 2.155135000000000037e-02 0.000000000000000000e+00 2.560847999999999944e-02 2.423363999999999727e-02
1.455275000000000096e+00 4.544403999999999805e-02 -1.397350999999999975e-02 0.000000000000000000e+00 2.140562999999999841e-02 0.000000000000000000e+00 2.540765000000000037e-02 2.403840999999999964e-02
1.461464000000000096e+00 4.510378000000000304e-02 -1.383869000000000071e-02 0.000000000000000000e+00 2.125931000000000001e-02 0.000000000000000000e+00 2.521315999999999835e-02 2.384447000000000302e-02
1.467651999999999957e+00 4.478316000000000241e-02 -1.371119999999999978e-02 0.000000000000000000e+00 2.111539000000000124e-02 0.000000000000000000e+00 2.500660999999999856e-02 2.366777000000000117e-02
1.473840999999999957e+00 4.446305999999999869e-02 -1.358348000000000021e-02 0.000000000000000000e+00 2.097111000000000114e-02 0.000000000000000000e+00 2.480014999999999997e-02 2.349194999999999756e-02
1.480029999999999957e+00 4.414296000000000192e-02 -1.345576000000000064e-02 0.000000000000000000e+00 2.082681999999999936e-02 0.000000000000000000e+00 2.459369000000000138e-02 2.331614000000000256e-02
1.486218999999999957e+00 4.382193999999999673e-02 -1.332845000000000037e-02 0.000000000000000000e+00 2.068317999999999893e-02 0.000000000000000000e+00 2.438705999999999860e-02 2.313875999999999780e-02
1.492407000000000039e+00 4.349982000000000154e-02 -1.320161000000000077e-02 0.000000000000000000e+00 2.054032000000000080e-02 0.000000000000000000e+00 2.418023000000000047e-02 2.295950000000000074e-02
1.498596000000000039e+00 4.318161000000000221e-02 -1.307332999999999933e-02 0.000000000000000000e+00 2.039648999999999976e-02 0.000000000000000000e+00 2.398754000000000164e-02 2.278512000000000245e-02
1.504785000000000039e+00 4.286448000000000341e-02 -1.294464000000000031e-02 0.000000000000000000e+00 2.025240000000000026e-02 0.000000000000000000e+00 2.379877999999999855e-02 2.261208000000000315e-02
1.510974000000000039e+00 4.254788000000000320e-02 -1.281585000000000016e-02 0.000000000000000000e+00 2.010862999999999887e-02 0.000000000000000000e+00 2.360883000000000079e-02 2.243925000000000433e-02
1.517161999999999900e+00 4.223162999999999917e-02 -1.268699000000000042e-02 0.000000000000000000e+00 1.996505999999999975e-02 0.000000000000000000e+00 2.341808000000000084e-02 2.226656999999999942e-02
1.523350999999999900e+00 4.191504000000000063e-02 -1.255820000000000027e-02 0.000000000000000000e+00 1.982128999999999835e-02 0.000000000000000000e+00 2.322810999999999973e-02 2.209375000000000228e-02
1.529539999999999900e+00 4.159340999999999733e-02 -1.243384999999999976e-02 0.000000000000000000e+00 1.967868999999999868e-02 0.000000000000000000e+00 2.304213000000000094e-02 2.191471999999999865e-02
1.535728999999999900e+00 4.126872000000000179e-02 -1.231417999999999922e-02 0.000000000000000000e+00 1.953722999999999918e-02 0.000000000000000000e+00 2.286171999999999857e-02 2.173149000000000261e-02
1.541917999999999900e+00 4.094659999999999966e-02 -1.219402999999999980e-02 0.000000000000000000e+00 1.939555999999999919e-02 0.000000000000000000e+00 2.268208000000000030e-02 2.155104000000000047e-02
1.548105999999999982e+00 4.062447999999999754e-02 -1.207387000000000044e-02 0.000000000000000000e+00 1.925388999999999920e-02 0.000000000000000000e+00 2.250243999999999855e-02 2.137058999999999834e-02
1.554294999999999982e+00 4.030327999999999689e-02 -1.195911000000000023e-02 0.000000000000000000e+00 1.911351000000000022e-02 0.000000000000000000e+00 2.231556999999999985e-02 2.118976999999999666e-02
1.560483999999999982e+00 3.998333999999999916e-02 -1.184622999999999926e-02 0.000000000000000000e+00 1.897458000000000131e-02 0.000000000000000000e+00 2.212599000000000163e-02 2.100875999999999785e-02
1.566672999999999982e+00 3.965272000000000241e-02 -1.173806999999999975e-02 0.000000000000000000e+00 1.884372999999999951e-02 0.000000000000000000e+00 2.193018999999999871e-02 2.080899000000000290e-02
1.572861000000000065e+00 3.932021000000000127e-02 -1.162997999999999983e-02 0.000000000000000000e+00 1.871317999999999940e-02 0.000000000000000000e+00 2.173413000000000081e-02 2.060703000000000187e-02
1.579050000000000065e+00 3.898770000000000013e-02 -1.152189999999999985e-02 0.000000000000000000e+00 1.858262000000000108e-02 0.000000000000000000e+00 2.153808000000000111e-02 2.040507999999999905e-02
1.585239000000000065e+00 3.865818000000000032e-02 -1.141368000000000070e-02 0.000000000000000000e+00 1.845161000000000023e-02 0.000000000000000000e+00 2.134242000000000083e-02 2.020657000000000009e-02
1.591428000000000065e+00 3.833091000000000276e-02 -1.130538000000000029e-02 0.000000000000000000e+00 1.832026000000000140e-02 0.000000000000000000e+00 2.114707999999999866e-02 2.001065000000000135e-02
1.597615999999999925e+00 3.800960999999999923e-02 -1.120110000000000029e-02 0.000000000000000000e+00 1.819522999999999974e-02 0.000000000000000000e+00 2.095732000000000150e-02 1.981437999999999949e-02
1.603804999999999925e+00 3.768984000000000223e-02 -1.109785999999999932e-02 0.000000000000000000e+00 1.807183000000000053e-02 0.000000000000000000e+00 2.076899999999999927e-02 1.961801000000000170e-02
1.609993999999999925e+00 3.736948999999999826e-02 -1.099427000000000043e-02 0.000000000000000000e+00 1.794894000000000003e-02 0.000000000000000000e+00 2.057925999999999853e-02 1.942054999999999823e-02
1.616182999999999925e+00 3.704883999999999955e-02 -1.089048999999999920e-02 0.000000000000000000e+00 1.782633000000000134e-02 0.000000000000000000e+00 2.038875999999999883e-02 1.922250999999999821e-02
1.622371000000000008e+00 3.672856000000000037e-02 -1.078695000000000001e-02 0.000000000000000000e+00 1.770336999999999952e-02 0.000000000000000000e+00 2.019922000000000037e-02 1.902519000000000085e-02
1.628560000000000008e+00 3.641870999999999997e-02 -1.068623999999999963e-02 0.000000000000000000e+00 1.757828999999999989e-02 0.000000000000000000e+00 2.002166000000000015e-02 1.884042000000000008e-02
1.634749000000000008e+00 3.612081999999999793e-02 -1.058862999999999992e-02 0.000000000000000000e+00 1.745100000000000123e-02 0.000000000000000000e+00 1.985771000000000064e-02 1.866981999999999670e-02
1.640938000000000008e+00 3.582265999999999923e-02 -1.049083999999999954e-02 0.000000000000000000e+00 1.732393000000000127e-02 0.000000000000000000e+00 1.969336000000000003e-02 1.849872999999999795e-02
1.647126000000000090e+00 3.552448999999999885e-02 -1.039304999999999916e-02 0.000000000000000000e+00 1.719686000000000131e-02 0.000000000000000000e+00 1.952902000000000110e-02 1.832762999999999753e-02
1.653315000000000090e+00 3.522316999999999809e-02 -1.028853000000000059e-02 0.000000000000000000e+00 1.706770000000000162e-02 0.000000000000000000e+00 1.937213000000000129e-02 1.815546999999999647e-02
1.659504000000000090e+00 3.492305999999999883e-02 -1.018399000000000040e-02 0.000000000000000000e+00 1.693901000000000087e-02 0.000000000000000000e+00 1.921654000000000070e-02 1.798404999999999795e-02
1.665693000000000090e+00 3.463867000000000335e-02 -1.008865999999999929e-02 0.000000000000000000e+00 1.681231999999999865e-02 0.000000000000000000e+00 1.906945999999999988e-02 1.782635000000000469e-02
1.671880999999999950e+00 3.435446000000000333e-02 -9.993360999999999217e-03 0.000000000000000000e+00 1.668551000000000062e-02 0.000000000000000000e+00 1.892204000000000108e-02 1.766895000000000271e-02
1.678069999999999951e+00 3.407025000000000331e-02 -9.898066000000000503e-03 0.000000000000000000e+00 1.655869999999999911e-02 0.000000000000000000e+00 1.877461999999999881e-02 1.751155000000000420e-02
1.684258999999999951e+00 3.378579000000000304e-02 -9.802717000000000722e-03 0.000000000000000000e+00 1.643205000000000013e-02 0.000000000000000000e+00 1.862766999999999895e-02 1.735374000000000291e-02
1.690447999999999951e+00 3.350109999999999894e-02 -9.707323999999999814e-03 0.000000000000000000e+00 1.630554000000000031e-02 0.000000000000000000e+00 1.848112000000000019e-02 1.719555999999999862e-02
1.696636000000000033e+00 3.323182000000000219e-02 -9.615840999999999972e-03 0.000000000000000000e+00 1.618297000000000138e-02 0.000000000000000000e+00 1.833152999999999866e-02 1.704885000000000081e-02
1.702825000000000033e+00 3.296725999999999823e-02 -9.525554999999999786e-03 0.000000000000000000e+00 1.606161000000000047e-02 0.000000000000000000e+00 1.818099999999999924e-02 1.690564999999999776e-02
1.709014000000000033e+00 3.270184999999999759e-02 -9.435377000000000000e-03 0.000000000000000000e+00 1.593995999999999955e-02 0.000000000000000000e+00 1.803099999999999842e-02 1.676188999999999804e-02
1.715203000000000033e+00 3.243585999999999692e-02 -9.345272999999999428e-03 0.000000000000000000e+00 1.581810999999999981e-02 0.000000000000000000e+00 1.788139000000000048e-02 1.661774999999999711e-02
1.721390999999999893e+00 3.217049000000000297e-02 -9.255091000000000012e-03 0.000000000000000000e+00 1.569647999999999877e-02 0.000000000000000000e+00 1.773136999999999977e-02 1.647401000000000421e-02
1.727579999999999893e+00 3.191142000000000284e-02 -9.165471999999999161e-03 0.000000000000000000e+00 1.557783000000000084e-02 0.000000000000000000e+00 1.758264000000000007e-02 1.633359000000000200e-02
1.733768999999999894e+00 3.166102999999999973e-02 -9.076805000000000290e-03 0.000000000000000000e+00 1.546335000000000071e-02 0.000000000000000000e+00 1.743513999999999828e-02 1.619767999999999902e-02
1.739957999999999894e+00 3.141025000000000067e-02 -8.988302000000000097e-03 0.000000000000000000e+00 1.534872999999999967e-02 0.000000000000000000e+00 1.728688999999999920e-02 1.606152000000000274e-02
1.746145999999999976e+00 3.115945999999999994e-02 -8.899799999999999378e-03 0.000000000000000000e+00 1.523410000000000042e-02 0.000000000000000000e+00 1.713864000000000012e-02 1.592535999999999952e-02
1.752334999999999976e+00 3.091112000000000026e-02 -8.815217000000000191e-03 0.000000000000000000e+00 1.512060999999999961e-02 0.000000000000000000e+00 1.698656000000000124e-02 1.579051000000000066e-02
1.758523999999999976e+00 3.066612999999999978e-02 -8.734564999999999690e-03 0.000000000000000000e+00 1.500809999999999991e-02 0.000000000000000000e+00 1.683091999999999921e-02 1.565802999999999987e-02
1.764712999999999976e+00 3.043772000000000144e-02 -8.655068000000000136e-03 0.000000000000000000e+00 1.489960000000000069e-02 0.000000000000000000e+00 1.667597999999999997e-02 1.553812000000000075e-02
1.770901999999999976e+00 3.020944000000000060e-02 -8.575351999999999628e-03 0.000000000000000000e+00 1.479113999999999950e-02 0.000000000000000000e+00 1.652104999999999893e-02 1.541830000000000110e-02
1.777090000000000058e+00 2.998115999999999975e-02 -8.495634999999999645e-03 0.000000000000000000e+00 1.468267000000000010e-02 0.000000000000000000e+00 1.636612000000000136e-02 1.529848999999999966e-02
1.783279000000000059e+00 2.975275000000000142e-02 -8.416151999999999661e-03 0.000000000000000000e+00 1.457416999999999914e-02 0.000000000000000000e+00 1.621119000000000032e-02 1.517858000000000228e-02
1.789468000000000059e+00 2.952410999999999924e-02 -8.337097999999999384e-03 0.000000000000000000e+00 1.446560000000000033e-02 0.000000000000000000e+00 1.605623000000000120e-02 1.505850999999999891e-02
1.795657000000000059e+00 2.929932999999999843e-02 -8.255899000000000570e-03 0.000000000000000000e+00 1.436057999999999953e-02 0.000000000000000000e+00 1.590292000000000094e-02 1.493874999999999890e-02
1.801844999999999919e+00 2.907635999999999901e-02 -8.173700000000000757e-03 0.000000000000000000e+00 1.425719999999999939e-02 0.000000000000000000e+00 1.575038000000000132e-02 1.481915999999999962e-02
1.808033999999999919e+00 2.885344999999999924e-02 -8.091443999999999720e-03 0.000000000000000000e+00 1.415351999999999930e-02 0.000000000000000000e+00 1.559795999999999926e-02 1.469992999999999994e-02
1.814222999999999919e+00 2.863063000000000066e-02 -8.009089999999999959e-03 0.000000000000000000e+00 1.404933000000000050e-02 0.000000000000000000e+00 1.544574999999999941e-02 1.458130000000000016e-02
1.820411999999999919e+00 2.840776000000000065e-02 -7.926793999999999160e-03 0.000000000000000000e+00 1.394543999999999992e-02 0.000000000000000000e+00 1.529343000000000022e-02 1.446232000000000073e-02
1.826600000000000001e+00 2.818690000000000084e-02 -7.846110999999999364e-03 0.000000000000000000e+00 1.384359999999999931e-02 0.000000000000000000e+00 1.514431999999999931e-02 1.434330000000000153e-02
1.832789000000000001e+00 2.797059000000000004e-02 -7.768864999999999799e-03 0.000000000000000000e+00 1.374602999999999936e-02 0.000000000000000000e+00 1.500266999999999920e-02 1.422456000000000068e-02
1.838978000000000002e+00 2.775454000000000115e-02 -7.690899999999999646e-03 0.000000000000000000e+00 1.364719999999999996e-02 0.000000000000000000e+00 1.486198000000000033e-02 1.410734000000000120e-02
1.845167000000000002e+00 2.753848000000000060e-02 -7.612935000000000361e-03 0.000000000000000000e+00 1.354836000000000061e-02 0.000000000000000000e+00 1.472128999999999972e-02 1.399011999999999999e-02
1.851355000000000084e+00 2.732242000000000004e-02 -7.534970000000000209e-03 0.000000000000000000e+00 1.344951999999999953e-02 0.000000000000000000e+00 1.458061000000000079e-02 1.387290000000000051e-02
1.857544000000000084e+00 2.710314999999999946e-02 -7.451919000000000425e-03 0.000000000000000000e+00 1.334951000000000020e-02 0.000000000000000000e+00 1.444367000000000047e-02 1.375363999999999927e-02
1.863733000000000084e+00 2.688671000000000116e-02 -7.368127999999999830e-03 0.000000000000000000e+00 1.325572000000000035e-02 0.000000000000000000e+00 1.432298000000000078e-02 1.363099000000000081e-02
1.869922000000000084e+00 2.667042999999999844e-02 -7.284572999999999916e-03 0.000000000000000000e+00 1.316266999999999958e-02 0.000000000000000000e+00 1.420365999999999990e-02 1.350775999999999887e-02
1.876109999999999944e+00 2.645414000000000099e-02 -7.201019000000000343e-03 0.000000000000000000e+00 1.306962000000000054e-02 0.000000000000000000e+00 1.408433000000000081e-02 1.338452000000000044e-02
1.882298999999999944e+00 2.623785000000000006e-02 -7.117464999999999903e-03 0.000000000000000000e+00 1.297656999999999977e-02 0.000000000000000000e+00 1.396499999999999998e-02 1.326128000000000029e-02
1.888487999999999944e+00 2.602267999999999942e-02 -7.033690000000000428e-03 0.000000000000000000e+00 1.288275000000000010e-02 0.000000000000000000e+00 1.384406999999999999e-02 1.313992999999999932e-02
1.894676999999999945e+00 2.581637999999999988e-02 -6.954481000000000204e-03 0.000000000000000000e+00 1.279176999999999918e-02 0.000000000000000000e+00 1.373212000000000044e-02 1.302461000000000070e-02
1.900865000000000027e+00 2.561752000000000126e-02 -6.879114000000000409e-03 0.000000000000000000e+00 1.270317999999999968e-02 0.000000000000000000e+00 1.362772999999999936e-02 1.291434000000000158e-02
1.907054000000000027e+00 2.541865999999999917e-02 -6.803746999999999746e-03 0.000000000000000000e+00 1.261458000000000024e-02 0.000000000000000000e+00 1.352335999999999989e-02 1.280407999999999893e-02
1.913243000000000027e+00 2.521941000000000113e-02 -6.728099999999999879e-03 0.000000000000000000e+00 1.252618999999999955e-02 0.000000000000000000e+00 1.341835000000000076e-02 1.269322000000000158e-02
1.919432000000000027e+00 2.502015000000000142e-02 -6.652449000000000383e-03 0.000000000000000000e+00 1.243780000000000059e-02 0.000000000000000000e+00 1.331334999999999984e-02 1.258235000000000083e-02
1.925620000000000109e+00 2.482347999999999846e-02 -6.576791999999999708e-03 0.000000000000000000e+00 1.234930000000000055e-02 0.000000000000000000e+00 1.321021000000000001e-02 1.247417999999999791e-02
1.931809000000000109e+00 2.464146999999999865e-02 -6.501103000000000263e-03 0.000000000000000000e+00 1.226020000000000061e-02 0.000000000000000000e+00 1.311772999999999932e-02 1.238126999999999804e-02
1.937998000000000109e+00 2.445825000000000082e-02 -6.425081000000000021e-03 0.000000000000000000e+00 1.217132999999999930e-02 0.000000000000000000e+00 1.302479999999999957e-02 1.228692000000000152e-02
1.944187000000000110e+00 2.427460999999999855e-02 -6.348949000000000432e-03 0.000000000000000000e+00 1.208255999999999913e-02 0.000000000000000000e+00 1.293171000000000077e-02 1.219204999999999942e-02
1.950374999999999970e+00 2.409098000000000142e-02 -6.272816999999999976e-03 0.000000000000000000e+00 1.199378000000000076e-02 0.000000000000000000e+00 1.283863000000000018e-02 1.209720000000000066e-02
1.956563999999999970e+00 2.390737000000000070e-02 -6.196692000000000172e-03 0.000000000000000000e+00 1.190499000000000071e-02 0.000000000000000000e+00 1.274554999999999959e-02 1.200237999999999999e-02
1.962752999999999970e+00 2.373292000000000110e-02 -6.128714999999999857e-03 0.000000000000000000e+00 1.181767000000000060e-02 0.000000000000000000e+00 1.265313000000000028e-02 1.191525000000000049e-02
1.968941999999999970e+00 2.356534999999999880e-02 -6.070680999999999647e-03 0.000000000000000000e+00 1.173293000000000079e-02 0.000000000000000000e+00 1.255687999999999943e-02 1.183241999999999801e-02
1.975130000000000052e+00 2.339779000000000164e-02 -6.012647000000000304e-03 0.000000000000000000e+00 1.164817999999999930e-02 0.000000000000000000e+00 1.246063000000000032e-02 1.174961000000000234e-02
1.981319000000000052e+00 2.323023000000000102e-02 -5.954613000000000093e-03 0.000000000000000000e+00 1.156342999999999954e-02 0.000000000000000000e+00 1.236438999999999941e-02 1.166680000000000147e-02
1.987508000000000052e+00 2.306209999999999857e-02 -5.895990999999999732e-03 0.000000000000000000e+00 1.147864999999999996e-02 0.000000000000000000e+00 1.226819000000000000e-02 1.158344999999999861e-02
1.993697000000000052e+00 2.289530999999999858e-02 -5.836448000000000157e-03 0.000000000000000000e+00 1.139334000000000006e-02 0.000000000000000000e+00 1.217337999999999927e-02 1.150196999999999851e-02
1.999886000000000053e+00 2.273245999999999947e-02 -5.776527000000000051e-03 0.000000000000000000e+00 1.130707000000000066e-02 0.000000000000000000e+00 1.208107999999999925e-02 1.142538999999999881e-02
2.006073999999999913e+00 2.256997000000000170e-02 -5.716597999999999818e-03 0.000000000000000000e+00 1.122070000000000012e-02 0.000000000000000000e+00 1.198872999999999953e-02 1.134927000000000158e-02
2.012262999999999913e+00 2.240726999999999997e-02 -5.656674000000000424e-03 0.000000000000000000e+00 1.113438999999999922e-02 0.000000000000000000e+00 1.189641999999999956e-02 1.127288000000000075e-02
2.018451999999999913e+00 2.224390999999999868e-02 -5.596766999999999888e-03 0.000000000000000000e+00 1.104827000000000066e-02 0.000000000000000000e+00 1.180415999999999931e-02 1.119563999999999802e-02
2.024640999999999913e+00 2.208448000000000008e-02 -5.536914999999999892e-03 0.000000000000000000e+00 1.096647000000000073e-02 0.000000000000000000e+00 1.171498999999999978e-02 1.111800999999999935e-02
2.030829000000000217e+00 2.193298000000000123e-02 -5.477173000000000111e-03 0.000000000000000000e+00 1.089341999999999915e-02 0.000000000000000000e+00 1.163205999999999962e-02 1.103956000000000208e-02
2.037018000000000217e+00 2.178135999999999961e-02 -5.417138999999999635e-03 0.000000000000000000e+00 1.082004999999999946e-02 0.000000000000000000e+00 1.154933000000000001e-02 1.096131000000000015e-02
2.043207000000000217e+00 2.162965000000000027e-02 -5.356887000000000280e-03 0.000000000000000000e+00 1.074643999999999947e-02 0.000000000000000000e+00 1.146675999999999945e-02 1.088321000000000080e-02
2.049396000000000218e+00 2.147806999999999841e-02 -5.296944999999999952e-03 0.000000000000000000e+00 1.067315999999999925e-02 0.000000000000000000e+00 1.138396000000000026e-02 1.080490999999999917e-02
2.055584000000000078e+00 2.132797000000000165e-02 -5.234708000000000243e-03 0.000000000000000000e+00 1.060057000000000013e-02 0.000000000000000000e+00 1.130312999999999977e-02 1.072740000000000152e-02
2.061773000000000078e+00 2.117851000000000108e-02 -5.170931000000000138e-03 0.000000000000000000e+00 1.052824999999999941e-02 0.000000000000000000e+00 1.122351000000000078e-02 1.065026000000000167e-02
2.067962000000000078e+00 2.102895999999999932e-02 -5.107099000000000361e-03 0.000000000000000000e+00 1.045588000000000073e-02 0.000000000000000000e+00 1.114389999999999999e-02 1.057307999999999859e-02
2.074151000000000078e+00 2.087941999999999923e-02 -5.043266000000000242e-03 0.000000000000000000e+00 1.038351000000000031e-02 0.000000000000000000e+00 1.106428999999999920e-02 1.049590999999999892e-02
2.080338999999999938e+00 2.072883000000000017e-02 -4.977670000000000011e-03 0.000000000000000000e+00 1.031065999999999927e-02 0.000000000000000000e+00 1.098532999999999975e-02 1.041817000000000090e-02
2.086527999999999938e+00 2.057998999999999939e-02 -4.909509000000000269e-03 0.000000000000000000e+00 1.023748000000000019e-02 0.000000000000000000e+00 1.090969999999999961e-02 1.034250999999999920e-02
2.092716999999999938e+00 2.043307999999999930e-02 -4.842449000000000406e-03 0.000000000000000000e+00 1.016479999999999988e-02 0.000000000000000000e+00 1.083456999999999996e-02 1.026827999999999942e-02
2.098905999999999938e+00 2.028616000000000100e-02 -4.775388000000000202e-03 0.000000000000000000e+00 1.009211999999999956e-02 0.000000000000000000e+00 1.075944000000000032e-02 1.019404000000000143e-02
2.105093999999999799e+00 2.013925000000000090e-02 -4.708326999999999998e-03 0.000000000000000000e+00 1.001942999999999931e-02 0.000000000000000000e+00 1.068430000000000074e-02 1.011982000000000159e-02
2.111282999999999799e+00 1.999170999999999934e-02 -4.641532999999999770e-03 0.000000000000000000e+00 9.946912000000000462e-03 0.000000000000000000e+00 1.060884999999999953e-02 1.004479799999999888e-02
2.117471999999999799e+00 1.984885000000000121e-02 -4.573917000000000260e-03 0.000000000000000000e+00 9.872901999999999373e-03 0.000000000000000000e+00 1.053866000000000004e-02 9.975948000000001842e-03
2.123660999999999799e+00 1.970805999999999947e-02 -4.505923000000000220e-03 0.000000000000000000e+00 9.798236999999999572e-03 0.000000000000000000e+00 1.047077000000000077e-02 9.909822999999999896e-03
2.129849000000000103e+00 1.956758999999999929e-02 -4.437731000000000314e-03 0.000000000000000000e+00 9.723297000000000537e-03 0.000000000000000000e+00 1.040301000000000073e-02 9.844292999999998753e-03
2.136038000000000103e+00 1.942667000000000005e-02 -4.369813999999999643e-03 0.000000000000000000e+00 9.648738999999999927e-03 0.000000000000000000e+00 1.033507000000000002e-02 9.777931000000000122e-03
2.142227000000000103e+00 1.928556999999999841e-02 -4.302012000000000023e-03 0.000000000000000000e+00 9.574341000000000101e-03 0.000000000000000000e+00 1.026704999999999979e-02 9.711228999999998307e-03
2.148416000000000103e+00 1.914588999999999874e-02 -4.235555999999999696e-03 0.000000000000000000e+00 9.502062999999999829e-03 0.000000000000000000e+00 1.020232000000000083e-02 9.643826999999998914e-03
2.154603999999999964e+00 1.900748000000000021e-02 -4.170306000000000360e-03 0.000000000000000000e+00 9.431685000000000416e-03 0.000000000000000000e+00 1.014055999999999985e-02 9.575794999999999793e-03
2.160792999999999964e+00 1.886890000000000095e-02 -4.105221000000000044e-03 0.000000000000000000e+00 9.361199000000000603e-03 0.000000000000000000e+00 1.007831000000000005e-02 9.507701000000000346e-03
2.166981999999999964e+00 1.873019000000000073e-02 -4.040244000000000127e-03 0.000000000000000000e+00 9.290644000000000680e-03 0.000000000000000000e+00 1.001575000000000035e-02 9.439546000000000048e-03
2.173170999999999964e+00 1.859161000000000147e-02 -3.975158000000000337e-03 0.000000000000000000e+00 9.220159000000000341e-03 0.000000000000000000e+00 9.953504000000000171e-03 9.371451000000001127e-03
2.179358999999999824e+00 1.845356000000000080e-02 -3.910053999999999613e-03 0.000000000000000000e+00 9.150760000000000838e-03 0.000000000000000000e+00 9.893257000000000786e-03 9.302799999999999958e-03
2.185547999999999824e+00 1.831696999999999839e-02 -3.845162000000000059e-03 0.000000000000000000e+00 9.084280999999999606e-03 0.000000000000000000e+00 9.837993999999999212e-03 9.232688999999998786e-03
2.191736999999999824e+00 1.818045999999999898e-02 -3.780434000000000051e-03 0.000000000000000000e+00 9.017624000000000126e-03 0.000000000000000000e+00 9.782205999999999887e-03 9.162835999999998857e-03
2.197925999999999824e+00 1.804396000000000125e-02 -3.715706999999999951e-03 0.000000000000000000e+00 8.950968000000000119e-03 0.000000000000000000e+00 9.726416999999999355e-03 9.092992000000001129e-03
2.204114000000000129e+00 1.790796999999999875e-02 -3.651856000000000199e-03 0.000000000000000000e+00 8.884558000000000733e-03 0.000000000000000000e+00 9.670410000000000811e-03 9.023411999999998018e-03
2.210303000000000129e+00 1.777559999999999904e-02 -3.594107999999999938e-03 0.000000000000000000e+00 8.819812999999999265e-03 0.000000000000000000e+00 9.612838000000000285e-03 8.955786999999999776e-03
2.216492000000000129e+00 1.764933000000000127e-02 -3.538373000000000039e-03 0.000000000000000000e+00 8.759513000000000021e-03 0.000000000000000000e+00 9.561415999999999665e-03 8.889817000000001246e-03
2.222681000000000129e+00 1.752354000000000064e-02 -3.483051000000000029e-03 0.000000000000000000e+00 8.699742999999999366e-03 0.000000000000000000e+00 9.510464999999999197e-03 8.823797000000001278e-03
2.228868999999999989e+00 1.739775000000000002e-02 -3.427729000000000019e-03 0.000000000000000000e+00 8.639973000000000444e-03 0.000000000000000000e+00 9.459514000000000464e-03 8.757776999999999576e-03
2.235057999999999989e+00 1.727195999999999940e-02 -3.372406000000000102e-03 0.000000000000000000e+00 8.580202000000000315e-03 0.000000000000000000e+00 9.408562999999999996e-03 8.691757999999999082e-03
2.241246999999999989e+00 1.714639000000000094e-02 -3.316447000000000145e-03 0.000000000000000000e+00 8.520065000000000277e-03 0.000000000000000000e+00 9.357798999999999978e-03 8.626325000000000659e-03
2.247435999999999989e+00 1.702176999999999857e-02 -3.260672999999999957e-03 0.000000000000000000e+00 8.460943000000000283e-03 0.000000000000000000e+00 9.310641999999999183e-03 8.560826999999998285e-03
2.253623999999999850e+00 1.689788999999999874e-02 -3.205098999999999882e-03 0.000000000000000000e+00 8.402668000000000290e-03 0.000000000000000000e+00 9.266379999999999409e-03 8.495221999999998455e-03
2.259812999999999850e+00 1.677392999999999940e-02 -3.149624000000000174e-03 0.000000000000000000e+00 8.344450999999999258e-03 0.000000000000000000e+00 9.222078999999999346e-03 8.429479000000000138e-03
2.266001999999999850e+00 1.665006999999999945e-02 -3.094028999999999877e-03 0.000000000000000000e+00 8.286162999999999168e-03 0.000000000000000000e+00 9.177829999999999669e-03 8.363907000000000286e-03
2.272190999999999850e+00 1.652638999999999844e-02 -3.038209999999999956e-03 0.000000000000000000e+00 8.227745999999999324e-03 0.000000000000000000e+00 9.133676999999999768e-03 8.298643999999999118e-03
2.278379999999999850e+00 1.640346000000000165e-02 -2.982547999999999797e-03 0.000000000000000000e+00 8.169611000000000234e-03 0.000000000000000000e+00 9.090727999999999309e-03 8.233849000000001417e-03
2.284568000000000154e+00 1.628365000000000021e-02 -2.927552999999999839e-03 0.000000000000000000e+00 8.112677000000000430e-03 0.000000000000000000e+00 9.052902999999999298e-03 8.170972999999999778e-03
2.290757000000000154e+00 1.616383000000000056e-02 -2.872377000000000177e-03 0.000000000000000000e+00 8.055648999999999796e-03 0.000000000000000000e+00 9.015176999999999219e-03 8.108181000000000763e-03
2.296946000000000154e+00 1.604397999999999935e-02 -2.816870999999999872e-03 0.000000000000000000e+00 7.998447000000000542e-03 0.000000000000000000e+00 8.977630000000000332e-03 8.045532999999998811e-03
2.303135000000000154e+00 1.592413000000000162e-02 -2.761419000000000200e-03 0.000000000000000000e+00 7.941271999999999220e-03 0.000000000000000000e+00 8.940049999999999733e-03 7.982858000000002396e-03
2.309323000000000015e+00 1.580430000000000029e-02 -2.706222999999999788e-03 0.000000000000000000e+00 7.884232999999999172e-03 0.000000000000000000e+00 8.902336000000000277e-03 7.920067000000001120e-03
2.315512000000000015e+00 1.569277999999999992e-02 -2.651397000000000215e-03 0.000000000000000000e+00 7.826424000000000228e-03 0.000000000000000000e+00 8.869637999999999134e-03 7.866355999999999696e-03
2.321701000000000015e+00 1.558188999999999928e-02 -2.596156000000000071e-03 0.000000000000000000e+00 7.768495000000000261e-03 0.000000000000000000e+00 8.838027000000000036e-03 7.813394999999999022e-03
2.327890000000000015e+00 1.547100000000000038e-02 -2.540914999999999927e-03 0.000000000000000000e+00 7.710564999999999954e-03 0.000000000000000000e+00 8.806413000000000782e-03 7.760435000000000423e-03
2.334077999999999875e+00 1.536010999999999974e-02 -2.485675000000000124e-03 0.000000000000000000e+00 7.652635999999999987e-03 0.000000000000000000e+00 8.774804000000000631e-03 7.707473999999999749e-03
2.340266999999999875e+00 1.524672000000000006e-02 -2.426099000000000137e-03 0.000000000000000000e+00 7.593629999999999651e-03 0.000000000000000000e+00 8.743625999999999135e-03 7.653090000000000413e-03
2.346455999999999875e+00 1.513963999999999935e-02 -2.365532999999999959e-03 0.000000000000000000e+00 7.534563000000000198e-03 0.000000000000000000e+00 8.716220000000000218e-03 7.605076999999999150e-03
2.352644999999999875e+00 1.503686000000000085e-02 -2.305058999999999927e-03 0.000000000000000000e+00 7.475701000000000394e-03 0.000000000000000000e+00 8.691304000000000390e-03 7.561159000000000456e-03
2.358833000000000180e+00 1.493408000000000062e-02 -2.244584999999999896e-03 0.000000000000000000e+00 7.416838999999999724e-03 0.000000000000000000e+00 8.666389000000000037e-03 7.517241000000000894e-03
2.365022000000000180e+00 1.483130000000000039e-02 -2.184110999999999865e-03 0.000000000000000000e+00 7.357976999999999920e-03 0.000000000000000000e+00 8.641476999999999839e-03 7.473323000000000466e-03
2.371211000000000180e+00 1.472867999999999920e-02 -2.123900000000000180e-03 0.000000000000000000e+00 7.299121999999999902e-03 0.000000000000000000e+00 8.616286000000000778e-03 7.429557999999999301e-03
2.377400000000000180e+00 1.463066000000000019e-02 -2.063567000000000092e-03 0.000000000000000000e+00 7.241108999999999914e-03 0.000000000000000000e+00 8.594032999999999187e-03 7.389551000000000279e-03
2.383589000000000180e+00 1.453751000000000002e-02 -2.002953999999999932e-03 0.000000000000000000e+00 7.184000999999999755e-03 0.000000000000000000e+00 8.575097999999999748e-03 7.353509000000000261e-03
2.389777000000000040e+00 1.444414999999999935e-02 -1.942144000000000032e-03 0.000000000000000000e+00 7.126902000000000063e-03 0.000000000000000000e+00 8.556340000000000820e-03 7.317247999999999288e-03
2.395966000000000040e+00 1.435093999999999953e-02 -1.881478999999999921e-03 0.000000000000000000e+00 7.069795999999999719e-03 0.000000000000000000e+00 8.537453000000000403e-03 7.281143999999999811e-03
2.402155000000000040e+00 1.425797000000000002e-02 -1.821025999999999895e-03 0.000000000000000000e+00 7.012680999999999776e-03 0.000000000000000000e+00 8.518374000000000432e-03 7.245289000000000243e-03
2.408344000000000040e+00 1.416855000000000024e-02 -1.759902999999999945e-03 0.000000000000000000e+00 6.956880999999999829e-03 0.000000000000000000e+00 8.502529999999999463e-03 7.211669000000000412e-03
2.414531999999999901e+00 1.408301999999999991e-02 -1.698049000000000086e-03 0.000000000000000000e+00 6.902517000000000374e-03 0.000000000000000000e+00 8.490219999999999712e-03 7.180502999999999539e-03
2.420720999999999901e+00 1.399783999999999924e-02 -1.636375999999999933e-03 0.000000000000000000e+00 6.848156000000000208e-03 0.000000000000000000e+00 8.477774000000000421e-03 7.149683999999999033e-03
2.426909999999999901e+00 1.391282999999999929e-02 -1.574796999999999959e-03 0.000000000000000000e+00 6.793798999999999672e-03 0.000000000000000000e+00 8.465257000000000337e-03 7.119030999999999623e-03
2.433098999999999901e+00 1.382754999999999922e-02 -1.513075999999999918e-03 0.000000000000000000e+00 6.739438000000000373e-03 0.000000000000000000e+00 8.452848000000000653e-03 7.088111999999998844e-03
2.439287000000000205e+00 1.374797999999999992e-02 -1.450520000000000065e-03 0.000000000000000000e+00 6.686545999999999809e-03 0.000000000000000000e+00 8.443218000000000598e-03 7.061434000000000114e-03
2.445476000000000205e+00 1.367203999999999989e-02 -1.387622000000000031e-03 0.000000000000000000e+00 6.634514000000000210e-03 0.000000000000000000e+00 8.435028000000000664e-03 7.037525999999999678e-03
2.451665000000000205e+00 1.359652000000000083e-02 -1.324862999999999909e-03 0.000000000000000000e+00 6.582511000000000091e-03 0.000000000000000000e+00 8.426690000000000569e-03 7.014009000000000736e-03
2.457854000000000205e+00 1.352099000000000009e-02 -1.262104999999999911e-03 0.000000000000000000e+00 6.530506999999999632e-03 0.000000000000000000e+00 8.418353999999999421e-03 6.990483000000000460e-03
2.464042000000000066e+00 1.344514999999999946e-02 -1.199238999999999947e-03 0.000000000000000000e+00 6.478481000000000344e-03 0.000000000000000000e+00 8.410129000000000563e-03 6.966668999999999119e-03
2.470231000000000066e+00 1.338074000000000034e-02 -1.136057999999999903e-03 0.000000000000000000e+00 6.427816999999999732e-03 0.000000000000000000e+00 8.404613999999999488e-03 6.952923000000000610e-03
2.476420000000000066e+00 1.331674000000000052e-02 -1.072961000000000097e-03 0.000000000000000000e+00 6.377217000000000129e-03 0.000000000000000000e+00 8.399043000000000134e-03 6.939523000000000393e-03
2.482609000000000066e+00 1.325347999999999977e-02 -1.011353999999999899e-03 0.000000000000000000e+00 6.327100999999999906e-03 0.000000000000000000e+00 8.393739000000000755e-03 6.926378999999999869e-03
2.488796999999999926e+00 1.319151999999999998e-02 -9.523999999999999480e-04 0.000000000000000000e+00 6.277849000000000276e-03 0.000000000000000000e+00 8.388911000000000631e-03 6.913670999999999706e-03
2.494985999999999926e+00 1.314103999999999967e-02 -8.927934999999999691e-04 0.000000000000000000e+00 6.228624999999999787e-03 0.000000000000000000e+00 8.386474999999999139e-03 6.912414999999999879e-03
2.501174999999999926e+00 1.310102999999999962e-02 -8.329681999999999711e-04 0.000000000000000000e+00 6.179401000000000165e-03 0.000000000000000000e+00 8.385694000000000828e-03 6.921628999999999456e-03
2.507363999999999926e+00 1.306102999999999952e-02 -7.731428000000000475e-04 0.000000000000000000e+00 6.130176999999999675e-03 0.000000000000000000e+00 8.384911000000000100e-03 6.930852999999999840e-03
2.513551999999999786e+00 1.302090000000000018e-02 -7.132516999999999460e-04 0.000000000000000000e+00 6.080964999999999808e-03 0.000000000000000000e+00 8.384199000000000165e-03 6.939935000000000374e-03
2.519740999999999786e+00 1.298825999999999974e-02 -6.527205000000000333e-04 0.000000000000000000e+00 6.031972000000000028e-03 0.000000000000000000e+00 8.384259999999999283e-03 6.956287999999999708e-03
2.525929999999999787e+00 1.297423999999999973e-02 -5.914340999999999826e-04 0.000000000000000000e+00 5.983342000000000001e-03 0.000000000000000000e+00 8.385346999999999593e-03 6.990897999999999730e-03
2.532118999999999787e+00 1.296070000000000035e-02 -5.303753999999999500e-04 0.000000000000000000e+00 5.934619000000000352e-03 0.000000000000000000e+00 8.386259999999999548e-03 7.026080999999999993e-03
2.538307000000000091e+00 1.294663000000000064e-02 -4.690655000000000172e-04 0.000000000000000000e+00 5.885999000000000266e-03 0.000000000000000000e+00 8.387363000000000110e-03 7.060631000000000372e-03
2.544496000000000091e+00 1.293988000000000083e-02 -4.074292999999999990e-04 0.000000000000000000e+00 5.837725000000000206e-03 0.000000000000000000e+00 8.389508000000000382e-03 7.102155000000000620e-03
2.550685000000000091e+00 1.295045000000000050e-02 -3.453126000000000047e-04 0.000000000000000000e+00 5.790133999999999732e-03 0.000000000000000000e+00 8.393832000000000376e-03 7.160316000000000770e-03
2.556874000000000091e+00 1.296106999999999988e-02 -2.832302999999999774e-04 0.000000000000000000e+00 5.742535000000000001e-03 0.000000000000000000e+00 8.398137999999999437e-03 7.218534999999999882e-03
2.563061999999999951e+00 1.297151000000000033e-02 -2.210307999999999913e-04 0.000000000000000000e+00 5.694964000000000276e-03 0.000000000000000000e+00 8.402509000000000713e-03 7.276546000000000056e-03
2.569250999999999951e+00 1.299558999999999957e-02 -1.575454000000000112e-04 0.000000000000000000e+00 5.647875000000000117e-03 0.000000000000000000e+00 8.410539999999999336e-03 7.347714999999999455e-03
2.575439999999999952e+00 1.303132000000000075e-02 -9.292553000000000542e-05 0.000000000000000000e+00 5.601204999999999726e-03 0.000000000000000000e+00 8.421717999999999912e-03 7.430115000000001024e-03
2.581628999999999952e+00 1.306691999999999923e-02 -2.810416000000000165e-05 0.000000000000000000e+00 5.554574999999999964e-03 0.000000000000000000e+00 8.432973999999999332e-03 7.512344999999999266e-03
2.587816999999999812e+00 1.310291000000000060e-02 3.658541999999999843e-05 0.000000000000000000e+00 5.507917000000000195e-03 0.000000000000000000e+00 8.444269000000000774e-03 7.594993000000000404e-03
2.594005999999999812e+00 1.316170000000000014e-02 1.035358999999999992e-04 0.000000000000000000e+00 5.461531000000000372e-03 0.000000000000000000e+00 8.463530000000000358e-03 7.700168999999999764e-03
2.600194999999999812e+00 1.322047999999999973e-02 1.707610999999999938e-04 0.000000000000000000e+00 5.415195999999999725e-03 0.000000000000000000e+00 8.482905000000000653e-03 7.805284000000000007e-03
2.606383999999999812e+00 1.327925999999999933e-02 2.378691999999999959e-04 0.000000000000000000e+00 5.368839000000000250e-03 0.000000000000000000e+00 8.502233999999999139e-03 7.910420999999999078e-03
2.612572000000000116e+00 1.335376999999999918e-02 3.072538999999999891e-04 0.000000000000000000e+00 5.322696000000000024e-03 0.000000000000000000e+00 8.527230000000000226e-03 8.031073999999999158e-03
2.618761000000000116e+00 1.343416000000000055e-02 3.778202000000000253e-04 0.000000000000000000e+00 5.276646000000000288e-03 0.000000000000000000e+00 8.554588999999999596e-03 8.157514000000001125e-03
2.624950000000000117e+00 1.351455000000000017e-02 4.483770000000000203e-04 0.000000000000000000e+00 5.230593999999999869e-03 0.000000000000000000e+00 8.581943999999999337e-03 8.283956000000000305e-03
2.631139000000000117e+00 1.361165999999999938e-02 5.204593000000000197e-04 0.000000000000000000e+00 5.184661000000000131e-03 0.000000000000000000e+00 8.613468000000000860e-03 8.426998999999999254e-03
2.637326999999999977e+00 1.371691000000000056e-02 5.935743999999999526e-04 0.000000000000000000e+00 5.138764999999999999e-03 0.000000000000000000e+00 8.647284999999999347e-03 8.578145000000000561e-03
2.643515999999999977e+00 1.382216000000000000e-02 6.666894999999999939e-04 0.000000000000000000e+00 5.092868000000000395e-03 0.000000000000000000e+00 8.681100000000000622e-03 8.729291999999999607e-03
2.649704999999999977e+00 1.395237000000000040e-02 7.436888000000000006e-04 0.000000000000000000e+00 5.047516000000000155e-03 0.000000000000000000e+00 8.717137999999999276e-03 8.904854000000000241e-03
2.655893999999999977e+00 1.408743999999999968e-02 8.221383000000000293e-04 0.000000000000000000e+00 5.002107999999999902e-03 0.000000000000000000e+00 8.753395000000000620e-03 9.085331999999999783e-03
2.662081999999999837e+00 1.423040000000000069e-02 9.010872999999999539e-04 0.000000000000000000e+00 4.957037000000000075e-03 0.000000000000000000e+00 8.790226999999999416e-03 9.273362999999999745e-03
2.668270999999999837e+00 1.439766999999999957e-02 9.814421999999999729e-04 0.000000000000000000e+00 4.912742999999999798e-03 0.000000000000000000e+00 8.828598999999999475e-03 9.484927000000000635e-03
2.674459999999999837e+00 1.456516000000000061e-02 1.061824000000000058e-03 0.000000000000000000e+00 4.868500999999999905e-03 0.000000000000000000e+00 8.867030999999999177e-03 9.696658999999999834e-03
2.680648999999999837e+00 1.475710000000000043e-02 1.144440000000000041e-03 0.000000000000000000e+00 4.825862999999999681e-03 0.000000000000000000e+00 8.907325000000000659e-03 9.931237000000000745e-03
2.686837000000000142e+00 1.495372000000000021e-02 1.227458000000000065e-03 0.000000000000000000e+00 4.783395999999999655e-03 0.000000000000000000e+00 8.947827000000000211e-03 1.017032400000000142e-02
2.693026000000000142e+00 1.516772000000000085e-02 1.310951000000000087e-03 0.000000000000000000e+00 4.741938000000000229e-03 0.000000000000000000e+00 8.990731999999999544e-03 1.042578200000000149e-02
2.699215000000000142e+00 1.539148000000000079e-02 1.394569999999999924e-03 0.000000000000000000e+00 4.700682999999999771e-03 0.000000000000000000e+00 9.034781999999999882e-03 1.069079700000000188e-02
2.705404000000000142e+00 1.563232000000000163e-02 1.479199999999999959e-03 0.000000000000000000e+00 4.660596999999999830e-03 0.000000000000000000e+00 9.080437999999999704e-03 1.097172300000000267e-02
2.711593000000000142e+00 1.588337999999999903e-02 1.564269999999999983e-03 0.000000000000000000e+00 4.620860000000000072e-03 0.000000000000000000e+00 9.127011000000000845e-03 1.126251999999999809e-02
2.717781000000000002e+00 1.615762999999999922e-02 1.649866999999999957e-03 0.000000000000000000e+00 4.582168000000000178e-03 0.000000000000000000e+00 9.176134000000000721e-03 1.157546199999999817e-02
2.723970000000000002e+00 1.643922000000000092e-02 1.735582999999999961e-03 0.000000000000000000e+00 4.543697000000000187e-03 0.000000000000000000e+00 9.226039999999999588e-03 1.189552300000000160e-02
2.730159000000000002e+00 1.674896000000000024e-02 1.822868000000000058e-03 0.000000000000000000e+00 4.505842000000000354e-03 0.000000000000000000e+00 9.275366999999999640e-03 1.224311800000000075e-02
2.736348000000000003e+00 1.706821999999999853e-02 1.910405000000000002e-03 0.000000000000000000e+00 4.468170999999999948e-03 0.000000000000000000e+00 9.323977000000000653e-03 1.260004899999999858e-02
2.742535999999999863e+00 1.740830999999999976e-02 1.998319000000000137e-03 0.000000000000000000e+00 4.430624999999999668e-03 0.000000000000000000e+00 9.371397999999999534e-03 1.297768499999999922e-02
2.748724999999999863e+00 1.776898000000000019e-02 2.086552000000000198e-03 0.000000000000000000e+00 4.393110999999999891e-03 0.000000000000000000e+00 9.417069999999999608e-03 1.337586900000000030e-02
2.754913999999999863e+00 1.814197000000000032e-02 2.174918999999999984e-03 0.000000000000000000e+00 4.355620000000000151e-03 0.000000000000000000e+00 9.461666000000000520e-03 1.378634999999999930e-02
2.761102999999999863e+00 1.854454999999999992e-02 2.262951999999999932e-03 0.000000000000000000e+00 4.318001000000000131e-03 0.000000000000000000e+00 9.503720000000000223e-03 1.422654899999999979e-02
2.767291000000000167e+00 1.896313999999999986e-02 2.350671999999999831e-03 0.000000000000000000e+00 4.279966999999999973e-03 0.000000000000000000e+00 9.544563000000000699e-03 1.468317300000000075e-02
2.773480000000000167e+00 1.939756000000000119e-02 2.438089999999999962e-03 0.000000000000000000e+00 4.241599999999999884e-03 0.000000000000000000e+00 9.584099999999999911e-03 1.515596000000000131e-02
2.779669000000000167e+00 1.986281999999999978e-02 2.524994000000000023e-03 0.000000000000000000e+00 4.202028000000000013e-03 0.000000000000000000e+00 9.620704000000000755e-03 1.566079199999999977e-02
2.785858000000000168e+00 2.034512000000000126e-02 2.611610999999999794e-03 0.000000000000000000e+00 4.161545000000000001e-03 0.000000000000000000e+00 9.655356999999999829e-03 1.618357500000000213e-02
2.792046000000000028e+00 2.084505000000000038e-02 2.697914000000000041e-03 0.000000000000000000e+00 4.120083000000000079e-03 0.000000000000000000e+00 9.687752000000000863e-03 1.672496700000000031e-02
2.798235000000000028e+00 2.137125000000000136e-02 2.783072000000000150e-03 0.000000000000000000e+00 4.076693000000000157e-03 0.000000000000000000e+00 9.715612000000000206e-03 1.729455700000000207e-02
2.804424000000000028e+00 2.191819000000000059e-02 2.867017999999999824e-03 0.000000000000000000e+00 4.031490999999999894e-03 0.000000000000000000e+00 9.738596999999999879e-03 1.788669899999999896e-02
2.810613000000000028e+00 2.248270000000000129e-02 2.949493000000000080e-03 0.000000000000000000e+00 3.984538000000000142e-03 0.000000000000000000e+00 9.756436000000000275e-03 1.849816200000000202e-02
2.816802000000000028e+00 2.306383000000000044e-02 3.030006000000000019e-03 0.000000000000000000e+00 3.935624999999999887e-03 0.000000000000000000e+00 9.768109000000000514e-03 1.912820500000000229e-02
2.822989999999999888e+00 2.366431999999999911e-02 3.107410000000000120e-03 0.000000000000000000e+00 3.883816999999999912e-03 0.000000000000000000e+00 9.770462000000000591e-03 1.978050299999999789e-02
2.829178999999999888e+00 2.428013000000000046e-02 3.181620999999999928e-03 0.000000000000000000e+00 3.829012000000000127e-03 0.000000000000000000e+00 9.764449999999999172e-03 2.045111800000000077e-02
2.835367999999999888e+00 2.490734000000000004e-02 3.252338000000000017e-03 0.000000000000000000e+00 3.771155999999999901e-03 0.000000000000000000e+00 9.750440000000000842e-03 2.113618399999999883e-02
2.841556999999999888e+00 2.554419000000000134e-02 3.318966000000000017e-03 0.000000000000000000e+00 3.709891999999999791e-03 0.000000000000000000e+00 9.728153999999999274e-03 2.183429800000000198e-02
2.847745000000000193e+00 2.618888999999999939e-02 3.380880000000000170e-03 0.000000000000000000e+00 3.644746999999999831e-03 0.000000000000000000e+00 9.697373999999999925e-03 2.254414299999999913e-02
2.853934000000000193e+00 2.683982000000000034e-02 3.437509000000000051e-03 0.000000000000000000e+00 3.575070000000000071e-03 0.000000000000000000e+00 9.657906000000000823e-03 2.326475000000000071e-02
2.860123000000000193e+00 2.749491000000000088e-02 3.488359999999999812e-03 0.000000000000000000e+00 3.500201000000000093e-03 0.000000000000000000e+00 9.609641000000000363e-03 2.399470899999999948e-02
2.866312000000000193e+00 2.814921999999999910e-02 3.532340000000000133e-03 0.000000000000000000e+00 3.419441000000000060e-03 0.000000000000000000e+00 9.552734000000000225e-03 2.472977900000000034e-02
2.872500000000000053e+00 2.879869999999999999e-02 3.568967000000000146e-03 0.000000000000000000e+00 3.332433000000000096e-03 0.000000000000000000e+00 9.487940999999999736e-03 2.546626700000000076e-02
2.878689000000000053e+00 2.943923000000000026e-02 3.597971000000000155e-03 0.000000000000000000e+00 3.238729999999999994e-03 0.000000000000000000e+00 9.414880999999999944e-03 2.620050000000000157e-02
2.884878000000000053e+00 3.006380000000000163e-02 3.618521999999999884e-03 0.000000000000000000e+00 3.138114000000000008e-03 0.000000000000000000e+00 9.332840000000000233e-03 2.692568600000000076e-02
2.891067000000000053e+00 3.066738000000000103e-02 3.629664999999999801e-03 0.000000000000000000e+00 3.029931999999999938e-03 0.000000000000000000e+00 9.239974999999999231e-03 2.763744800000000196e-02
2.897254999999999914e+00 3.124412000000000023e-02 3.629727000000000127e-03 0.000000000000000000e+00 2.913915999999999902e-03 0.000000000000000000e+00 9.135802000000000159e-03 2.833020400000000119e-02
2.903443999999999914e+00 3.179951000000000305e-02 3.617862999999999808e-03 0.000000000000000000e+00 2.791431999999999941e-03 0.000000000000000000e+00 9.024333000000000701e-03 2.900807800000000311e-02
2.909632999999999914e+00 3.229506000000000043e-02 3.593623000000000216e-03 0.000000000000000000e+00 2.659719999999999966e-03 0.000000000000000000e+00 8.894762999999999975e-03 2.963533999999999960e-02
2.915821999999999914e+00 3.273472999999999661e-02 3.554786999999999791e-03 0.000000000000000000e+00 2.519763999999999858e-03 0.000000000000000000e+00 8.752354000000000384e-03 3.021496599999999588e-02
2.922010000000000218e+00 3.310470000000000079e-02 3.499471999999999999e-03 0.000000000000000000e+00 2.371849000000000093e-03 0.000000000000000000e+00 8.597995000000000637e-03 3.073285100000000200e-02
2.928199000000000218e+00 3.338903000000000010e-02 3.426063999999999932e-03 0.000000000000000000e+00 2.216247000000000182e-03 0.000000000000000000e+00 8.432126999999999331e-03 3.117278299999999905e-02
2.934388000000000218e+00 3.356855999999999729e-02 3.332625000000000084e-03 0.000000000000000000e+00 2.053177000000000214e-03 0.000000000000000000e+00 8.254212999999999828e-03 3.151538299999999404e-02
2.940577000000000218e+00 3.361974000000000212e-02 3.217404000000000097e-03 0.000000000000000000e+00 1.883347000000000059e-03 0.000000000000000000e+00 8.062905999999999893e-03 3.173639300000000163e-02
2.946765000000000079e+00 3.351424000000000070e-02 3.078795999999999963e-03 0.000000000000000000e+00 1.707734000000000031e-03 0.000000000000000000e+00 7.855539999999999398e-03 3.180650599999999828e-02
2.952954000000000079e+00 3.321836999999999707e-02 2.915720000000000117e-03 0.000000000000000000e+00 1.527876999999999968e-03 0.000000000000000000e+00 7.628778000000000122e-03 3.169049300000000013e-02
2.959143000000000079e+00 3.266741000000000089e-02 2.724339000000000101e-03 0.000000000000000000e+00 1.344617999999999898e-03 0.000000000000000000e+00 7.373890999999999606e-03 3.132279200000000208e-02
2.965332000000000079e+00 3.180477000000000304e-02 2.504773000000000069e-03 0.000000000000000000e+00 1.161144000000000022e-03 0.000000000000000000e+00 7.084591999999999799e-03 3.064362600000000367e-02
2.971519999999999939e+00 3.058773000000000047e-02 2.258342999999999896e-03 0.000000000000000000e+00 9.795126999999998960e-04 0.000000000000000000e+00 6.755062000000000046e-03 2.960821729999999971e-02
2.977708999999999939e+00 2.895634000000000055e-02 1.986278000000000175e-03 0.000000000000000000e+00 8.023655000000000414e-04 0.000000000000000000e+00 6.378527999999999629e-03 2.815397450000000149e-02
2.983897999999999939e+00 2.674015999999999893e-02 1.687024000000000076e-03 0.000000000000000000e+00 6.345494000000000134e-04 0.000000000000000000e+00 5.935199000000000377e-03 2.610561059999999892e-02
2.990086999999999939e+00 2.396989000000000064e-02 1.371250000000000073e-03 0.000000000000000000e+00 4.784208000000000189e-04 0.000000000000000000e+00 5.426705000000000417e-03 2.349146920000000013e-02
2.996274999999999800e+00 2.057640000000000163e-02 1.048260999999999984e-03 0.000000000000000000e+00 3.386567000000000266e-04 0.000000000000000000e+00 4.834999000000000415e-03 2.023774330000000302e-02
3.002463999999999800e+00 1.660152999999999976e-02 7.348135999999999470e-04 0.000000000000000000e+00 2.198125000000000101e-04 0.000000000000000000e+00 4.146628000000000293e-03 1.638171750000000024e-02
3.008652999999999800e+00 1.226657999999999915e-02 4.538168000000000085e-04 0.000000000000000000e+00 1.252334000000000129e-04 0.000000000000000000e+00 3.355691000000000056e-03 1.214134659999999838e-02
3.014841999999999800e+00 7.914048999999999390e-03 2.293394999999999885e-04 0.000000000000000000e+00 5.790007999999999673e-05 0.000000000000000000e+00 2.464815999999999882e-03 7.856148920000000091e-03
3.021030000000000104e+00 4.114813999999999625e-03 8.447077999999999629e-05 0.000000000000000000e+00 1.906452000000000157e-05 0.000000000000000000e+00 1.512206000000000097e-03 4.095749479999999908e-03
3.027219000000000104e+00 1.366721999999999902e-03 1.516436000000000062e-05 0.000000000000000000e+00 2.715663000000000142e-06 0.000000000000000000e+00 6.192344000000000017e-04 1.364006336999999810e-03
3.033408000000000104e+00 6.151474000000000525e-05 5.919336000000000165e-08 0.000000000000000000e+00 2.750970000000000066e-09 0.000000000000000000e+00 3.714792999999999925e-05 6.151198903000000269e-05
