9.169999999999999549e-04 2.158132000000000092e-05 -1.047294000000000044e-09 0.000000000000000000e+00 2.839301999999999818e-10 0.000000000000000000e+00 1.680159999999999851e-05 2.158103606980000145e-05
7.106000000000000337e-03 9.675855000000000350e-04 8.841005999999999883e-07 0.000000000000000000e+00 3.248004000000000184e-06 0.000000000000000000e+00 7.286080999999999808e-04 9.643374960000000847e-04
1.329499999999999953e-02 2.781028999999999966e-03 4.565354000000000370e-06 0.000000000000000000e+00 3.013190999999999930e-05 0.000000000000000000e+00 2.030024000000000065e-03 2.750897090000000052e-03
1.948300000000000032e-02 4.890773000000000169e-03 5.234340000000000269e-06 0.000000000000000000e+00 1.029786999999999971e-04 0.000000000000000000e+00 3.471489999999999819e-03 4.787794300000000267e-03
2.567200000000000037e-02 6.984083000000000305e-03 -4.231462999999999673e-06 0.000000000000000000e+00 2.315925000000000091e-04 0.000000000000000000e+00 4.840800000000000138e-03 6.752490500000000485e-03
3.186100000000000043e-02 8.889597000000000818e-03 -2.925182000000000143e-05 0.000000000000000000e+00 4.201461999999999992e-04 0.000000000000000000e+00 6.043586000000000097e-03 8.469450800000000168e-03
3.805000000000000049e-02 1.055974999999999969e-02 -6.955108000000000427e-05 0.000000000000000000e+00 6.621221999999999741e-04 0.000000000000000000e+00 7.077423000000000221e-03 9.897627799999999393e-03
4.423799999999999955e-02 1.198210000000000074e-02 -1.239005000000000108e-04 0.000000000000000000e+00 9.490446000000000038e-04 0.000000000000000000e+00 7.951836000000000321e-03 1.103305540000000008e-02
5.042699999999999960e-02 1.317184000000000063e-02 -1.899756000000000112e-04 0.000000000000000000e+00 1.273414000000000056e-03 0.000000000000000000e+00 8.689389999999999961e-03 1.189842600000000014e-02
5.661599999999999966e-02 1.415472000000000084e-02 -2.654986000000000130e-04 0.000000000000000000e+00 1.627343000000000062e-03 0.000000000000000000e+00 9.313211000000000059e-03 1.252737700000000100e-02
6.280499999999999972e-02 1.496086999999999938e-02 -3.484366000000000243e-04 0.000000000000000000e+00 2.003341000000000063e-03 0.000000000000000000e+00 9.844023000000000356e-03 1.295752899999999888e-02
6.899299999999999877e-02 1.562264000000000014e-02 -4.370441999999999990e-04 0.000000000000000000e+00 2.393929999999999843e-03 0.000000000000000000e+00 1.029923999999999944e-02 1.322871000000000116e-02
7.518199999999999883e-02 1.616520999999999930e-02 -5.303483999999999586e-04 0.000000000000000000e+00 2.795788999999999913e-03 0.000000000000000000e+00 1.069365000000000072e-02 1.336942099999999939e-02
8.137099999999999889e-02 1.661044000000000062e-02 -6.275704999999999912e-04 0.000000000000000000e+00 3.204534000000000202e-03 0.000000000000000000e+00 1.103575000000000042e-02 1.340590600000000042e-02
8.755999999999999894e-02 1.698049000000000086e-02 -7.279292999999999831e-04 0.000000000000000000e+00 3.615596000000000001e-03 0.000000000000000000e+00 1.133323999999999963e-02 1.336489400000000043e-02
9.374799999999999800e-02 1.729622000000000104e-02 -8.310811000000000413e-04 0.000000000000000000e+00 4.027796000000000154e-03 0.000000000000000000e+00 1.159673999999999948e-02 1.326842400000000088e-02
9.993699999999999806e-02 1.756448999999999858e-02 -9.370345999999999884e-04 0.000000000000000000e+00 4.437812999999999654e-03 0.000000000000000000e+00 1.182681000000000010e-02 1.312667699999999979e-02
1.061259999999999981e-01 1.780348000000000000e-02 -1.045062999999999938e-03 0.000000000000000000e+00 4.844359000000000338e-03 0.000000000000000000e+00 1.203472000000000049e-02 1.295912100000000053e-02
1.123149999999999982e-01 1.801818000000000169e-02 -1.155545000000000010e-03 0.000000000000000000e+00 5.246335000000000408e-03 0.000000000000000000e+00 1.222301999999999937e-02 1.277184500000000042e-02
1.185029999999999972e-01 1.821636000000000088e-02 -1.267864999999999964e-03 0.000000000000000000e+00 5.641654000000000287e-03 0.000000000000000000e+00 1.239704999999999974e-02 1.257470600000000147e-02
1.246919999999999973e-01 1.840407000000000154e-02 -1.381508000000000042e-03 0.000000000000000000e+00 6.029617999999999610e-03 0.000000000000000000e+00 1.256114000000000015e-02 1.237445200000000106e-02
1.308809999999999973e-01 1.858508999999999856e-02 -1.497513000000000013e-03 0.000000000000000000e+00 6.411634000000000257e-03 0.000000000000000000e+00 1.271723999999999945e-02 1.217345599999999917e-02
1.370699999999999974e-01 1.876258000000000092e-02 -1.615389999999999968e-03 0.000000000000000000e+00 6.785358000000000014e-03 0.000000000000000000e+00 1.286651999999999935e-02 1.197722200000000091e-02
1.432579999999999965e-01 1.893846999999999892e-02 -1.734393000000000089e-03 0.000000000000000000e+00 7.150016000000000357e-03 0.000000000000000000e+00 1.300993999999999935e-02 1.178845399999999856e-02
1.494469999999999965e-01 1.911484000000000100e-02 -1.854694999999999955e-03 0.000000000000000000e+00 7.506320999999999827e-03 0.000000000000000000e+00 1.314873000000000083e-02 1.160851900000000117e-02
1.556359999999999966e-01 1.929325000000000137e-02 -1.976064999999999940e-03 0.000000000000000000e+00 7.854395999999999600e-03 0.000000000000000000e+00 1.328427000000000080e-02 1.143885400000000177e-02
1.618249999999999966e-01 1.947431000000000162e-02 -2.097447000000000113e-03 0.000000000000000000e+00 8.194045000000000495e-03 0.000000000000000000e+00 1.341870000000000042e-02 1.128026500000000112e-02
1.680129999999999957e-01 1.965831999999999996e-02 -2.218293999999999995e-03 0.000000000000000000e+00 8.525404000000000315e-03 0.000000000000000000e+00 1.355273000000000068e-02 1.113291599999999965e-02
1.742019999999999957e-01 1.984525999999999998e-02 -2.338306999999999972e-03 0.000000000000000000e+00 8.848585000000000825e-03 0.000000000000000000e+00 1.368797000000000069e-02 1.099667499999999916e-02
1.803909999999999958e-01 2.003539999999999835e-02 -2.457537999999999997e-03 0.000000000000000000e+00 9.164044999999999136e-03 0.000000000000000000e+00 1.382570999999999974e-02 1.087135499999999921e-02
1.865799999999999959e-01 2.022929000000000047e-02 -2.576240999999999948e-03 0.000000000000000000e+00 9.472296999999999315e-03 0.000000000000000000e+00 1.396692000000000072e-02 1.075699300000000115e-02
1.927679999999999949e-01 2.042793999999999860e-02 -2.694891999999999947e-03 0.000000000000000000e+00 9.774124000000000353e-03 0.000000000000000000e+00 1.411235999999999914e-02 1.065381599999999825e-02
1.989569999999999950e-01 2.063119000000000064e-02 -2.812849999999999986e-03 0.000000000000000000e+00 1.006955999999999997e-02 0.000000000000000000e+00 1.426138000000000058e-02 1.056163000000000067e-02
2.051459999999999950e-01 2.083940000000000098e-02 -2.929880000000000158e-03 0.000000000000000000e+00 1.035875999999999984e-02 0.000000000000000000e+00 1.441350999999999917e-02 1.048064000000000114e-02
2.113349999999999951e-01 2.105295000000000083e-02 -3.046070000000000114e-03 0.000000000000000000e+00 1.064207000000000000e-02 0.000000000000000000e+00 1.456873000000000022e-02 1.041088000000000083e-02
2.175239999999999951e-01 2.128145999999999857e-02 -3.171409999999999941e-03 0.000000000000000000e+00 1.092762000000000074e-02 0.000000000000000000e+00 1.473407000000000015e-02 1.035383999999999784e-02
2.237119999999999942e-01 2.152099000000000026e-02 -3.300976000000000170e-03 0.000000000000000000e+00 1.121321999999999944e-02 0.000000000000000000e+00 1.490224000000000062e-02 1.030777000000000082e-02
2.299009999999999942e-01 2.176755999999999830e-02 -3.430781999999999842e-03 0.000000000000000000e+00 1.149284000000000069e-02 0.000000000000000000e+00 1.507071999999999926e-02 1.027471999999999761e-02
2.360899999999999943e-01 2.201818999999999998e-02 -3.562320999999999804e-03 0.000000000000000000e+00 1.177245000000000028e-02 0.000000000000000000e+00 1.523838999999999923e-02 1.024573999999999971e-02
2.422789999999999944e-01 2.227062000000000139e-02 -3.694881000000000120e-03 0.000000000000000000e+00 1.205066999999999944e-02 0.000000000000000000e+00 1.540495000000000059e-02 1.021995000000000195e-02
2.484669999999999934e-01 2.252704999999999985e-02 -3.828151000000000123e-03 0.000000000000000000e+00 1.232059999999999926e-02 0.000000000000000000e+00 1.556978000000000008e-02 1.020645000000000059e-02
2.546559999999999935e-01 2.279020000000000004e-02 -3.963005000000000347e-03 0.000000000000000000e+00 1.258875999999999919e-02 0.000000000000000000e+00 1.572843000000000158e-02 1.020144000000000085e-02
2.608449999999999935e-01 2.305219999999999839e-02 -4.093740000000000226e-03 0.000000000000000000e+00 1.284934000000000076e-02 0.000000000000000000e+00 1.588385999999999965e-02 1.020285999999999763e-02
2.670339999999999936e-01 2.332067999999999988e-02 -4.225770000000000221e-03 0.000000000000000000e+00 1.310523000000000070e-02 0.000000000000000000e+00 1.604070000000000148e-02 1.021544999999999918e-02
2.732220000000000204e-01 2.359307999999999891e-02 -4.358195999999999945e-03 0.000000000000000000e+00 1.335978999999999986e-02 0.000000000000000000e+00 1.619792000000000107e-02 1.023328999999999905e-02
2.794110000000000205e-01 2.386618999999999893e-02 -4.489642000000000285e-03 0.000000000000000000e+00 1.361202000000000072e-02 0.000000000000000000e+00 1.635458000000000051e-02 1.025416999999999822e-02
2.856000000000000205e-01 2.414536000000000113e-02 -4.624345999999999665e-03 0.000000000000000000e+00 1.386313999999999949e-02 0.000000000000000000e+00 1.651444999999999996e-02 1.028222000000000164e-02
2.917890000000000206e-01 2.442060999999999885e-02 -4.763919999999999613e-03 0.000000000000000000e+00 1.412273000000000001e-02 0.000000000000000000e+00 1.667516999999999958e-02 1.029787999999999884e-02
2.979769999999999919e-01 2.470171999999999993e-02 -4.905203000000000341e-03 0.000000000000000000e+00 1.438258000000000071e-02 0.000000000000000000e+00 1.683867000000000003e-02 1.031913999999999922e-02
3.041659999999999919e-01 2.498415000000000011e-02 -5.044362999999999625e-03 0.000000000000000000e+00 1.463965000000000058e-02 0.000000000000000000e+00 1.700263000000000121e-02 1.034449999999999953e-02
3.103549999999999920e-01 2.526495000000000130e-02 -5.180144000000000241e-03 0.000000000000000000e+00 1.489242999999999990e-02 0.000000000000000000e+00 1.716497000000000162e-02 1.037252000000000139e-02
3.165439999999999920e-01 2.555307999999999885e-02 -5.319321000000000119e-03 0.000000000000000000e+00 1.514702000000000062e-02 0.000000000000000000e+00 1.733202000000000007e-02 1.040605999999999823e-02
3.227320000000000189e-01 2.584853000000000151e-02 -5.456309999999999806e-03 0.000000000000000000e+00 1.539698999999999929e-02 0.000000000000000000e+00 1.750289999999999832e-02 1.045154000000000222e-02
3.289210000000000189e-01 2.614083999999999852e-02 -5.590961999999999668e-03 0.000000000000000000e+00 1.564383000000000093e-02 0.000000000000000000e+00 1.767963000000000173e-02 1.049700999999999759e-02
3.351100000000000190e-01 2.643616000000000021e-02 -5.727498999999999611e-03 0.000000000000000000e+00 1.589122999999999925e-02 0.000000000000000000e+00 1.786081000000000127e-02 1.054493000000000097e-02
3.412990000000000190e-01 2.673450999999999952e-02 -5.865089999999999887e-03 0.000000000000000000e+00 1.613788000000000028e-02 0.000000000000000000e+00 1.804887999999999978e-02 1.059662999999999924e-02
3.474869999999999903e-01 2.703004999999999991e-02 -6.001089000000000249e-03 0.000000000000000000e+00 1.638241000000000003e-02 0.000000000000000000e+00 1.823639000000000163e-02 1.064763999999999988e-02
3.536759999999999904e-01 2.733464000000000033e-02 -6.143227999999999710e-03 0.000000000000000000e+00 1.663233000000000072e-02 0.000000000000000000e+00 1.843053999999999873e-02 1.070230999999999960e-02
3.598649999999999904e-01 2.765081999999999957e-02 -6.295386000000000037e-03 0.000000000000000000e+00 1.689196000000000100e-02 0.000000000000000000e+00 1.863284999999999941e-02 1.075885999999999856e-02
3.660539999999999905e-01 2.796631000000000117e-02 -6.442920000000000418e-03 0.000000000000000000e+00 1.714919000000000165e-02 0.000000000000000000e+00 1.883225999999999997e-02 1.081711999999999951e-02
3.722420000000000173e-01 2.830473000000000017e-02 -6.596117000000000299e-03 0.000000000000000000e+00 1.740975999999999982e-02 0.000000000000000000e+00 1.904397999999999855e-02 1.089497000000000035e-02
3.784310000000000174e-01 2.864126000000000172e-02 -6.747452000000000137e-03 0.000000000000000000e+00 1.766966999999999843e-02 0.000000000000000000e+00 1.925313000000000024e-02 1.097159000000000328e-02
3.846200000000000174e-01 2.900553000000000159e-02 -6.906278000000000070e-03 0.000000000000000000e+00 1.793623000000000092e-02 0.000000000000000000e+00 1.948128999999999833e-02 1.106930000000000067e-02
3.908090000000000175e-01 2.936601999999999962e-02 -7.060773000000000223e-03 0.000000000000000000e+00 1.819395999999999861e-02 0.000000000000000000e+00 1.970594999999999986e-02 1.117206000000000102e-02
3.969969999999999888e-01 2.974231000000000097e-02 -7.220141000000000232e-03 0.000000000000000000e+00 1.845791000000000098e-02 0.000000000000000000e+00 1.994222999999999829e-02 1.128439999999999999e-02
4.031859999999999888e-01 3.012340000000000156e-02 -7.381448999999999996e-03 0.000000000000000000e+00 1.872410000000000047e-02 0.000000000000000000e+00 2.018195000000000058e-02 1.139930000000000110e-02
4.093749999999999889e-01 3.051438999999999888e-02 -7.547970999999999674e-03 0.000000000000000000e+00 1.899765000000000134e-02 0.000000000000000000e+00 2.042681999999999831e-02 1.151673999999999753e-02
4.155639999999999890e-01 3.090932999999999875e-02 -7.716800999999999695e-03 0.000000000000000000e+00 1.927716000000000152e-02 0.000000000000000000e+00 2.067354000000000067e-02 1.163216999999999723e-02
4.217529999999999890e-01 3.131165999999999811e-02 -7.889668000000000722e-03 0.000000000000000000e+00 1.956025000000000125e-02 0.000000000000000000e+00 2.092441000000000093e-02 1.175140999999999686e-02
4.279410000000000158e-01 3.172910000000000313e-02 -8.075110999999999400e-03 0.000000000000000000e+00 1.985614000000000129e-02 0.000000000000000000e+00 2.118451000000000015e-02 1.187296000000000185e-02
4.341300000000000159e-01 3.214146999999999837e-02 -8.257979999999999834e-03 0.000000000000000000e+00 2.015149999999999927e-02 0.000000000000000000e+00 2.144118000000000065e-02 1.198996999999999910e-02
4.403190000000000159e-01 3.257681999999999939e-02 -8.451633000000000062e-03 0.000000000000000000e+00 2.045806999999999834e-02 0.000000000000000000e+00 2.170553999999999886e-02 1.211875000000000105e-02
4.465080000000000160e-01 3.301020999999999816e-02 -8.643707999999999947e-03 0.000000000000000000e+00 2.076396000000000144e-02 0.000000000000000000e+00 2.196794999999999998e-02 1.224624999999999672e-02
4.526959999999999873e-01 3.345924000000000120e-02 -8.843626999999999738e-03 0.000000000000000000e+00 2.107614999999999836e-02 0.000000000000000000e+00 2.223881000000000122e-02 1.238309000000000284e-02
4.588849999999999874e-01 3.391167999999999960e-02 -9.045544000000000848e-03 0.000000000000000000e+00 2.139036000000000062e-02 0.000000000000000000e+00 2.250562999999999869e-02 1.252131999999999898e-02
4.650739999999999874e-01 3.437007999999999730e-02 -9.252768999999999230e-03 0.000000000000000000e+00 2.170808000000000113e-02 0.000000000000000000e+00 2.278159999999999907e-02 1.266199999999999617e-02
4.712629999999999875e-01 3.483628999999999892e-02 -9.468069000000000832e-03 0.000000000000000000e+00 2.203041999999999848e-02 0.000000000000000000e+00 2.307162000000000102e-02 1.280587000000000045e-02
4.774510000000000143e-01 3.530028000000000332e-02 -9.681620000000000156e-03 0.000000000000000000e+00 2.235291999999999835e-02 0.000000000000000000e+00 2.335658999999999999e-02 1.294736000000000498e-02
4.836400000000000143e-01 3.578184999999999699e-02 -9.902365999999999252e-03 0.000000000000000000e+00 2.268132999999999955e-02 0.000000000000000000e+00 2.365435999999999928e-02 1.310051999999999744e-02
4.898290000000000144e-01 3.625790000000000263e-02 -1.012156999999999987e-02 0.000000000000000000e+00 2.300958000000000170e-02 0.000000000000000000e+00 2.394601000000000021e-02 1.324832000000000093e-02
4.960180000000000144e-01 3.675144999999999801e-02 -1.035161000000000067e-02 0.000000000000000000e+00 2.334744999999999876e-02 0.000000000000000000e+00 2.424865000000000007e-02 1.340399999999999925e-02
5.022060000000000413e-01 3.723644000000000259e-02 -1.058099000000000019e-02 0.000000000000000000e+00 2.368637999999999993e-02 0.000000000000000000e+00 2.454591999999999885e-02 1.355006000000000266e-02
5.083950000000000413e-01 3.773154000000000091e-02 -1.081625999999999942e-02 0.000000000000000000e+00 2.402808999999999848e-02 0.000000000000000000e+00 2.485375000000000084e-02 1.370345000000000243e-02
5.145840000000000414e-01 3.822969999999999841e-02 -1.105046999999999974e-02 0.000000000000000000e+00 2.436831000000000066e-02 0.000000000000000000e+00 2.516650999999999958e-02 1.386138999999999774e-02
5.207730000000000414e-01 3.871768999999999905e-02 -1.128459000000000059e-02 0.000000000000000000e+00 2.471156000000000047e-02 0.000000000000000000e+00 2.547139000000000000e-02 1.400612999999999858e-02
5.269610000000000127e-01 3.920499000000000206e-02 -1.152203000000000081e-02 0.000000000000000000e+00 2.505898000000000153e-02 0.000000000000000000e+00 2.577988999999999975e-02 1.414601000000000053e-02
5.331500000000000128e-01 3.968755999999999673e-02 -1.175893000000000077e-02 0.000000000000000000e+00 2.540637000000000104e-02 0.000000000000000000e+00 2.608983999999999956e-02 1.428118999999999569e-02
5.393390000000000128e-01 4.016842999999999803e-02 -1.199623000000000009e-02 0.000000000000000000e+00 2.575494999999999868e-02 0.000000000000000000e+00 2.640452999999999897e-02 1.441347999999999935e-02
5.455280000000000129e-01 4.064827000000000023e-02 -1.223462999999999981e-02 0.000000000000000000e+00 2.611078999999999831e-02 0.000000000000000000e+00 2.672263999999999889e-02 1.453748000000000193e-02
5.517159999999999842e-01 4.112547999999999898e-02 -1.247641000000000028e-02 0.000000000000000000e+00 2.647692000000000101e-02 0.000000000000000000e+00 2.704132000000000063e-02 1.464855999999999797e-02
5.579049999999999843e-01 4.160231999999999819e-02 -1.272893999999999935e-02 0.000000000000000000e+00 2.685167999999999930e-02 0.000000000000000000e+00 2.736834999999999962e-02 1.475063999999999889e-02
5.640939999999999843e-01 4.208529999999999910e-02 -1.298370000000000080e-02 0.000000000000000000e+00 2.722754000000000146e-02 0.000000000000000000e+00 2.770612000000000075e-02 1.485775999999999764e-02
5.702829999999999844e-01 4.256664000000000281e-02 -1.324505999999999947e-02 0.000000000000000000e+00 2.761653999999999845e-02 0.000000000000000000e+00 2.805167999999999898e-02 1.495010000000000436e-02
5.764709999999999557e-01 4.304664999999999880e-02 -1.350962999999999990e-02 0.000000000000000000e+00 2.801272000000000137e-02 0.000000000000000000e+00 2.840219000000000077e-02 1.503392999999999743e-02
5.826599999999999557e-01 4.353283000000000152e-02 -1.377756999999999940e-02 0.000000000000000000e+00 2.840903999999999999e-02 0.000000000000000000e+00 2.876193999999999973e-02 1.512379000000000154e-02
5.888489999999999558e-01 4.402531999999999973e-02 -1.405096999999999943e-02 0.000000000000000000e+00 2.881277999999999964e-02 0.000000000000000000e+00 2.913003999999999941e-02 1.521254000000000009e-02
5.950379999999999558e-01 4.452091999999999855e-02 -1.432784999999999961e-02 0.000000000000000000e+00 2.921744000000000077e-02 0.000000000000000000e+00 2.950126000000000137e-02 1.530347999999999778e-02
6.012260000000000382e-01 4.502822000000000074e-02 -1.460643000000000011e-02 0.000000000000000000e+00 2.962311000000000111e-02 0.000000000000000000e+00 2.988305999999999948e-02 1.540510999999999964e-02
6.074150000000000382e-01 4.554475000000000190e-02 -1.487740000000000069e-02 0.000000000000000000e+00 3.001925999999999900e-02 0.000000000000000000e+00 3.027339999999999892e-02 1.552549000000000290e-02
6.136040000000000383e-01 4.606289000000000217e-02 -1.515327999999999987e-02 0.000000000000000000e+00 3.041425999999999852e-02 0.000000000000000000e+00 3.067767999999999884e-02 1.564863000000000365e-02
6.197930000000000383e-01 4.658303999999999917e-02 -1.543136999999999981e-02 0.000000000000000000e+00 3.081255999999999926e-02 0.000000000000000000e+00 3.108429000000000053e-02 1.577047999999999991e-02
6.259810000000000096e-01 4.709627999999999731e-02 -1.571670000000000011e-02 0.000000000000000000e+00 3.121637999999999843e-02 0.000000000000000000e+00 3.149170999999999915e-02 1.587989999999999888e-02
6.321700000000000097e-01 4.760883999999999949e-02 -1.600696999999999884e-02 0.000000000000000000e+00 3.162598999999999966e-02 0.000000000000000000e+00 3.190511000000000041e-02 1.598284999999999983e-02
6.383590000000000098e-01 4.812037000000000259e-02 -1.629838999999999941e-02 0.000000000000000000e+00 3.203273999999999705e-02 0.000000000000000000e+00 3.231611999999999679e-02 1.608763000000000554e-02
6.445480000000000098e-01 4.863159999999999705e-02 -1.659878999999999868e-02 0.000000000000000000e+00 3.244469999999999993e-02 0.000000000000000000e+00 3.274103999999999903e-02 1.618689999999999712e-02
6.507370000000000099e-01 4.913719999999999893e-02 -1.690296000000000159e-02 0.000000000000000000e+00 3.286026999999999698e-02 0.000000000000000000e+00 3.316509000000000124e-02 1.627693000000000195e-02
6.569249999999999812e-01 4.963684000000000152e-02 -1.722860999999999837e-02 0.000000000000000000e+00 3.329400999999999888e-02 0.000000000000000000e+00 3.359813999999999856e-02 1.634283000000000263e-02
6.631139999999999812e-01 5.013739999999999863e-02 -1.755444999999999922e-02 0.000000000000000000e+00 3.372686999999999907e-02 0.000000000000000000e+00 3.403131000000000211e-02 1.641052999999999956e-02
6.693029999999999813e-01 5.064753999999999784e-02 -1.788367000000000082e-02 0.000000000000000000e+00 3.416893000000000014e-02 0.000000000000000000e+00 3.448375000000000051e-02 1.647860999999999770e-02
6.754919999999999813e-01 5.117213999999999791e-02 -1.821474999999999830e-02 0.000000000000000000e+00 3.460952999999999946e-02 0.000000000000000000e+00 3.495734999999999815e-02 1.656260999999999844e-02
6.816799999999999526e-01 5.169980999999999882e-02 -1.854795000000000055e-02 0.000000000000000000e+00 3.505417000000000255e-02 0.000000000000000000e+00 3.543330000000000091e-02 1.664563999999999627e-02
6.878689999999999527e-01 5.222455000000000153e-02 -1.887952999999999854e-02 0.000000000000000000e+00 3.549708000000000030e-02 0.000000000000000000e+00 3.592204000000000230e-02 1.672747000000000123e-02
6.940579999999999528e-01 5.275549999999999684e-02 -1.921685000000000060e-02 0.000000000000000000e+00 3.594553999999999805e-02 0.000000000000000000e+00 3.643131000000000147e-02 1.680995999999999879e-02
7.002469999999999528e-01 5.328804999999999653e-02 -1.955551000000000164e-02 0.000000000000000000e+00 3.639533999999999825e-02 0.000000000000000000e+00 3.694283000000000289e-02 1.689270999999999828e-02
7.064350000000000351e-01 5.383589999999999903e-02 -1.988416000000000142e-02 0.000000000000000000e+00 3.683432999999999846e-02 0.000000000000000000e+00 3.746635000000000243e-02 1.700157000000000057e-02
7.126240000000000352e-01 5.440484999999999766e-02 -2.020595000000000030e-02 0.000000000000000000e+00 3.726368000000000041e-02 0.000000000000000000e+00 3.800235999999999892e-02 1.714116999999999724e-02
7.188130000000000353e-01 5.498051000000000327e-02 -2.052999999999999964e-02 0.000000000000000000e+00 3.769680000000000253e-02 0.000000000000000000e+00 3.854545999999999667e-02 1.728371000000000074e-02
7.250020000000000353e-01 5.556649000000000310e-02 -2.085767999999999997e-02 0.000000000000000000e+00 3.812646000000000091e-02 0.000000000000000000e+00 3.908649000000000151e-02 1.744003000000000220e-02
7.311900000000000066e-01 5.615263000000000199e-02 -2.118547000000000138e-02 0.000000000000000000e+00 3.855407000000000278e-02 0.000000000000000000e+00 3.962496000000000074e-02 1.759855999999999920e-02
7.373790000000000067e-01 5.674492999999999898e-02 -2.151488999999999832e-02 0.000000000000000000e+00 3.898646000000000056e-02 0.000000000000000000e+00 4.016810999999999993e-02 1.775846999999999842e-02
7.435680000000000067e-01 5.733246000000000175e-02 -2.184525999999999829e-02 0.000000000000000000e+00 3.940801000000000026e-02 0.000000000000000000e+00 4.070108000000000059e-02 1.792445000000000149e-02
7.497570000000000068e-01 5.793025000000000257e-02 -2.217952999999999938e-02 0.000000000000000000e+00 3.983416000000000040e-02 0.000000000000000000e+00 4.123915000000000219e-02 1.809609000000000217e-02
7.559449999999999781e-01 5.852982000000000323e-02 -2.251434000000000074e-02 0.000000000000000000e+00 4.026155000000000012e-02 0.000000000000000000e+00 4.177847999999999978e-02 1.826827000000000312e-02
7.621339999999999781e-01 5.912432000000000104e-02 -2.285028999999999880e-02 0.000000000000000000e+00 4.067388999999999727e-02 0.000000000000000000e+00 4.230526999999999899e-02 1.845043000000000377e-02
7.683229999999999782e-01 5.969742000000000104e-02 -2.319693000000000102e-02 0.000000000000000000e+00 4.108685000000000115e-02 0.000000000000000000e+00 4.280447999999999892e-02 1.861056999999999989e-02
7.745119999999999783e-01 6.027112999999999915e-02 -2.354358000000000145e-02 0.000000000000000000e+00 4.150017999999999763e-02 0.000000000000000000e+00 4.330429000000000223e-02 1.877095000000000152e-02
7.806999999999999496e-01 6.085785999999999973e-02 -2.389132999999999882e-02 0.000000000000000000e+00 4.191396000000000011e-02 0.000000000000000000e+00 4.380707999999999824e-02 1.894389999999999963e-02
7.868889999999999496e-01 6.144331000000000098e-02 -2.424124999999999891e-02 0.000000000000000000e+00 4.230666999999999761e-02 0.000000000000000000e+00 4.428233000000000169e-02 1.913664000000000337e-02
7.930779999999999497e-01 6.203132000000000090e-02 -2.459203999999999904e-02 0.000000000000000000e+00 4.270137000000000238e-02 0.000000000000000000e+00 4.476217999999999864e-02 1.932994999999999852e-02
7.992669999999999497e-01 6.262212000000000334e-02 -2.494377999999999873e-02 0.000000000000000000e+00 4.309824000000000294e-02 0.000000000000000000e+00 4.524708000000000202e-02 1.952388000000000040e-02
8.054550000000000320e-01 6.321211000000000191e-02 -2.527721000000000134e-02 0.000000000000000000e+00 4.345137999999999778e-02 0.000000000000000000e+00 4.568201000000000206e-02 1.976073000000000413e-02
8.116440000000000321e-01 6.381597999999999438e-02 -2.561311999999999964e-02 0.000000000000000000e+00 4.380830000000000141e-02 0.000000000000000000e+00 4.611685000000000090e-02 2.000767999999999297e-02
8.178330000000000322e-01 6.442000999999999977e-02 -2.594909999999999925e-02 0.000000000000000000e+00 4.416537000000000240e-02 0.000000000000000000e+00 4.655180999999999902e-02 2.025463999999999737e-02
8.240220000000000322e-01 6.504182999999999493e-02 -2.627227999999999855e-02 0.000000000000000000e+00 4.449805999999999900e-02 0.000000000000000000e+00 4.698469000000000256e-02 2.054376999999999592e-02
8.302100000000000035e-01 6.566297999999999579e-02 -2.657674000000000147e-02 0.000000000000000000e+00 4.479695000000000205e-02 0.000000000000000000e+00 4.738338999999999746e-02 2.086602999999999375e-02
8.363990000000000036e-01 6.628412999999999666e-02 -2.688120000000000093e-02 0.000000000000000000e+00 4.509583999999999815e-02 0.000000000000000000e+00 4.778210000000000096e-02 2.118828999999999851e-02
8.425880000000000036e-01 6.691142999999999397e-02 -2.719243000000000007e-02 0.000000000000000000e+00 4.540443000000000257e-02 0.000000000000000000e+00 4.818155999999999828e-02 2.150699999999999140e-02
8.487770000000000037e-01 6.752413000000000165e-02 -2.749166999999999930e-02 0.000000000000000000e+00 4.568127999999999772e-02 0.000000000000000000e+00 4.856140999999999930e-02 2.184285000000000393e-02
8.549660000000000037e-01 6.812587999999999977e-02 -2.778144000000000099e-02 0.000000000000000000e+00 4.593534999999999979e-02 0.000000000000000000e+00 4.892860999999999738e-02 2.219052999999999998e-02
8.611539999999999750e-01 6.873793000000000264e-02 -2.808232000000000089e-02 0.000000000000000000e+00 4.620172000000000168e-02 0.000000000000000000e+00 4.929850000000000204e-02 2.253621000000000096e-02
8.673429999999999751e-01 6.934592000000000533e-02 -2.837883000000000072e-02 0.000000000000000000e+00 4.646324999999999761e-02 0.000000000000000000e+00 4.966733999999999732e-02 2.288267000000000773e-02
8.735319999999999752e-01 6.991316000000000197e-02 -2.864573000000000119e-02 0.000000000000000000e+00 4.670078999999999897e-02 0.000000000000000000e+00 5.000929999999999959e-02 2.321237000000000300e-02
8.797209999999999752e-01 7.048161000000000009e-02 -2.891374999999999848e-02 0.000000000000000000e+00 4.693689000000000194e-02 0.000000000000000000e+00 5.035226000000000285e-02 2.354471999999999815e-02
8.859089999999999465e-01 7.102603999999999862e-02 -2.918617999999999907e-02 0.000000000000000000e+00 4.718344000000000010e-02 0.000000000000000000e+00 5.068141000000000312e-02 2.384259999999999852e-02
8.920979999999999466e-01 7.155796999999999852e-02 -2.946396000000000084e-02 0.000000000000000000e+00 4.743920000000000081e-02 0.000000000000000000e+00 5.100392000000000120e-02 2.411876999999999771e-02
8.982869999999999466e-01 7.206770999999999316e-02 -2.970965000000000064e-02 0.000000000000000000e+00 4.765645999999999771e-02 0.000000000000000000e+00 5.130048000000000247e-02 2.441124999999999545e-02
9.044759999999999467e-01 7.256472999999999396e-02 -2.994414000000000103e-02 0.000000000000000000e+00 4.786065999999999931e-02 0.000000000000000000e+00 5.158461999999999770e-02 2.470406999999999464e-02
9.106640000000000290e-01 7.306384000000000489e-02 -3.017937000000000050e-02 0.000000000000000000e+00 4.806586000000000192e-02 0.000000000000000000e+00 5.187067000000000067e-02 2.499798000000000298e-02
9.168530000000000291e-01 7.357313000000000047e-02 -3.041823000000000096e-02 0.000000000000000000e+00 4.827597000000000138e-02 0.000000000000000000e+00 5.216603000000000212e-02 2.529715999999999909e-02
9.230420000000000291e-01 7.404784000000000366e-02 -3.063839999999999966e-02 0.000000000000000000e+00 4.845748999999999890e-02 0.000000000000000000e+00 5.239955999999999781e-02 2.559035000000000476e-02
9.292310000000000292e-01 7.450349000000000554e-02 -3.084705000000000086e-02 0.000000000000000000e+00 4.861980999999999942e-02 0.000000000000000000e+00 5.259192000000000033e-02 2.588368000000000613e-02
9.354190000000000005e-01 7.496829000000000687e-02 -3.105760999999999938e-02 0.000000000000000000e+00 4.878111999999999726e-02 0.000000000000000000e+00 5.278299999999999659e-02 2.618717000000000961e-02
9.416080000000000005e-01 7.543310999999999766e-02 -3.126817999999999959e-02 0.000000000000000000e+00 4.894243000000000204e-02 0.000000000000000000e+00 5.297406000000000337e-02 2.649067999999999562e-02
9.477970000000000006e-01 7.588602999999999321e-02 -3.146257000000000220e-02 0.000000000000000000e+00 4.908636999999999723e-02 0.000000000000000000e+00 5.313832000000000277e-02 2.679965999999999599e-02
9.539860000000000007e-01 7.637111000000000594e-02 -3.159635999999999695e-02 0.000000000000000000e+00 4.916522000000000253e-02 0.000000000000000000e+00 5.327259000000000161e-02 2.720589000000000340e-02
9.601739999999999720e-01 7.685619999999999952e-02 -3.173014999999999863e-02 0.000000000000000000e+00 4.924407000000000090e-02 0.000000000000000000e+00 5.340684999999999877e-02 2.761212999999999862e-02
9.663629999999999720e-01 7.734127999999999836e-02 -3.186394000000000032e-02 0.000000000000000000e+00 4.932291999999999926e-02 0.000000000000000000e+00 5.354111999999999760e-02 2.801835999999999910e-02
9.725519999999999721e-01 7.784185000000000410e-02 -3.199144000000000293e-02 0.000000000000000000e+00 4.939574000000000048e-02 0.000000000000000000e+00 5.366937000000000096e-02 2.844611000000000361e-02
9.787409999999999721e-01 7.829276000000000291e-02 -3.206868999999999692e-02 0.000000000000000000e+00 4.940539000000000042e-02 0.000000000000000000e+00 5.375639000000000112e-02 2.888737000000000249e-02
9.849290000000000544e-01 7.872279999999999556e-02 -3.212496000000000101e-02 0.000000000000000000e+00 4.938864999999999922e-02 0.000000000000000000e+00 5.382620999999999933e-02 2.933414999999999634e-02
9.911180000000000545e-01 7.915328000000000641e-02 -3.217463999999999741e-02 0.000000000000000000e+00 4.936552000000000301e-02 0.000000000000000000e+00 5.389208999999999666e-02 2.978776000000000340e-02
9.973070000000000546e-01 7.958381999999999956e-02 -3.222326999999999830e-02 0.000000000000000000e+00 4.934137000000000245e-02 0.000000000000000000e+00 5.395736000000000282e-02 3.024244999999999711e-02
1.003495999999999944e+00 8.001423000000000563e-02 -3.227399999999999713e-02 0.000000000000000000e+00 4.931924000000000030e-02 0.000000000000000000e+00 5.402387000000000161e-02 3.069499000000000533e-02
1.009684000000000026e+00 8.033719999999999750e-02 -3.224934000000000134e-02 0.000000000000000000e+00 4.920822999999999864e-02 0.000000000000000000e+00 5.404504000000000252e-02 3.112896999999999886e-02
1.015873000000000026e+00 8.064527000000000501e-02 -3.221571000000000157e-02 0.000000000000000000e+00 4.909147999999999984e-02 0.000000000000000000e+00 5.406383000000000022e-02 3.155379000000000517e-02
1.022062000000000026e+00 8.089346000000000037e-02 -3.221287999999999929e-02 0.000000000000000000e+00 4.899678999999999840e-02 0.000000000000000000e+00 5.400610000000000133e-02 3.189667000000000197e-02
1.028251000000000026e+00 8.114164000000000099e-02 -3.221004999999999702e-02 0.000000000000000000e+00 4.890210999999999864e-02 0.000000000000000000e+00 5.394837999999999717e-02 3.223953000000000235e-02
1.034439000000000108e+00 8.135549999999999726e-02 -3.219587000000000143e-02 0.000000000000000000e+00 4.879329000000000305e-02 0.000000000000000000e+00 5.388336999999999988e-02 3.256220999999999421e-02
1.040628000000000108e+00 8.137742000000000586e-02 -3.211850000000000122e-02 0.000000000000000000e+00 4.860707999999999696e-02 0.000000000000000000e+00 5.374781000000000003e-02 3.277034000000000891e-02
1.046817000000000109e+00 8.139934000000000058e-02 -3.204111999999999932e-02 0.000000000000000000e+00 4.842086000000000306e-02 0.000000000000000000e+00 5.361226000000000186e-02 3.297847999999999752e-02
1.053006000000000109e+00 8.141769000000000089e-02 -3.196171999999999902e-02 0.000000000000000000e+00 4.823224000000000261e-02 0.000000000000000000e+00 5.347683000000000297e-02 3.318544999999999828e-02
1.059193999999999969e+00 8.142963000000000284e-02 -3.187866999999999784e-02 0.000000000000000000e+00 4.803932000000000341e-02 0.000000000000000000e+00 5.334157999999999955e-02 3.339030999999999944e-02
1.065382999999999969e+00 8.143311000000000299e-02 -3.179292000000000229e-02 0.000000000000000000e+00 4.784348000000000073e-02 0.000000000000000000e+00 5.320289000000000268e-02 3.358963000000000226e-02
1.071571999999999969e+00 8.122738000000000180e-02 -3.164079000000000197e-02 0.000000000000000000e+00 4.757561999999999902e-02 0.000000000000000000e+00 5.297870999999999830e-02 3.365176000000000278e-02
1.077760999999999969e+00 8.100942999999999339e-02 -3.147791999999999951e-02 0.000000000000000000e+00 4.729751000000000094e-02 0.000000000000000000e+00 5.275720999999999883e-02 3.371191999999999245e-02
1.083949000000000051e+00 8.079113999999999740e-02 -3.131472999999999896e-02 0.000000000000000000e+00 4.701912999999999926e-02 0.000000000000000000e+00 5.253581000000000223e-02 3.377200999999999814e-02
1.090138000000000051e+00 8.059088000000000362e-02 -3.113762000000000127e-02 0.000000000000000000e+00 4.672550999999999788e-02 0.000000000000000000e+00 5.235157000000000005e-02 3.386537000000000575e-02
1.096327000000000051e+00 8.039254999999999318e-02 -3.094544999999999935e-02 0.000000000000000000e+00 4.641678999999999944e-02 0.000000000000000000e+00 5.218770999999999827e-02 3.397575999999999374e-02
1.102516000000000052e+00 8.006019000000000330e-02 -3.068691000000000127e-02 0.000000000000000000e+00 4.604698000000000124e-02 0.000000000000000000e+00 5.194417999999999952e-02 3.401321000000000205e-02
1.108705000000000052e+00 7.970019000000000409e-02 -3.041517999999999999e-02 0.000000000000000000e+00 4.566483999999999821e-02 0.000000000000000000e+00 5.168239000000000166e-02 3.403535000000000588e-02
1.114892999999999912e+00 7.935016999999999765e-02 -3.014740999999999949e-02 0.000000000000000000e+00 4.528615999999999892e-02 0.000000000000000000e+00 5.142387999999999820e-02 3.406400999999999873e-02
1.121081999999999912e+00 7.897748999999999742e-02 -2.987062999999999871e-02 0.000000000000000000e+00 4.489962000000000120e-02 0.000000000000000000e+00 5.115792999999999729e-02 3.407786999999999622e-02
1.127270999999999912e+00 7.859330999999999956e-02 -2.958927999999999905e-02 0.000000000000000000e+00 4.450910999999999756e-02 0.000000000000000000e+00 5.088821000000000316e-02 3.408420000000000200e-02
1.133459999999999912e+00 7.815632999999999608e-02 -2.928806000000000118e-02 0.000000000000000000e+00 4.409919999999999812e-02 0.000000000000000000e+00 5.059378999999999960e-02 3.405712999999999796e-02
1.139647999999999994e+00 7.762228000000000183e-02 -2.895030000000000173e-02 0.000000000000000000e+00 4.365365000000000217e-02 0.000000000000000000e+00 5.025396000000000030e-02 3.396862999999999966e-02
1.145836999999999994e+00 7.706602999999999370e-02 -2.860038000000000163e-02 0.000000000000000000e+00 4.319827999999999862e-02 0.000000000000000000e+00 4.990663000000000044e-02 3.386774999999999508e-02
1.152025999999999994e+00 7.650742000000000653e-02 -2.824917000000000053e-02 0.000000000000000000e+00 4.274187000000000125e-02 0.000000000000000000e+00 4.955851000000000006e-02 3.376555000000000528e-02
1.158214999999999995e+00 7.594879999999999687e-02 -2.789795999999999943e-02 0.000000000000000000e+00 4.228545999999999694e-02 0.000000000000000000e+00 4.921040000000000136e-02 3.366333999999999993e-02
1.164403000000000077e+00 7.537618999999999569e-02 -2.755432000000000020e-02 0.000000000000000000e+00 4.183361000000000024e-02 0.000000000000000000e+00 4.883326000000000333e-02 3.354257999999999545e-02
1.170592000000000077e+00 7.467252000000000611e-02 -2.716305000000000108e-02 0.000000000000000000e+00 4.133334000000000313e-02 0.000000000000000000e+00 4.839163999999999966e-02 3.333918000000000298e-02
1.176781000000000077e+00 7.392880999999999758e-02 -2.675889000000000045e-02 0.000000000000000000e+00 4.081858000000000014e-02 0.000000000000000000e+00 4.792976999999999654e-02 3.311022999999999744e-02
1.182970000000000077e+00 7.318889000000000644e-02 -2.635610000000000036e-02 0.000000000000000000e+00 4.030450000000000005e-02 0.000000000000000000e+00 4.746954999999999925e-02 3.288439000000000639e-02
1.189157999999999937e+00 7.244897999999999616e-02 -2.595331999999999847e-02 0.000000000000000000e+00 3.979040999999999828e-02 0.000000000000000000e+00 4.700932000000000027e-02 3.265856999999999788e-02
1.195346999999999937e+00 7.168460000000000110e-02 -2.554170000000000051e-02 0.000000000000000000e+00 3.927197999999999800e-02 0.000000000000000000e+00 4.653853000000000156e-02 3.241262000000000310e-02
1.201535999999999937e+00 7.091999999999999693e-02 -2.513001000000000124e-02 0.000000000000000000e+00 3.875350999999999796e-02 0.000000000000000000e+00 4.606762999999999830e-02 3.216648999999999897e-02
1.207724999999999937e+00 7.010112000000000287e-02 -2.471005000000000076e-02 0.000000000000000000e+00 3.823880999999999808e-02 0.000000000000000000e+00 4.558455000000000146e-02 3.186231000000000479e-02
1.213913000000000020e+00 6.922941999999999985e-02 -2.428204000000000126e-02 0.000000000000000000e+00 3.772778000000000242e-02 0.000000000000000000e+00 4.508961999999999692e-02 3.150163999999999742e-02
1.220102000000000020e+00 6.834521000000000346e-02 -2.384895999999999891e-02 0.000000000000000000e+00 3.721921000000000257e-02 0.000000000000000000e+00 4.459381999999999929e-02 3.112600000000000089e-02
1.226291000000000020e+00 6.745805000000000551e-02 -2.341468000000000022e-02 0.000000000000000000e+00 3.671122000000000274e-02 0.000000000000000000e+00 4.409781000000000117e-02 3.074683000000000277e-02
1.232480000000000020e+00 6.657088999999999368e-02 -2.298040000000000152e-02 0.000000000000000000e+00 3.620323000000000291e-02 0.000000000000000000e+00 4.360179000000000138e-02 3.036765999999999077e-02
1.238668000000000102e+00 6.568137999999999754e-02 -2.253857999999999903e-02 0.000000000000000000e+00 3.569159000000000220e-02 0.000000000000000000e+00 4.311609999999999748e-02 2.998978999999999534e-02
1.244857000000000102e+00 6.477763999999999744e-02 -2.209043999999999938e-02 0.000000000000000000e+00 3.518059999999999937e-02 0.000000000000000000e+00 4.263502999999999737e-02 2.959703999999999807e-02
1.251046000000000102e+00 6.383587000000000289e-02 -2.165921000000000166e-02 0.000000000000000000e+00 3.471882999999999914e-02 0.000000000000000000e+00 4.215664000000000217e-02 2.911704000000000375e-02
1.257235000000000102e+00 6.289135999999999338e-02 -2.123001000000000055e-02 0.000000000000000000e+00 3.426205000000000223e-02 0.000000000000000000e+00 4.167864000000000291e-02 2.862930999999999115e-02
1.263422999999999963e+00 6.195200000000000012e-02 -2.080038999999999846e-02 0.000000000000000000e+00 3.380311999999999900e-02 0.000000000000000000e+00 4.120225000000000276e-02 2.814888000000000112e-02
1.269611999999999963e+00 6.100927999999999907e-02 -2.037103999999999998e-02 0.000000000000000000e+00 3.334559000000000134e-02 0.000000000000000000e+00 4.072482000000000185e-02 2.766368999999999773e-02
1.275800999999999963e+00 6.005300999999999695e-02 -1.994280000000000011e-02 0.000000000000000000e+00 3.289372000000000129e-02 0.000000000000000000e+00 4.024310999999999860e-02 2.715928999999999566e-02
1.281989999999999963e+00 5.909673000000000009e-02 -1.951454999999999856e-02 0.000000000000000000e+00 3.244185000000000124e-02 0.000000000000000000e+00 3.976141999999999871e-02 2.665487999999999885e-02
1.288178000000000045e+00 5.814799999999999830e-02 -1.909935999999999925e-02 0.000000000000000000e+00 3.201148999999999661e-02 0.000000000000000000e+00 3.928310000000000135e-02 2.613651000000000169e-02
1.294367000000000045e+00 5.721334000000000142e-02 -1.870849999999999944e-02 0.000000000000000000e+00 3.162128000000000161e-02 0.000000000000000000e+00 3.881111000000000283e-02 2.559205999999999981e-02
1.300556000000000045e+00 5.627864999999999951e-02 -1.832024000000000152e-02 0.000000000000000000e+00 3.123872999999999928e-02 0.000000000000000000e+00 3.833845999999999782e-02 2.503992000000000023e-02
1.306745000000000045e+00 5.534395999999999760e-02 -1.793225000000000027e-02 0.000000000000000000e+00 3.085697000000000093e-02 0.000000000000000000e+00 3.786574000000000190e-02 2.448698999999999668e-02
1.312932999999999906e+00 5.440928999999999904e-02 -1.754516999999999882e-02 0.000000000000000000e+00 3.047549000000000091e-02 0.000000000000000000e+00 3.739205999999999780e-02 2.393379999999999813e-02
1.319121999999999906e+00 5.347481999999999930e-02 -1.716755000000000017e-02 0.000000000000000000e+00 3.009707000000000007e-02 0.000000000000000000e+00 3.690836000000000117e-02 2.337774999999999923e-02
1.325310999999999906e+00 5.254579000000000194e-02 -1.679117000000000109e-02 0.000000000000000000e+00 2.972324000000000147e-02 0.000000000000000000e+00 3.642775999999999653e-02 2.282255000000000048e-02
1.331499999999999906e+00 5.171111999999999931e-02 -1.645471999999999907e-02 0.000000000000000000e+00 2.940173000000000092e-02 0.000000000000000000e+00 3.598193000000000225e-02 2.230938999999999839e-02
1.337688999999999906e+00 5.089078999999999825e-02 -1.612442999999999863e-02 0.000000000000000000e+00 2.908801999999999915e-02 0.000000000000000000e+00 3.554126999999999981e-02 2.180276999999999910e-02
1.343876999999999988e+00 5.006569999999999770e-02 -1.579287999999999872e-02 0.000000000000000000e+00 2.877294000000000032e-02 0.000000000000000000e+00 3.509936000000000306e-02 2.129275999999999738e-02
1.350065999999999988e+00 4.924511000000000166e-02 -1.546252000000000043e-02 0.000000000000000000e+00 2.845916000000000071e-02 0.000000000000000000e+00 3.465863999999999751e-02 2.078595000000000095e-02
1.356254999999999988e+00 4.843954000000000315e-02 -1.513614999999999926e-02 0.000000000000000000e+00 2.814969000000000152e-02 0.000000000000000000e+00 3.422188999999999787e-02 2.028985000000000163e-02
1.362443999999999988e+00 4.763396000000000297e-02 -1.480977999999999982e-02 0.000000000000000000e+00 2.784023000000000053e-02 0.000000000000000000e+00 3.378512999999999655e-02 1.979373000000000243e-02
1.368632000000000071e+00 4.688476999999999922e-02 -1.450859999999999997e-02 0.000000000000000000e+00 2.755159000000000080e-02 0.000000000000000000e+00 3.336083000000000104e-02 1.933317999999999842e-02
1.374821000000000071e+00 4.620621999999999924e-02 -1.423908999999999939e-02 0.000000000000000000e+00 2.728913999999999992e-02 0.000000000000000000e+00 3.295216000000000117e-02 1.891707999999999931e-02
1.381010000000000071e+00 4.554198000000000274e-02 -1.397827999999999918e-02 0.000000000000000000e+00 2.703387999999999972e-02 0.000000000000000000e+00 3.254721000000000003e-02 1.850810000000000302e-02
1.387199000000000071e+00 4.487775000000000097e-02 -1.371746000000000076e-02 0.000000000000000000e+00 2.677863000000000118e-02 0.000000000000000000e+00 3.214225999999999889e-02 1.809911999999999979e-02
1.393386999999999931e+00 4.421350000000000280e-02 -1.345607000000000053e-02 0.000000000000000000e+00 2.652354000000000170e-02 0.000000000000000000e+00 3.173843999999999971e-02 1.768996000000000110e-02
1.399575999999999931e+00 4.354920000000000319e-02 -1.319131999999999943e-02 0.000000000000000000e+00 2.626942999999999986e-02 0.000000000000000000e+00 3.134137000000000034e-02 1.727977000000000332e-02
1.405764999999999931e+00 4.289864000000000177e-02 -1.293988000000000083e-02 0.000000000000000000e+00 2.602631999999999862e-02 0.000000000000000000e+00 3.094857999999999984e-02 1.687232000000000315e-02
1.411953999999999931e+00 4.232231000000000187e-02 -1.274143999999999971e-02 0.000000000000000000e+00 2.582169999999999951e-02 0.000000000000000000e+00 3.058680000000000079e-02 1.650061000000000236e-02
1.418142000000000014e+00 4.174508999999999859e-02 -1.254236000000000066e-02 0.000000000000000000e+00 2.561644999999999894e-02 0.000000000000000000e+00 3.022468000000000030e-02 1.612863999999999964e-02
1.424331000000000014e+00 4.116452000000000305e-02 -1.234087000000000031e-02 0.000000000000000000e+00 2.540885999999999839e-02 0.000000000000000000e+00 2.986134000000000011e-02 1.575566000000000466e-02
1.430520000000000014e+00 4.058955000000000202e-02 -1.214341000000000032e-02 0.000000000000000000e+00 2.520518999999999885e-02 0.000000000000000000e+00 2.950006000000000156e-02 1.538436000000000317e-02
1.436709000000000014e+00 4.002083000000000029e-02 -1.195046999999999950e-02 0.000000000000000000e+00 2.500590000000000104e-02 0.000000000000000000e+00 2.914107999999999976e-02 1.501492999999999925e-02
1.442897000000000096e+00 3.945210999999999857e-02 -1.175752000000000047e-02 0.000000000000000000e+00 2.480662000000000145e-02 0.000000000000000000e+00 2.878208999999999976e-02 1.464548999999999712e-02
1.449086000000000096e+00 3.894394000000000328e-02 -1.159365000000000048e-02 0.000000000000000000e+00 2.463432000000000122e-02 0.000000000000000000e+00 2.845543999999999851e-02 1.430962000000000206e-02
1.455275000000000096e+00 3.845646999999999954e-02 -1.143957999999999954e-02 0.000000000000000000e+00 2.447105999999999934e-02 0.000000000000000000e+00 2.813927000000000095e-02 1.398541000000000020e-02
1.461464000000000096e+00 3.798191000000000067e-02 -1.129111999999999998e-02 0.000000000000000000e+00 2.431279000000000079e-02 0.000000000000000000e+00 2.782754999999999951e-02 1.366911999999999988e-02
1.467651999999999957e+00 3.750735000000000180e-02 -1.114266000000000041e-02 0.000000000000000000e+00 2.415451999999999877e-02 0.000000000000000000e+00 2.751581999999999986e-02 1.335283000000000303e-02
1.473840999999999957e+00 3.703278000000000125e-02 -1.099420000000000085e-02 0.000000000000000000e+00 2.399625000000000022e-02 0.000000000000000000e+00 2.720411000000000010e-02 1.303653000000000103e-02
1.480029999999999957e+00 3.656153999999999654e-02 -1.084679000000000025e-02 0.000000000000000000e+00 2.383727999999999889e-02 0.000000000000000000e+00 2.689039000000000013e-02 1.272425999999999766e-02
1.486218999999999957e+00 3.615088000000000329e-02 -1.072388999999999981e-02 0.000000000000000000e+00 2.369709999999999872e-02 0.000000000000000000e+00 2.659716999999999984e-02 1.245378000000000457e-02
1.492407000000000039e+00 3.577670000000000156e-02 -1.061568000000000060e-02 0.000000000000000000e+00 2.356785999999999950e-02 0.000000000000000000e+00 2.631790999999999991e-02 1.220884000000000205e-02
1.498596000000000039e+00 3.539921000000000040e-02 -1.050622000000000014e-02 0.000000000000000000e+00 2.343757999999999952e-02 0.000000000000000000e+00 2.603822999999999901e-02 1.196163000000000087e-02
1.504785000000000039e+00 3.502171999999999924e-02 -1.039676999999999962e-02 0.000000000000000000e+00 2.330731000000000122e-02 0.000000000000000000e+00 2.575853999999999991e-02 1.171440999999999802e-02
1.510974000000000039e+00 3.465527000000000191e-02 -1.029144000000000066e-02 0.000000000000000000e+00 2.318044999999999828e-02 0.000000000000000000e+00 2.548028000000000098e-02 1.147482000000000363e-02
1.517161999999999900e+00 3.429495999999999933e-02 -1.018840000000000023e-02 0.000000000000000000e+00 2.305549999999999961e-02 0.000000000000000000e+00 2.520280000000000090e-02 1.123945999999999973e-02
1.523350999999999900e+00 3.395747999999999822e-02 -1.009393999999999916e-02 0.000000000000000000e+00 2.293649999999999856e-02 0.000000000000000000e+00 2.493290000000000090e-02 1.102097999999999967e-02
1.529539999999999900e+00 3.366821999999999870e-02 -1.001761999999999965e-02 0.000000000000000000e+00 2.283007999999999912e-02 0.000000000000000000e+00 2.467899999999999955e-02 1.083813999999999958e-02
1.535728999999999900e+00 3.338367999999999891e-02 -9.943373000000000142e-03 0.000000000000000000e+00 2.272534999999999833e-02 0.000000000000000000e+00 2.442559999999999870e-02 1.065833000000000058e-02
1.541917999999999900e+00 3.310695000000000304e-02 -9.872584000000000221e-03 0.000000000000000000e+00 2.262344000000000160e-02 0.000000000000000000e+00 2.417301999999999992e-02 1.048351000000000144e-02
1.548105999999999982e+00 3.283022000000000024e-02 -9.801795000000000299e-03 0.000000000000000000e+00 2.252151999999999973e-02 0.000000000000000000e+00 2.392044000000000115e-02 1.030870000000000050e-02
1.554294999999999982e+00 3.255348999999999743e-02 -9.731006000000000378e-03 0.000000000000000000e+00 2.241960000000000133e-02 0.000000000000000000e+00 2.366785999999999890e-02 1.013388999999999610e-02
1.560483999999999982e+00 3.228564999999999907e-02 -9.663672999999999361e-03 0.000000000000000000e+00 2.232003999999999933e-02 0.000000000000000000e+00 2.342021000000000033e-02 9.965609999999999746e-03
1.566672999999999982e+00 3.206207999999999975e-02 -9.615828999999999349e-03 0.000000000000000000e+00 2.223574000000000037e-02 0.000000000000000000e+00 2.319668999999999898e-02 9.826339999999999381e-03
1.572861000000000065e+00 3.183847000000000066e-02 -9.568036999999999723e-03 0.000000000000000000e+00 2.215154000000000081e-02 0.000000000000000000e+00 2.297319999999999918e-02 9.686929999999999846e-03
1.579050000000000065e+00 3.161486000000000157e-02 -9.520247000000000778e-03 0.000000000000000000e+00 2.206732999999999958e-02 0.000000000000000000e+00 2.274972000000000105e-02 9.547530000000001987e-03
1.585239000000000065e+00 3.139125000000000248e-02 -9.472456000000000625e-03 0.000000000000000000e+00 2.198311999999999836e-02 0.000000000000000000e+00 2.252623999999999946e-02 9.408130000000004128e-03
1.591428000000000065e+00 3.117643999999999971e-02 -9.427720000000000544e-03 0.000000000000000000e+00 2.190075000000000008e-02 0.000000000000000000e+00 2.230831000000000133e-02 9.275689999999999630e-03
1.597615999999999925e+00 3.096768999999999911e-02 -9.384570000000000065e-03 0.000000000000000000e+00 2.181910000000000099e-02 0.000000000000000000e+00 2.209602999999999914e-02 9.148589999999998112e-03
1.603804999999999925e+00 3.079246000000000066e-02 -9.349447000000000313e-03 0.000000000000000000e+00 2.174076000000000133e-02 0.000000000000000000e+00 2.191767999999999841e-02 9.051699999999999330e-03
1.609993999999999925e+00 3.061724000000000043e-02 -9.314324000000000561e-03 0.000000000000000000e+00 2.166241000000000000e-02 0.000000000000000000e+00 2.173933000000000115e-02 8.954830000000000428e-03
1.616182999999999925e+00 3.044697000000000028e-02 -9.280573000000000294e-03 0.000000000000000000e+00 2.158478999999999953e-02 0.000000000000000000e+00 2.156508999999999857e-02 8.862180000000000751e-03
1.622371000000000008e+00 3.027946999999999930e-02 -9.247593000000000132e-03 0.000000000000000000e+00 2.150757999999999837e-02 0.000000000000000000e+00 2.139316999999999955e-02 8.771890000000000936e-03
1.628560000000000008e+00 3.010919000000000095e-02 -9.213838000000000236e-03 0.000000000000000000e+00 2.142996000000000137e-02 0.000000000000000000e+00 2.121893999999999864e-02 8.679229999999999584e-03
1.634749000000000008e+00 2.994178999999999938e-02 -9.180594999999999728e-03 0.000000000000000000e+00 2.135269999999999876e-02 0.000000000000000000e+00 2.104817999999999967e-02 8.589090000000000613e-03
1.640938000000000008e+00 2.979702000000000045e-02 -9.151876999999999235e-03 0.000000000000000000e+00 2.127839000000000119e-02 0.000000000000000000e+00 2.090337000000000098e-02 8.518629999999999258e-03
1.647126000000000090e+00 2.965467999999999923e-02 -9.123954999999999566e-03 0.000000000000000000e+00 2.120454999999999909e-02 0.000000000000000000e+00 2.076079000000000119e-02 8.450130000000000141e-03
1.653315000000000090e+00 2.951405000000000001e-02 -9.096227000000000132e-03 0.000000000000000000e+00 2.113030999999999937e-02 0.000000000000000000e+00 2.061841999999999842e-02 8.383740000000000636e-03
1.659504000000000090e+00 2.937423999999999938e-02 -9.068592999999999793e-03 0.000000000000000000e+00 2.105585999999999916e-02 0.000000000000000000e+00 2.047616000000000019e-02 8.318380000000000218e-03
1.665693000000000090e+00 2.923523000000000094e-02 -9.041165999999999786e-03 0.000000000000000000e+00 2.098152000000000003e-02 0.000000000000000000e+00 2.033454999999999985e-02 8.253710000000000907e-03
1.671880999999999950e+00 2.910217999999999833e-02 -9.015080999999999442e-03 0.000000000000000000e+00 2.090691999999999898e-02 0.000000000000000000e+00 2.019846000000000141e-02 8.195259999999999351e-03
1.678069999999999951e+00 2.897989999999999941e-02 -8.991058999999999163e-03 0.000000000000000000e+00 2.082987000000000033e-02 0.000000000000000000e+00 2.007356000000000071e-02 8.150029999999999081e-03
1.684258999999999951e+00 2.885762000000000049e-02 -8.967034999999999936e-03 0.000000000000000000e+00 2.075282000000000168e-02 0.000000000000000000e+00 1.994867000000000168e-02 8.104799999999998811e-03
1.690447999999999951e+00 2.873416999999999985e-02 -8.942616000000000454e-03 0.000000000000000000e+00 2.067596999999999838e-02 0.000000000000000000e+00 1.982284999999999950e-02 8.058200000000001473e-03
1.696636000000000033e+00 2.861359999999999945e-02 -8.919170000000000570e-03 0.000000000000000000e+00 2.059862000000000151e-02 0.000000000000000000e+00 1.969929000000000124e-02 8.014979999999997939e-03
1.702825000000000033e+00 2.849302999999999905e-02 -8.895722999999999478e-03 0.000000000000000000e+00 2.052127000000000118e-02 0.000000000000000000e+00 1.957574999999999940e-02 7.971759999999997875e-03
1.709014000000000033e+00 2.837399999999999992e-02 -8.871653000000000178e-03 0.000000000000000000e+00 2.044247000000000078e-02 0.000000000000000000e+00 1.945726000000000053e-02 7.931529999999999136e-03
1.715203000000000033e+00 2.825748999999999969e-02 -8.846559000000000367e-03 0.000000000000000000e+00 2.036125999999999908e-02 0.000000000000000000e+00 1.934707999999999914e-02 7.896230000000000609e-03
1.721390999999999893e+00 2.814302999999999944e-02 -8.821347999999999689e-03 0.000000000000000000e+00 2.027937000000000142e-02 0.000000000000000000e+00 1.923831999999999973e-02 7.863659999999998013e-03
1.727579999999999893e+00 2.802895999999999860e-02 -8.796114000000000710e-03 0.000000000000000000e+00 2.019736000000000101e-02 0.000000000000000000e+00 1.912983000000000045e-02 7.831599999999997591e-03
1.733768999999999894e+00 2.791489000000000123e-02 -8.770880999999999469e-03 0.000000000000000000e+00 2.011533999999999892e-02 0.000000000000000000e+00 1.902134000000000116e-02 7.799550000000002314e-03
1.739957999999999894e+00 2.780082000000000039e-02 -8.745647999999999964e-03 0.000000000000000000e+00 2.003332999999999850e-02 0.000000000000000000e+00 1.891284999999999841e-02 7.767490000000001893e-03
1.746145999999999976e+00 2.768974999999999909e-02 -8.718135999999999594e-03 0.000000000000000000e+00 1.995065999999999853e-02 0.000000000000000000e+00 1.881207999999999839e-02 7.739090000000000552e-03
1.752334999999999976e+00 2.758029000000000036e-02 -8.689090000000000008e-03 0.000000000000000000e+00 1.986744999999999831e-02 0.000000000000000000e+00 1.871582000000000107e-02 7.712840000000002055e-03
1.758523999999999976e+00 2.747081999999999996e-02 -8.660044000000000422e-03 0.000000000000000000e+00 1.978422999999999987e-02 0.000000000000000000e+00 1.861954999999999860e-02 7.686590000000000089e-03
1.764712999999999976e+00 2.736136000000000124e-02 -8.630998000000000836e-03 0.000000000000000000e+00 1.970101999999999964e-02 0.000000000000000000e+00 1.852327999999999961e-02 7.660340000000001592e-03
1.770901999999999976e+00 2.725301000000000112e-02 -8.601828000000000599e-03 0.000000000000000000e+00 1.961761999999999881e-02 0.000000000000000000e+00 1.842788000000000065e-02 7.635390000000002314e-03
1.777090000000000058e+00 2.714569999999999830e-02 -8.572546999999999806e-03 0.000000000000000000e+00 1.953403000000000084e-02 0.000000000000000000e+00 1.833330999999999850e-02 7.611669999999997466e-03
1.783279000000000059e+00 2.704644999999999966e-02 -8.541404000000000704e-03 0.000000000000000000e+00 1.944865000000000135e-02 0.000000000000000000e+00 1.825005999999999851e-02 7.597799999999998305e-03
1.789468000000000059e+00 2.694813999999999890e-02 -8.510045000000000803e-03 0.000000000000000000e+00 1.936306999999999959e-02 0.000000000000000000e+00 1.816811000000000120e-02 7.585069999999999313e-03
1.795657000000000059e+00 2.685045000000000140e-02 -8.478763999999999745e-03 0.000000000000000000e+00 1.927726999999999913e-02 0.000000000000000000e+00 1.808691999999999939e-02 7.573180000000002271e-03
1.801844999999999919e+00 2.675347000000000142e-02 -8.447573999999999361e-03 0.000000000000000000e+00 1.919124999999999998e-02 0.000000000000000000e+00 1.800656999999999952e-02 7.562220000000001441e-03
1.808033999999999919e+00 2.665603999999999890e-02 -8.416326999999999489e-03 0.000000000000000000e+00 1.910536999999999999e-02 0.000000000000000000e+00 1.792569000000000107e-02 7.550669999999998910e-03
1.814222999999999919e+00 2.655897000000000119e-02 -8.384812000000000168e-03 0.000000000000000000e+00 1.901889000000000010e-02 0.000000000000000000e+00 1.784722999999999865e-02 7.540080000000001087e-03
1.820411999999999919e+00 2.646311000000000149e-02 -8.352560000000000193e-03 0.000000000000000000e+00 1.893041000000000168e-02 0.000000000000000000e+00 1.777603999999999990e-02 7.532699999999999813e-03
1.826600000000000001e+00 2.636780999999999847e-02 -8.320400000000000365e-03 0.000000000000000000e+00 1.884111999999999940e-02 0.000000000000000000e+00 1.770562999999999998e-02 7.526689999999999076e-03
1.832789000000000001e+00 2.627250999999999892e-02 -8.288238999999999329e-03 0.000000000000000000e+00 1.875183000000000058e-02 0.000000000000000000e+00 1.763523999999999994e-02 7.520679999999998339e-03
1.838978000000000002e+00 2.617765000000000022e-02 -8.255636999999999698e-03 0.000000000000000000e+00 1.866191999999999851e-02 0.000000000000000000e+00 1.756502999999999884e-02 7.515730000000001715e-03
1.845167000000000002e+00 2.608339000000000144e-02 -8.222498999999999433e-03 0.000000000000000000e+00 1.857108000000000023e-02 0.000000000000000000e+00 1.749513000000000110e-02 7.512310000000001209e-03
1.851355000000000084e+00 2.598873999999999976e-02 -8.187513999999999903e-03 0.000000000000000000e+00 1.847760000000000027e-02 0.000000000000000000e+00 1.742211999999999927e-02 7.511139999999999484e-03
1.857544000000000084e+00 2.589407000000000167e-02 -8.151805999999999289e-03 0.000000000000000000e+00 1.838338000000000125e-02 0.000000000000000000e+00 1.734810999999999992e-02 7.510690000000000421e-03
1.863733000000000084e+00 2.579947000000000143e-02 -8.116158000000000053e-03 0.000000000000000000e+00 1.828919000000000031e-02 0.000000000000000000e+00 1.727431000000000105e-02 7.510280000000001122e-03
1.869922000000000084e+00 2.570485000000000131e-02 -8.080487000000000780e-03 0.000000000000000000e+00 1.819499000000000116e-02 0.000000000000000000e+00 1.720042999999999919e-02 7.509860000000000146e-03
1.876109999999999944e+00 2.560965999999999937e-02 -8.044344000000000147e-03 0.000000000000000000e+00 1.810053000000000009e-02 0.000000000000000000e+00 1.712489000000000025e-02 7.509129999999999278e-03
1.882298999999999944e+00 2.551352000000000134e-02 -8.007449999999999291e-03 0.000000000000000000e+00 1.800633000000000095e-02 0.000000000000000000e+00 1.704757000000000147e-02 7.507190000000000391e-03
1.888487999999999944e+00 2.541293000000000024e-02 -7.967072999999999863e-03 0.000000000000000000e+00 1.791335000000000149e-02 0.000000000000000000e+00 1.696212999999999888e-02 7.499579999999998747e-03
1.894676999999999945e+00 2.531233999999999915e-02 -7.926696999999999910e-03 0.000000000000000000e+00 1.782036999999999857e-02 0.000000000000000000e+00 1.687668999999999975e-02 7.491970000000000574e-03
1.900865000000000027e+00 2.520982000000000084e-02 -7.885658000000000251e-03 0.000000000000000000e+00 1.772775999999999866e-02 0.000000000000000000e+00 1.679071999999999856e-02 7.482060000000002181e-03
1.907054000000000027e+00 2.510766000000000039e-02 -7.844745000000000190e-03 0.000000000000000000e+00 1.763508999999999910e-02 0.000000000000000000e+00 1.670485999999999846e-02 7.472570000000001295e-03
1.913243000000000027e+00 2.500606999999999830e-02 -7.804023000000000210e-03 0.000000000000000000e+00 1.754230000000000025e-02 0.000000000000000000e+00 1.661914000000000100e-02 7.463769999999998045e-03
1.919432000000000027e+00 2.489691999999999947e-02 -7.761277999999999927e-03 0.000000000000000000e+00 1.745067999999999966e-02 0.000000000000000000e+00 1.653523999999999966e-02 7.446239999999999803e-03
1.925620000000000109e+00 2.478375999999999843e-02 -7.717701000000000422e-03 0.000000000000000000e+00 1.735946000000000017e-02 0.000000000000000000e+00 1.645264999999999922e-02 7.424299999999998262e-03
1.931809000000000109e+00 2.467045000000000002e-02 -7.674109999999999612e-03 0.000000000000000000e+00 1.726822999999999900e-02 0.000000000000000000e+00 1.637013000000000010e-02 7.402220000000001021e-03
1.937998000000000109e+00 2.455685999999999980e-02 -7.630828000000000090e-03 0.000000000000000000e+00 1.717725999999999975e-02 0.000000000000000000e+00 1.628736000000000073e-02 7.379600000000000048e-03
1.944187000000000110e+00 2.444276000000000088e-02 -7.588120000000000281e-03 0.000000000000000000e+00 1.708673000000000136e-02 0.000000000000000000e+00 1.620413999999999882e-02 7.356029999999999514e-03
1.950374999999999970e+00 2.432675000000000115e-02 -7.544671000000000190e-03 0.000000000000000000e+00 1.699397999999999881e-02 0.000000000000000000e+00 1.612268000000000034e-02 7.332770000000002342e-03
1.956563999999999970e+00 2.420879999999999907e-02 -7.500403999999999578e-03 0.000000000000000000e+00 1.689910000000000023e-02 0.000000000000000000e+00 1.604335000000000136e-02 7.309699999999998837e-03
1.962752999999999970e+00 2.409104000000000106e-02 -7.456230999999999796e-03 0.000000000000000000e+00 1.680467000000000072e-02 0.000000000000000000e+00 1.596411999999999831e-02 7.286370000000000346e-03
1.968941999999999970e+00 2.397329000000000127e-02 -7.412056999999999674e-03 0.000000000000000000e+00 1.671022999999999953e-02 0.000000000000000000e+00 1.588488999999999873e-02 7.263060000000001737e-03
1.975130000000000052e+00 2.385492000000000168e-02 -7.367603999999999820e-03 0.000000000000000000e+00 1.661444999999999936e-02 0.000000000000000000e+00 1.580534999999999926e-02 7.240470000000002321e-03
1.981319000000000052e+00 2.373559999999999906e-02 -7.322771999999999962e-03 0.000000000000000000e+00 1.651806000000000108e-02 0.000000000000000000e+00 1.572569999999999871e-02 7.217539999999997985e-03
1.987508000000000052e+00 2.360825999999999897e-02 -7.274786000000000100e-03 0.000000000000000000e+00 1.641828999999999858e-02 0.000000000000000000e+00 1.564563999999999885e-02 7.189970000000000389e-03
1.993697000000000052e+00 2.348091000000000067e-02 -7.226800999999999711e-03 0.000000000000000000e+00 1.631851000000000135e-02 0.000000000000000000e+00 1.556558000000000073e-02 7.162399999999999323e-03
1.999886000000000053e+00 2.335181999999999883e-02 -7.178290000000000365e-03 0.000000000000000000e+00 1.621776000000000120e-02 0.000000000000000000e+00 1.548440000000000059e-02 7.134059999999997626e-03
2.006073999999999913e+00 2.322329999999999881e-02 -7.129950000000000350e-03 0.000000000000000000e+00 1.611732000000000095e-02 0.000000000000000000e+00 1.540358999999999999e-02 7.105979999999997854e-03
2.012262999999999913e+00 2.309498000000000106e-02 -7.081669999999999979e-03 0.000000000000000000e+00 1.601698999999999831e-02 0.000000000000000000e+00 1.532290000000000041e-02 7.077990000000002752e-03
2.018451999999999913e+00 2.295532999999999949e-02 -7.029757999999999667e-03 0.000000000000000000e+00 1.591632000000000116e-02 0.000000000000000000e+00 1.523450999999999972e-02 7.039009999999998324e-03
2.024640999999999913e+00 2.281357999999999997e-02 -6.976783999999999764e-03 0.000000000000000000e+00 1.581493000000000135e-02 0.000000000000000000e+00 1.514365999999999976e-02 6.998649999999998622e-03
2.030829000000000217e+00 2.267173000000000105e-02 -6.923712000000000269e-03 0.000000000000000000e+00 1.571343000000000045e-02 0.000000000000000000e+00 1.505256999999999949e-02 6.958300000000000596e-03
2.037018000000000217e+00 2.252987999999999866e-02 -6.870641000000000248e-03 0.000000000000000000e+00 1.561191999999999962e-02 0.000000000000000000e+00 1.496146999999999928e-02 6.917959999999999041e-03
2.043207000000000217e+00 2.238820999999999867e-02 -6.817387000000000273e-03 0.000000000000000000e+00 1.551024999999999973e-02 0.000000000000000000e+00 1.487069000000000064e-02 6.877959999999998936e-03
2.049396000000000218e+00 2.224599999999999841e-02 -6.761332999999999580e-03 0.000000000000000000e+00 1.540852000000000020e-02 0.000000000000000000e+00 1.477551000000000038e-02 6.837479999999998212e-03
2.055584000000000078e+00 2.210337999999999886e-02 -6.704543000000000308e-03 0.000000000000000000e+00 1.530699999999999943e-02 0.000000000000000000e+00 1.467900999999999928e-02 6.796379999999999436e-03
2.061773000000000078e+00 2.196077000000000098e-02 -6.647753999999999643e-03 0.000000000000000000e+00 1.520548000000000038e-02 0.000000000000000000e+00 1.458249999999999998e-02 6.755290000000000600e-03
2.067962000000000078e+00 2.181815999999999964e-02 -6.590964999999999845e-03 0.000000000000000000e+00 1.510395999999999961e-02 0.000000000000000000e+00 1.448600000000000061e-02 6.714200000000000029e-03
2.074151000000000078e+00 2.167619999999999963e-02 -6.533859999999999842e-03 0.000000000000000000e+00 1.500229999999999966e-02 0.000000000000000000e+00 1.438890999999999955e-02 6.673899999999999971e-03
2.080338999999999938e+00 2.153520999999999908e-02 -6.476047999999999874e-03 0.000000000000000000e+00 1.490267999999999975e-02 0.000000000000000000e+00 1.429128999999999990e-02 6.632529999999999329e-03
2.086527999999999938e+00 2.139469999999999913e-02 -6.417873999999999628e-03 0.000000000000000000e+00 1.480414000000000035e-02 0.000000000000000000e+00 1.419341000000000005e-02 6.590559999999998780e-03
2.092716999999999938e+00 2.125412000000000134e-02 -6.359736000000000382e-03 0.000000000000000000e+00 1.470564000000000072e-02 0.000000000000000000e+00 1.409559999999999980e-02 6.548480000000000620e-03
2.098905999999999938e+00 2.111377000000000045e-02 -6.301484999999999899e-03 0.000000000000000000e+00 1.460701000000000013e-02 0.000000000000000000e+00 1.399754999999999923e-02 6.506760000000000321e-03
2.105093999999999799e+00 2.097341999999999956e-02 -6.243232999999999942e-03 0.000000000000000000e+00 1.450836999999999960e-02 0.000000000000000000e+00 1.389949000000000046e-02 6.465049999999999963e-03
2.111282999999999799e+00 2.082933000000000007e-02 -6.183079000000000179e-03 0.000000000000000000e+00 1.440874999999999968e-02 0.000000000000000000e+00 1.379977999999999934e-02 6.420580000000000384e-03
2.117471999999999799e+00 2.068317000000000072e-02 -6.121877000000000395e-03 0.000000000000000000e+00 1.430856999999999962e-02 0.000000000000000000e+00 1.369910000000000051e-02 6.374600000000001099e-03
2.123660999999999799e+00 2.053668000000000160e-02 -6.060542999999999833e-03 0.000000000000000000e+00 1.420821000000000063e-02 0.000000000000000000e+00 1.359784999999999987e-02 6.328470000000000970e-03
2.129849000000000103e+00 2.039018999999999901e-02 -5.999209999999999612e-03 0.000000000000000000e+00 1.410785999999999984e-02 0.000000000000000000e+00 1.349660999999999916e-02 6.282329999999999165e-03
2.136038000000000103e+00 2.024381000000000097e-02 -5.937923000000000333e-03 0.000000000000000000e+00 1.400756000000000050e-02 0.000000000000000000e+00 1.339555000000000086e-02 6.236250000000000474e-03
2.142227000000000103e+00 2.009599999999999928e-02 -5.875764999999999808e-03 0.000000000000000000e+00 1.390768000000000039e-02 0.000000000000000000e+00 1.329505999999999917e-02 6.188319999999998891e-03
2.148416000000000103e+00 1.994674000000000100e-02 -5.812982999999999865e-03 0.000000000000000000e+00 1.380783000000000010e-02 0.000000000000000000e+00 1.319447999999999975e-02 6.138910000000000894e-03
2.154603999999999964e+00 1.979726000000000055e-02 -5.750266999999999878e-03 0.000000000000000000e+00 1.370799999999999970e-02 0.000000000000000000e+00 1.309356000000000061e-02 6.089260000000000853e-03
2.160792999999999964e+00 1.964747999999999842e-02 -5.687636999999999728e-03 0.000000000000000000e+00 1.360820000000000085e-02 0.000000000000000000e+00 1.299220000000000062e-02 6.039279999999997567e-03
2.166981999999999964e+00 1.949725000000000069e-02 -5.624231999999999843e-03 0.000000000000000000e+00 1.351000999999999938e-02 0.000000000000000000e+00 1.289267000000000017e-02 5.987240000000001311e-03
2.173170999999999964e+00 1.934935999999999948e-02 -5.558943999999999691e-03 0.000000000000000000e+00 1.341904000000000013e-02 0.000000000000000000e+00 1.280178000000000045e-02 5.930319999999999342e-03
2.179358999999999824e+00 1.920188999999999924e-02 -5.493841999999999649e-03 0.000000000000000000e+00 1.332811000000000065e-02 0.000000000000000000e+00 1.271088000000000079e-02 5.873779999999998586e-03
2.185547999999999824e+00 1.905422000000000018e-02 -5.428650000000000142e-03 0.000000000000000000e+00 1.323716999999999949e-02 0.000000000000000000e+00 1.261998999999999933e-02 5.817050000000000692e-03
2.191736999999999824e+00 1.890533000000000144e-02 -5.362920000000000187e-03 0.000000000000000000e+00 1.314607999999999922e-02 0.000000000000000000e+00 1.252912999999999943e-02 5.759250000000002215e-03
2.197925999999999824e+00 1.875223000000000168e-02 -5.294680999999999867e-03 0.000000000000000000e+00 1.305455999999999978e-02 0.000000000000000000e+00 1.243906000000000005e-02 5.697670000000001900e-03
2.204114000000000129e+00 1.859902000000000083e-02 -5.226393999999999658e-03 0.000000000000000000e+00 1.296305000000000027e-02 0.000000000000000000e+00 1.234903000000000042e-02 5.635970000000000563e-03
2.210303000000000129e+00 1.844579999999999831e-02 -5.158087999999999909e-03 0.000000000000000000e+00 1.287151999999999914e-02 0.000000000000000000e+00 1.225897999999999918e-02 5.574279999999999166e-03
2.216492000000000129e+00 1.829247999999999985e-02 -5.089642000000000124e-03 0.000000000000000000e+00 1.277988000000000041e-02 0.000000000000000000e+00 1.216883000000000027e-02 5.512599999999999445e-03
2.222681000000000129e+00 1.813986999999999891e-02 -5.019659000000000100e-03 0.000000000000000000e+00 1.268768999999999973e-02 0.000000000000000000e+00 1.207928999999999947e-02 5.452179999999999180e-03
2.228868999999999989e+00 1.798761999999999930e-02 -4.948809000000000194e-03 0.000000000000000000e+00 1.259517999999999922e-02 0.000000000000000000e+00 1.199007000000000024e-02 5.392440000000000080e-03
2.235057999999999989e+00 1.783496999999999860e-02 -4.877595999999999668e-03 0.000000000000000000e+00 1.250254999999999943e-02 0.000000000000000000e+00 1.190076999999999975e-02 5.332419999999999174e-03
2.241246999999999989e+00 1.768244000000000066e-02 -4.806495000000000038e-03 0.000000000000000000e+00 1.240995999999999939e-02 0.000000000000000000e+00 1.181150000000000082e-02 5.272480000000001263e-03
2.247435999999999989e+00 1.752986999999999948e-02 -4.734939999999999982e-03 0.000000000000000000e+00 1.231752000000000020e-02 0.000000000000000000e+00 1.172331000000000067e-02 5.212349999999999275e-03
2.253623999999999850e+00 1.737653999999999935e-02 -4.661199999999999892e-03 0.000000000000000000e+00 1.222530999999999965e-02 0.000000000000000000e+00 1.163888000000000075e-02 5.151229999999999698e-03
2.259812999999999850e+00 1.722308000000000172e-02 -4.587273000000000218e-03 0.000000000000000000e+00 1.213290000000000028e-02 0.000000000000000000e+00 1.155450000000000053e-02 5.090180000000001440e-03
2.266001999999999850e+00 1.706962000000000063e-02 -4.513345999999999678e-03 0.000000000000000000e+00 1.204050000000000085e-02 0.000000000000000000e+00 1.147011000000000037e-02 5.029119999999999771e-03
2.272190999999999850e+00 1.691617000000000121e-02 -4.439419000000000004e-03 0.000000000000000000e+00 1.194808999999999975e-02 0.000000000000000000e+00 1.138572000000000022e-02 4.968080000000001453e-03
2.278379999999999850e+00 1.676392000000000160e-02 -4.363932000000000054e-03 0.000000000000000000e+00 1.185438999999999937e-02 0.000000000000000000e+00 1.130525999999999927e-02 4.909530000000002226e-03
2.284568000000000154e+00 1.661208000000000129e-02 -4.287907999999999997e-03 0.000000000000000000e+00 1.176027999999999969e-02 0.000000000000000000e+00 1.122619000000000047e-02 4.851800000000001598e-03
2.290757000000000154e+00 1.646022999999999931e-02 -4.211883999999999940e-03 0.000000000000000000e+00 1.166616000000000007e-02 0.000000000000000000e+00 1.114712999999999989e-02 4.794069999999999235e-03
2.296946000000000154e+00 1.630840000000000067e-02 -4.135853999999999572e-03 0.000000000000000000e+00 1.157203000000000051e-02 0.000000000000000000e+00 1.106804999999999942e-02 4.736370000000000163e-03
2.303135000000000154e+00 1.615714000000000039e-02 -4.059057999999999937e-03 0.000000000000000000e+00 1.147719999999999990e-02 0.000000000000000000e+00 1.098966999999999999e-02 4.679940000000000488e-03
2.309323000000000015e+00 1.600667000000000062e-02 -3.980675000000000359e-03 0.000000000000000000e+00 1.138226999999999989e-02 0.000000000000000000e+00 1.091450000000000059e-02 4.624400000000000732e-03
2.315512000000000015e+00 1.585610999999999965e-02 -3.902506000000000030e-03 0.000000000000000000e+00 1.128759000000000012e-02 0.000000000000000000e+00 1.083932999999999945e-02 4.568519999999999526e-03
2.321701000000000015e+00 1.570558999999999844e-02 -3.824262000000000147e-03 0.000000000000000000e+00 1.119281999999999916e-02 0.000000000000000000e+00 1.076416999999999999e-02 4.512769999999999282e-03
2.327890000000000015e+00 1.555517000000000011e-02 -3.745746999999999792e-03 0.000000000000000000e+00 1.109773000000000009e-02 0.000000000000000000e+00 1.068900000000000058e-02 4.457440000000000013e-03
2.334077999999999875e+00 1.540649000000000012e-02 -3.666327999999999948e-03 0.000000000000000000e+00 1.100300000000000063e-02 0.000000000000000000e+00 1.061724999999999995e-02 4.403489999999999488e-03
2.340266999999999875e+00 1.525884999999999915e-02 -3.586370000000000183e-03 0.000000000000000000e+00 1.090846999999999997e-02 0.000000000000000000e+00 1.054753999999999935e-02 4.350379999999999178e-03
2.346455999999999875e+00 1.511140000000000053e-02 -3.506327000000000055e-03 0.000000000000000000e+00 1.081381000000000009e-02 0.000000000000000000e+00 1.047804999999999917e-02 4.297590000000000438e-03
2.352644999999999875e+00 1.496391000000000041e-02 -3.426301999999999993e-03 0.000000000000000000e+00 1.071918000000000003e-02 0.000000000000000000e+00 1.040850999999999929e-02 4.244730000000000378e-03
2.358833000000000180e+00 1.481679999999999976e-02 -3.346267999999999899e-03 0.000000000000000000e+00 1.062463999999999943e-02 0.000000000000000000e+00 1.033955999999999938e-02 4.192160000000000331e-03
2.365022000000000180e+00 1.467454999999999975e-02 -3.266125999999999838e-03 0.000000000000000000e+00 1.053127000000000056e-02 0.000000000000000000e+00 1.027815999999999973e-02 4.143279999999999186e-03
2.371211000000000180e+00 1.453283999999999999e-02 -3.185985000000000119e-03 0.000000000000000000e+00 1.043778000000000067e-02 0.000000000000000000e+00 1.021727000000000052e-02 4.095059999999999326e-03
2.377400000000000180e+00 1.439132000000000085e-02 -3.105843999999999966e-03 0.000000000000000000e+00 1.034422999999999940e-02 0.000000000000000000e+00 1.015656000000000024e-02 4.047090000000001450e-03
2.383589000000000180e+00 1.424960999999999936e-02 -3.025702999999999813e-03 0.000000000000000000e+00 1.025073999999999950e-02 0.000000000000000000e+00 1.009566999999999930e-02 3.998869999999999855e-03
2.389777000000000040e+00 1.411204999999999925e-02 -2.945853000000000013e-03 0.000000000000000000e+00 1.015801000000000030e-02 0.000000000000000000e+00 1.003776999999999968e-02 3.954039999999998944e-03
2.395966000000000040e+00 1.397890000000000070e-02 -2.866216999999999897e-03 0.000000000000000000e+00 1.006570000000000034e-02 0.000000000000000000e+00 9.982720999999999956e-03 3.913200000000000359e-03
2.402155000000000040e+00 1.384576000000000036e-02 -2.786582000000000121e-03 0.000000000000000000e+00 9.973383000000000595e-03 0.000000000000000000e+00 9.927676999999999335e-03 3.872376999999999764e-03
2.408344000000000040e+00 1.371260000000000014e-02 -2.706974000000000012e-03 0.000000000000000000e+00 9.881066000000000848e-03 0.000000000000000000e+00 9.872577000000000436e-03 3.831533999999999288e-03
2.414531999999999901e+00 1.358034999999999971e-02 -2.627480000000000180e-03 0.000000000000000000e+00 9.788883999999999433e-03 0.000000000000000000e+00 9.817559000000000008e-03 3.791466000000000280e-03
2.420720999999999901e+00 1.345653999999999947e-02 -2.547924999999999929e-03 0.000000000000000000e+00 9.698536000000000656e-03 0.000000000000000000e+00 9.766161000000000633e-03 3.758003999999998818e-03
2.426909999999999901e+00 1.333266999999999959e-02 -2.468385000000000024e-03 0.000000000000000000e+00 9.608210000000000708e-03 0.000000000000000000e+00 9.714766999999999153e-03 3.724459999999998883e-03
2.433098999999999901e+00 1.320878999999999977e-02 -2.388845000000000118e-03 0.000000000000000000e+00 9.517882999999999552e-03 0.000000000000000000e+00 9.663378000000000245e-03 3.690907000000000215e-03
2.439287000000000205e+00 1.308526999999999954e-02 -2.309227999999999975e-03 0.000000000000000000e+00 9.427457000000000198e-03 0.000000000000000000e+00 9.611942000000000055e-03 3.657812999999999343e-03
2.445476000000000205e+00 1.296976000000000032e-02 -2.229071999999999911e-03 0.000000000000000000e+00 9.337889000000000259e-03 0.000000000000000000e+00 9.563564000000000093e-03 3.631871000000000058e-03
2.451665000000000205e+00 1.285731000000000027e-02 -2.148787000000000093e-03 0.000000000000000000e+00 9.248773999999999537e-03 0.000000000000000000e+00 9.516411000000000661e-03 3.608536000000000729e-03
2.457854000000000205e+00 1.274464999999999973e-02 -2.068578000000000170e-03 0.000000000000000000e+00 9.159722000000000350e-03 0.000000000000000000e+00 9.469193000000000748e-03 3.584927999999999379e-03
2.464042000000000066e+00 1.263251999999999951e-02 -1.988175000000000012e-03 0.000000000000000000e+00 9.070504000000000067e-03 0.000000000000000000e+00 9.422150000000000664e-03 3.562015999999999447e-03
2.470231000000000066e+00 1.252494000000000003e-02 -1.907651000000000008e-03 0.000000000000000000e+00 8.981754999999999253e-03 0.000000000000000000e+00 9.377500000000000419e-03 3.543185000000000778e-03
2.476420000000000066e+00 1.242345000000000081e-02 -1.826989999999999907e-03 0.000000000000000000e+00 8.893656999999999258e-03 0.000000000000000000e+00 9.336044999999999414e-03 3.529793000000001554e-03
2.482609000000000066e+00 1.232197999999999974e-02 -1.746317000000000052e-03 0.000000000000000000e+00 8.805554000000000159e-03 0.000000000000000000e+00 9.294615000000000862e-03 3.516425999999999580e-03
2.488796999999999926e+00 1.222061999999999975e-02 -1.665606000000000031e-03 0.000000000000000000e+00 8.717436000000000282e-03 0.000000000000000000e+00 9.253262999999999419e-03 3.503183999999999465e-03
2.494985999999999926e+00 1.212231000000000072e-02 -1.585407999999999956e-03 0.000000000000000000e+00 8.629832000000000475e-03 0.000000000000000000e+00 9.213320000000000537e-03 3.492478000000000249e-03
2.501174999999999926e+00 1.203217999999999996e-02 -1.506593000000000081e-03 0.000000000000000000e+00 8.543604999999999255e-03 0.000000000000000000e+00 9.177176999999999904e-03 3.488575000000000703e-03
2.507363999999999926e+00 1.194259999999999940e-02 -1.427747999999999951e-03 0.000000000000000000e+00 8.457400000000000334e-03 0.000000000000000000e+00 9.141315000000000551e-03 3.485199999999999063e-03
2.513551999999999786e+00 1.185288999999999961e-02 -1.348908999999999915e-03 0.000000000000000000e+00 8.371190000000000575e-03 0.000000000000000000e+00 9.105389000000000191e-03 3.481699999999999032e-03
2.519740999999999786e+00 1.176622000000000084e-02 -1.270623999999999929e-03 0.000000000000000000e+00 8.285450999999999233e-03 0.000000000000000000e+00 9.070336999999999497e-03 3.480769000000001612e-03
2.525929999999999787e+00 1.168922000000000017e-02 -1.193866999999999932e-03 0.000000000000000000e+00 8.201121999999999926e-03 0.000000000000000000e+00 9.038312999999999209e-03 3.488098000000000240e-03
2.532118999999999787e+00 1.161260000000000070e-02 -1.117064999999999985e-03 0.000000000000000000e+00 8.116831999999999173e-03 0.000000000000000000e+00 9.006544000000000008e-03 3.495768000000001527e-03
2.538307000000000091e+00 1.153596999999999956e-02 -1.040261999999999914e-03 0.000000000000000000e+00 8.032542000000000154e-03 0.000000000000000000e+00 8.974776999999999755e-03 3.503427999999999404e-03
2.544496000000000091e+00 1.146354999999999943e-02 -9.644493999999999550e-04 0.000000000000000000e+00 7.948939000000000352e-03 0.000000000000000000e+00 8.944903000000000576e-03 3.514610999999999083e-03
2.550685000000000091e+00 1.139850000000000065e-02 -8.899407000000000021e-04 0.000000000000000000e+00 7.866509000000000695e-03 0.000000000000000000e+00 8.918749000000000121e-03 3.531990999999999950e-03
2.556874000000000091e+00 1.133344000000000018e-02 -8.154319000000000150e-04 0.000000000000000000e+00 7.784079999999999645e-03 0.000000000000000000e+00 8.892595999999999140e-03 3.549360000000000535e-03
2.563061999999999951e+00 1.126839999999999960e-02 -7.408763000000000067e-04 0.000000000000000000e+00 7.701648999999999648e-03 0.000000000000000000e+00 8.866512999999999478e-03 3.566750999999999949e-03
2.569250999999999951e+00 1.121166999999999997e-02 -6.674806000000000142e-04 0.000000000000000000e+00 7.619922999999999801e-03 0.000000000000000000e+00 8.846184999999999465e-03 3.591747000000000169e-03
2.575439999999999952e+00 1.115823999999999983e-02 -5.946101000000000077e-04 0.000000000000000000e+00 7.538477000000000025e-03 0.000000000000000000e+00 8.828100000000000183e-03 3.619762999999999800e-03
2.581628999999999952e+00 1.110479999999999974e-02 -5.217396000000000013e-04 0.000000000000000000e+00 7.457031999999999723e-03 0.000000000000000000e+00 8.810016000000000375e-03 3.647768000000000017e-03
2.587816999999999812e+00 1.105399999999999959e-02 -4.493499000000000191e-04 0.000000000000000000e+00 7.375671999999999784e-03 0.000000000000000000e+00 8.793534000000000420e-03 3.678327999999999806e-03
2.594005999999999812e+00 1.101248999999999978e-02 -3.791379000000000212e-04 0.000000000000000000e+00 7.294763999999999589e-03 0.000000000000000000e+00 8.782816000000000581e-03 3.717726000000000190e-03
2.600194999999999812e+00 1.097077999999999942e-02 -3.088992000000000257e-04 0.000000000000000000e+00 7.213879999999999772e-03 0.000000000000000000e+00 8.772049999999999986e-03 3.756899999999999649e-03
2.606383999999999812e+00 1.092949000000000004e-02 -2.387179000000000070e-04 0.000000000000000000e+00 7.132943000000000096e-03 0.000000000000000000e+00 8.761391000000000318e-03 3.796546999999999943e-03
2.612572000000000116e+00 1.089911000000000005e-02 -1.702583000000000026e-04 0.000000000000000000e+00 7.051560999999999593e-03 0.000000000000000000e+00 8.755387999999999366e-03 3.847549000000000455e-03
2.618761000000000116e+00 1.086998999999999951e-02 -1.019906000000000057e-04 0.000000000000000000e+00 6.970200000000000180e-03 0.000000000000000000e+00 8.750156999999999727e-03 3.899789999999999333e-03
2.624950000000000117e+00 1.084139999999999930e-02 -3.381510000000000088e-05 0.000000000000000000e+00 6.888748999999999567e-03 0.000000000000000000e+00 8.744930999999999191e-03 3.952650999999999734e-03
2.631139000000000117e+00 1.082159000000000072e-02 3.202107000000000206e-05 0.000000000000000000e+00 6.807195000000000260e-03 0.000000000000000000e+00 8.742745999999999157e-03 4.014395000000000463e-03
2.637326999999999977e+00 1.080510999999999971e-02 9.691271000000000542e-05 0.000000000000000000e+00 6.725626999999999647e-03 0.000000000000000000e+00 8.741851999999999609e-03 4.079483000000000067e-03
2.643515999999999977e+00 1.078902999999999980e-02 1.617762999999999981e-04 0.000000000000000000e+00 6.644032000000000236e-03 0.000000000000000000e+00 8.740919999999999246e-03 4.144997999999999565e-03
2.649704999999999977e+00 1.078160000000000056e-02 2.253700999999999990e-04 0.000000000000000000e+00 6.562153000000000257e-03 0.000000000000000000e+00 8.742048000000000527e-03 4.219447000000000302e-03
2.655893999999999977e+00 1.077729000000000013e-02 2.885353000000000223e-04 0.000000000000000000e+00 6.480177999999999633e-03 0.000000000000000000e+00 8.743854000000000556e-03 4.297112000000000501e-03
2.662081999999999837e+00 1.077295999999999983e-02 3.516988999999999879e-04 0.000000000000000000e+00 6.398202999999999877e-03 0.000000000000000000e+00 8.745665999999999163e-03 4.374756999999999951e-03
2.668270999999999837e+00 1.077935999999999998e-02 4.118705000000000066e-04 0.000000000000000000e+00 6.316102999999999995e-03 0.000000000000000000e+00 8.748914999999999470e-03 4.463256999999999988e-03
2.674459999999999837e+00 1.078652000000000083e-02 4.719735999999999767e-04 0.000000000000000000e+00 6.234032999999999936e-03 0.000000000000000000e+00 8.752038999999999652e-03 4.552487000000000894e-03
2.680648999999999837e+00 1.079744000000000016e-02 5.317012999999999774e-04 0.000000000000000000e+00 6.151659999999999767e-03 0.000000000000000000e+00 8.755320000000000463e-03 4.645780000000000395e-03
2.686837000000000142e+00 1.081548000000000058e-02 5.908973000000000524e-04 0.000000000000000000e+00 6.068846000000000136e-03 0.000000000000000000e+00 8.758468000000000156e-03 4.746634000000000443e-03
2.693026000000000142e+00 1.083343999999999974e-02 6.500777000000000118e-04 0.000000000000000000e+00 5.986026000000000194e-03 0.000000000000000000e+00 8.761664000000000604e-03 4.847413999999999543e-03
2.699215000000000142e+00 1.086119999999999967e-02 7.068375000000000439e-04 0.000000000000000000e+00 5.902520999999999983e-03 0.000000000000000000e+00 8.765178000000000205e-03 4.958678999999999691e-03
2.705404000000000142e+00 1.088958999999999934e-02 7.635199999999999539e-04 0.000000000000000000e+00 5.819007000000000172e-03 0.000000000000000000e+00 8.768622000000000222e-03 5.070582999999999167e-03
2.711593000000000142e+00 1.092617000000000067e-02 8.194771999999999473e-04 0.000000000000000000e+00 5.734341999999999911e-03 0.000000000000000000e+00 8.773170000000000274e-03 5.191828000000000762e-03
2.717781000000000002e+00 1.096649000000000061e-02 8.752084999999999943e-04 0.000000000000000000e+00 5.649224000000000433e-03 0.000000000000000000e+00 8.778126000000000678e-03 5.317266000000000180e-03
2.723970000000000002e+00 1.101439000000000064e-02 9.294462999999999987e-04 0.000000000000000000e+00 5.562993999999999925e-03 0.000000000000000000e+00 8.785239000000000242e-03 5.451396000000000713e-03
2.730159000000000002e+00 1.106707999999999997e-02 9.828592000000000578e-04 0.000000000000000000e+00 5.476143999999999630e-03 0.000000000000000000e+00 8.793666999999999803e-03 5.590936000000000343e-03
2.736348000000000003e+00 1.112871999999999993e-02 1.035499999999999962e-03 0.000000000000000000e+00 5.387341999999999825e-03 0.000000000000000000e+00 8.804793999999999468e-03 5.741378000000000106e-03
2.742535999999999863e+00 1.119408000000000035e-02 1.087829999999999917e-03 0.000000000000000000e+00 5.297780999999999671e-03 0.000000000000000000e+00 8.817053999999999517e-03 5.896299000000000679e-03
2.748724999999999863e+00 1.127079999999999922e-02 1.138913000000000078e-03 0.000000000000000000e+00 5.205735999999999870e-03 0.000000000000000000e+00 8.832929999999999254e-03 6.065063999999999352e-03
2.754913999999999863e+00 1.135285999999999934e-02 1.189397000000000024e-03 0.000000000000000000e+00 5.112768000000000174e-03 0.000000000000000000e+00 8.850481999999999794e-03 6.240091999999999167e-03
2.761102999999999863e+00 1.144396999999999949e-02 1.238939000000000099e-03 0.000000000000000000e+00 5.018362000000000170e-03 0.000000000000000000e+00 8.870818000000000800e-03 6.425607999999999320e-03
2.767291000000000167e+00 1.154566999999999920e-02 1.287720999999999918e-03 0.000000000000000000e+00 4.921479000000000305e-03 0.000000000000000000e+00 8.892475000000000379e-03 6.624190999999998893e-03
2.773480000000000167e+00 1.165437000000000070e-02 1.335908999999999925e-03 0.000000000000000000e+00 4.822967000000000053e-03 0.000000000000000000e+00 8.914695999999999732e-03 6.831403000000000648e-03
2.779669000000000167e+00 1.177128000000000028e-02 1.383384999999999997e-03 0.000000000000000000e+00 4.722554000000000335e-03 0.000000000000000000e+00 8.937399999999999858e-03 7.048725999999999950e-03
2.785858000000000168e+00 1.190159000000000009e-02 1.429975999999999903e-03 0.000000000000000000e+00 4.618879000000000214e-03 0.000000000000000000e+00 8.960647000000000403e-03 7.282710999999999872e-03
2.792046000000000028e+00 1.204091000000000015e-02 1.476024999999999950e-03 0.000000000000000000e+00 4.513221999999999894e-03 0.000000000000000000e+00 8.984004000000000295e-03 7.527688000000000261e-03
2.798235000000000028e+00 1.219003999999999921e-02 1.521540999999999953e-03 0.000000000000000000e+00 4.405395999999999791e-03 0.000000000000000000e+00 9.007433000000000453e-03 7.784643999999999418e-03
2.804424000000000028e+00 1.235105000000000057e-02 1.566450999999999955e-03 0.000000000000000000e+00 4.294975000000000355e-03 0.000000000000000000e+00 9.030899000000000218e-03 8.056074999999999348e-03
2.810613000000000028e+00 1.252817999999999987e-02 1.610857000000000044e-03 0.000000000000000000e+00 4.181388999999999766e-03 0.000000000000000000e+00 9.053922000000000705e-03 8.346790999999999239e-03
2.816802000000000028e+00 1.271974000000000021e-02 1.654817999999999957e-03 0.000000000000000000e+00 4.065107999999999569e-03 0.000000000000000000e+00 9.076222999999999583e-03 8.654632000000000644e-03
2.822989999999999888e+00 1.292806999999999984e-02 1.698464999999999914e-03 0.000000000000000000e+00 3.946037000000000329e-03 0.000000000000000000e+00 9.097374999999999559e-03 8.982033000000000378e-03
2.829178999999999888e+00 1.315569999999999934e-02 1.741815999999999981e-03 0.000000000000000000e+00 3.824159000000000152e-03 0.000000000000000000e+00 9.116951999999999348e-03 9.331540999999998753e-03
2.835367999999999888e+00 1.340544999999999931e-02 1.784758999999999911e-03 0.000000000000000000e+00 3.699385999999999820e-03 0.000000000000000000e+00 9.134569000000000369e-03 9.706064000000000358e-03
2.841556999999999888e+00 1.368067000000000068e-02 1.827461999999999967e-03 0.000000000000000000e+00 3.571457000000000104e-03 0.000000000000000000e+00 9.149724999999999178e-03 1.010921300000000057e-02
2.847745000000000193e+00 1.398620000000000071e-02 1.869694000000000087e-03 0.000000000000000000e+00 3.440322999999999905e-03 0.000000000000000000e+00 9.161505000000000343e-03 1.054587700000000038e-02
2.853934000000000193e+00 1.432390000000000052e-02 1.911741999999999912e-03 0.000000000000000000e+00 3.306030000000000166e-03 0.000000000000000000e+00 9.169167000000000636e-03 1.101787000000000079e-02
2.860123000000000193e+00 1.469635000000000039e-02 1.953312999999999924e-03 0.000000000000000000e+00 3.168742000000000000e-03 0.000000000000000000e+00 9.171725999999999837e-03 1.152760799999999995e-02
2.866312000000000193e+00 1.510743999999999976e-02 1.994487000000000083e-03 0.000000000000000000e+00 3.028493000000000157e-03 0.000000000000000000e+00 9.167985999999999497e-03 1.207894699999999960e-02
2.872500000000000053e+00 1.556044999999999998e-02 2.035025000000000202e-03 0.000000000000000000e+00 2.885368000000000134e-03 0.000000000000000000e+00 9.156716999999999981e-03 1.267508200000000071e-02
2.878689000000000053e+00 1.605921000000000085e-02 2.074977999999999892e-03 0.000000000000000000e+00 2.739484999999999837e-03 0.000000000000000000e+00 9.136458999999999553e-03 1.331972500000000101e-02
2.884878000000000053e+00 1.660972000000000143e-02 2.113812999999999977e-03 0.000000000000000000e+00 2.591173999999999908e-03 0.000000000000000000e+00 9.104901999999999787e-03 1.401854600000000152e-02
2.891067000000000053e+00 1.721475000000000088e-02 2.151332000000000157e-03 0.000000000000000000e+00 2.440407999999999814e-03 0.000000000000000000e+00 9.060455000000000245e-03 1.477434200000000107e-02
2.897254999999999914e+00 1.787433000000000077e-02 2.186875999999999924e-03 0.000000000000000000e+00 2.287962000000000155e-03 0.000000000000000000e+00 9.001448999999999909e-03 1.558636799999999975e-02
2.903443999999999914e+00 1.858958999999999959e-02 2.219680999999999824e-03 0.000000000000000000e+00 2.134121000000000108e-03 0.000000000000000000e+00 8.925814000000000664e-03 1.645546900000000035e-02
2.909632999999999914e+00 1.936219000000000134e-02 2.248893000000000073e-03 0.000000000000000000e+00 1.979363000000000043e-03 0.000000000000000000e+00 8.831088000000000826e-03 1.738282700000000000e-02
2.915821999999999914e+00 2.021028999999999881e-02 2.271262999999999928e-03 0.000000000000000000e+00 1.825362000000000078e-03 0.000000000000000000e+00 8.718109999999999402e-03 1.838492799999999830e-02
2.922010000000000218e+00 2.110389000000000015e-02 2.287464999999999811e-03 0.000000000000000000e+00 1.670540999999999996e-03 0.000000000000000000e+00 8.573050999999999935e-03 1.943334899999999907e-02
2.928199000000000218e+00 2.204717999999999956e-02 2.294337999999999933e-03 0.000000000000000000e+00 1.516477000000000016e-03 0.000000000000000000e+00 8.398987000000000119e-03 2.053070300000000084e-02
2.934388000000000218e+00 2.302490000000000092e-02 2.289207000000000134e-03 0.000000000000000000e+00 1.364119000000000009e-03 0.000000000000000000e+00 8.192885999999999919e-03 2.166078100000000048e-02
2.940577000000000218e+00 2.401570000000000094e-02 2.269103000000000179e-03 0.000000000000000000e+00 1.214236000000000048e-03 0.000000000000000000e+00 7.951441999999999538e-03 2.280146400000000045e-02
2.946765000000000079e+00 2.498718999999999940e-02 2.230579999999999802e-03 0.000000000000000000e+00 1.067770999999999911e-03 0.000000000000000000e+00 7.671769999999999631e-03 2.391941900000000079e-02
2.952954000000000079e+00 2.587342000000000114e-02 2.166131999999999867e-03 0.000000000000000000e+00 9.266873999999999598e-04 0.000000000000000000e+00 7.345410999999999607e-03 2.494673260000000031e-02
2.959143000000000079e+00 2.661047000000000065e-02 2.074158999999999899e-03 0.000000000000000000e+00 7.910373999999999964e-04 0.000000000000000000e+00 6.974530999999999960e-03 2.581943260000000087e-02
2.965332000000000079e+00 2.711136999999999922e-02 1.951857999999999892e-03 0.000000000000000000e+00 6.621233999999999497e-04 0.000000000000000000e+00 6.559095000000000029e-03 2.644924660000000025e-02
2.971519999999999939e+00 2.719970999999999847e-02 1.791548000000000012e-03 0.000000000000000000e+00 5.420988999999999539e-04 0.000000000000000000e+00 6.091916999999999645e-03 2.665761109999999906e-02
2.977708999999999939e+00 2.674823999999999952e-02 1.594738999999999966e-03 0.000000000000000000e+00 4.313049000000000115e-04 0.000000000000000000e+00 5.576328999999999661e-03 2.631693510000000097e-02
2.983897999999999939e+00 2.558939000000000005e-02 1.364210999999999939e-03 0.000000000000000000e+00 3.311303000000000033e-04 0.000000000000000000e+00 5.015809000000000413e-03 2.525825970000000059e-02
2.990086999999999939e+00 2.352328000000000058e-02 1.105169999999999937e-03 0.000000000000000000e+00 2.431946000000000043e-04 0.000000000000000000e+00 4.409508999999999825e-03 2.328008540000000084e-02
2.996274999999999800e+00 2.053338999999999859e-02 8.340758000000000416e-04 0.000000000000000000e+00 1.678829999999999917e-04 0.000000000000000000e+00 3.766397999999999795e-03 2.036550699999999797e-02
3.002463999999999800e+00 1.667578999999999936e-02 5.699804000000000155e-04 0.000000000000000000e+00 1.062908000000000022e-04 0.000000000000000000e+00 3.090812999999999981e-03 1.656949920000000062e-02
3.008652999999999800e+00 1.224063000000000061e-02 3.401599999999999958e-04 0.000000000000000000e+00 5.965374999999999785e-05 0.000000000000000000e+00 2.390203000000000032e-03 1.218097625000000121e-02
3.014841999999999800e+00 7.785277999999999643e-03 1.644364000000000101e-04 0.000000000000000000e+00 2.719512999999999859e-05 0.000000000000000000e+00 1.679467999999999933e-03 7.758082869999999472e-03
3.021030000000000104e+00 3.929199000000000407e-03 5.561708999999999913e-05 0.000000000000000000e+00 8.485731999999999954e-06 0.000000000000000000e+00 9.879031999999998963e-04 3.920713268000000813e-03
3.027219000000000104e+00 1.245755999999999990e-03 8.859615999999999439e-06 0.000000000000000000e+00 1.098745999999999958e-06 0.000000000000000000e+00 3.842237000000000191e-04 1.244657253999999994e-03
3.033408000000000104e+00 5.726706999999999718e-05 3.686034999999999959e-08 0.000000000000000000e+00 3.806407000000000171e-09 0.000000000000000000e+00 2.275723999999999897e-05 5.726326359299999726e-05
