4.526959999999999873e-01 3.042828999999999933e-04 2.345690999999999900e-04 0.000000000000000000e+00 1.811969000000000134e-04 0.000000000000000000e+00 1.082777000000000045e-03 1.230859999999999799e-04
4.588849999999999874e-01 2.259531999999999860e-03 1.704048000000000108e-03 0.000000000000000000e+00 1.311052000000000051e-03 0.000000000000000000e+00 8.129116000000000467e-03 9.484799999999998094e-04
4.650739999999999874e-01 5.067094000000000285e-03 3.705835000000000205e-03 0.000000000000000000e+00 2.863369000000000157e-03 0.000000000000000000e+00 1.839642999999999834e-02 2.203725000000000128e-03
4.712629999999999875e-01 7.890232999999999969e-03 5.569494000000000354e-03 0.000000000000000000e+00 4.371426999999999778e-03 0.000000000000000000e+00 2.904054999999999831e-02 3.518806000000000191e-03
4.774510000000000143e-01 1.029565999999999988e-02 6.985645000000000396e-03 0.000000000000000000e+00 5.647802000000000378e-03 0.000000000000000000e+00 3.860202000000000078e-02 4.647857999999999504e-03
4.836400000000000143e-01 1.216375999999999916e-02 7.897588000000000524e-03 0.000000000000000000e+00 6.673446999999999886e-03 0.000000000000000000e+00 4.657523000000000218e-02 5.490312999999999270e-03
4.898290000000000144e-01 1.354161000000000080e-02 8.363845999999999434e-03 0.000000000000000000e+00 7.495120000000000081e-03 0.000000000000000000e+00 5.294534000000000046e-02 6.046490000000000718e-03
4.960180000000000144e-01 1.455861999999999955e-02 8.499349999999999267e-03 0.000000000000000000e+00 8.179353999999999791e-03 0.000000000000000000e+00 5.797656000000000337e-02 6.379265999999999756e-03
5.022060000000000413e-01 1.531791000000000055e-02 8.398605999999999433e-03 0.000000000000000000e+00 8.781016000000000862e-03 0.000000000000000000e+00 6.193825000000000025e-02 6.536893999999999691e-03
5.083950000000000413e-01 1.590555999999999914e-02 8.127619000000000857e-03 0.000000000000000000e+00 9.326566999999999150e-03 0.000000000000000000e+00 6.502344000000000179e-02 6.578992999999999994e-03
5.145840000000000414e-01 1.638304999999999970e-02 7.737583999999999608e-03 0.000000000000000000e+00 9.833951000000000497e-03 0.000000000000000000e+00 6.739433999999999703e-02 6.549098999999999199e-03
5.207730000000000414e-01 1.679301000000000058e-02 7.266868000000000112e-03 0.000000000000000000e+00 1.031735999999999938e-02 0.000000000000000000e+00 6.919396999999999354e-02 6.475650000000001197e-03
5.269610000000000127e-01 1.716113999999999834e-02 6.740046999999999879e-03 0.000000000000000000e+00 1.078488000000000016e-02 0.000000000000000000e+00 7.050604000000000593e-02 6.376259999999998179e-03
5.331500000000000128e-01 1.750826999999999939e-02 6.178788000000000162e-03 0.000000000000000000e+00 1.124258000000000028e-02 0.000000000000000000e+00 7.143837000000000104e-02 6.265689999999999107e-03
5.393390000000000128e-01 1.784530999999999965e-02 5.597712999999999821e-03 0.000000000000000000e+00 1.169437000000000081e-02 0.000000000000000000e+00 7.207048000000000620e-02 6.150939999999998839e-03
5.455280000000000129e-01 1.818004999999999968e-02 5.004192000000000189e-03 0.000000000000000000e+00 1.214200999999999996e-02 0.000000000000000000e+00 7.242157999999999929e-02 6.038039999999999727e-03
5.517159999999999842e-01 1.851660999999999932e-02 4.407069999999999911e-03 0.000000000000000000e+00 1.258303000000000026e-02 0.000000000000000000e+00 7.256427999999999490e-02 5.933579999999999063e-03
5.579049999999999843e-01 1.885811999999999905e-02 3.811094000000000113e-03 0.000000000000000000e+00 1.301396999999999970e-02 0.000000000000000000e+00 7.249464999999999382e-02 5.844149999999999345e-03
5.640939999999999843e-01 1.920414999999999969e-02 3.219548000000000028e-03 0.000000000000000000e+00 1.344246999999999977e-02 0.000000000000000000e+00 7.229341000000000239e-02 5.761679999999999927e-03
5.702829999999999844e-01 1.955689000000000038e-02 2.633883000000000058e-03 0.000000000000000000e+00 1.386934000000000083e-02 0.000000000000000000e+00 7.197127000000000385e-02 5.687549999999999550e-03
5.764709999999999557e-01 1.991673000000000054e-02 2.058092999999999988e-03 0.000000000000000000e+00 1.429340999999999945e-02 0.000000000000000000e+00 7.154639000000000137e-02 5.623320000000001095e-03
5.826599999999999557e-01 2.028301999999999883e-02 1.492187000000000071e-03 0.000000000000000000e+00 1.471527000000000078e-02 0.000000000000000000e+00 7.104496000000000422e-02 5.567749999999998048e-03
5.888489999999999558e-01 2.065542000000000072e-02 9.371794000000000348e-04 0.000000000000000000e+00 1.513455000000000009e-02 0.000000000000000000e+00 7.047915000000000429e-02 5.520870000000000638e-03
5.950379999999999558e-01 2.103417999999999954e-02 3.929935999999999976e-04 0.000000000000000000e+00 1.555138000000000006e-02 0.000000000000000000e+00 6.985829999999999818e-02 5.482799999999999480e-03
6.012260000000000382e-01 2.141753000000000060e-02 -1.385795000000000104e-04 0.000000000000000000e+00 1.596505999999999967e-02 0.000000000000000000e+00 6.919369000000000214e-02 5.452470000000000927e-03
6.074150000000000382e-01 2.180711000000000108e-02 -6.596284000000000218e-04 0.000000000000000000e+00 1.637786999999999923e-02 0.000000000000000000e+00 6.849341000000000457e-02 5.429240000000001842e-03
6.136040000000000383e-01 2.220083999999999946e-02 -1.171333000000000096e-03 0.000000000000000000e+00 1.679380999999999929e-02 0.000000000000000000e+00 6.777436000000000571e-02 5.407030000000000169e-03
6.197930000000000383e-01 2.259881000000000043e-02 -1.671877999999999906e-03 0.000000000000000000e+00 1.720661999999999886e-02 0.000000000000000000e+00 6.703088999999999575e-02 5.392190000000001565e-03
6.259810000000000096e-01 2.299945000000000114e-02 -2.161474000000000034e-03 0.000000000000000000e+00 1.761700000000000071e-02 0.000000000000000000e+00 6.626746000000000025e-02 5.382450000000000429e-03
6.321700000000000097e-01 2.340288000000000090e-02 -2.640431999999999849e-03 0.000000000000000000e+00 1.802480999999999875e-02 0.000000000000000000e+00 6.548859999999999404e-02 5.378070000000002154e-03
6.383590000000000098e-01 2.380648999999999960e-02 -3.108664000000000132e-03 0.000000000000000000e+00 1.843022000000000063e-02 0.000000000000000000e+00 6.469951000000000174e-02 5.376269999999998966e-03
6.445480000000000098e-01 2.420891000000000015e-02 -3.566965999999999973e-03 0.000000000000000000e+00 1.883326999999999918e-02 0.000000000000000000e+00 6.390377999999999337e-02 5.375640000000000973e-03
6.507370000000000099e-01 2.460878000000000024e-02 -4.015440000000000328e-03 0.000000000000000000e+00 1.923294999999999866e-02 0.000000000000000000e+00 6.310768999999999407e-02 5.375830000000001579e-03
6.569249999999999812e-01 2.500611999999999974e-02 -4.454989999999999818e-03 0.000000000000000000e+00 1.962908000000000014e-02 0.000000000000000000e+00 6.231566999999999662e-02 5.377039999999999598e-03
6.631139999999999812e-01 2.539985999999999980e-02 -4.886899999999999578e-03 0.000000000000000000e+00 2.002216999999999886e-02 0.000000000000000000e+00 6.152657999999999738e-02 5.377690000000000942e-03
6.693029999999999813e-01 2.578768000000000032e-02 -5.310416000000000095e-03 0.000000000000000000e+00 2.040934999999999971e-02 0.000000000000000000e+00 6.074029999999999707e-02 5.378330000000000610e-03
6.754919999999999813e-01 2.616734999999999894e-02 -5.721883999999999998e-03 0.000000000000000000e+00 2.078419999999999920e-02 0.000000000000000000e+00 5.996457000000000176e-02 5.383149999999999741e-03
6.816799999999999526e-01 2.654060000000000100e-02 -6.125720000000000297e-03 0.000000000000000000e+00 2.115337000000000120e-02 0.000000000000000000e+00 5.920127000000000028e-02 5.387229999999999797e-03
6.878689999999999527e-01 2.690907999999999842e-02 -6.523815999999999990e-03 0.000000000000000000e+00 2.151892999999999861e-02 0.000000000000000000e+00 5.844641999999999893e-02 5.390149999999999803e-03
6.940579999999999528e-01 2.727359999999999854e-02 -6.915441999999999943e-03 0.000000000000000000e+00 2.187916000000000166e-02 0.000000000000000000e+00 5.770489000000000174e-02 5.394439999999996876e-03
7.002469999999999528e-01 2.763329999999999953e-02 -7.298513999999999870e-03 0.000000000000000000e+00 2.223260999999999987e-02 0.000000000000000000e+00 5.697955999999999854e-02 5.400689999999999658e-03
7.064350000000000351e-01 2.798959999999999990e-02 -7.674138999999999960e-03 0.000000000000000000e+00 2.257962999999999984e-02 0.000000000000000000e+00 5.626910999999999718e-02 5.409970000000000057e-03
7.126240000000000352e-01 2.834313000000000110e-02 -8.044402000000000844e-03 0.000000000000000000e+00 2.292189999999999853e-02 0.000000000000000000e+00 5.556984999999999703e-02 5.421230000000002575e-03
7.188130000000000353e-01 2.869232000000000032e-02 -8.407450999999999813e-03 0.000000000000000000e+00 2.325779999999999861e-02 0.000000000000000000e+00 5.488433000000000200e-02 5.434520000000001710e-03
7.250020000000000353e-01 2.903698999999999864e-02 -8.762324999999999628e-03 0.000000000000000000e+00 2.358412000000000008e-02 0.000000000000000000e+00 5.422438999999999731e-02 5.452869999999998551e-03
7.311900000000000066e-01 2.937963999999999853e-02 -9.113499000000000599e-03 0.000000000000000000e+00 2.390642000000000114e-02 0.000000000000000000e+00 5.357369000000000020e-02 5.473219999999997393e-03
7.373790000000000067e-01 2.971994999999999845e-02 -9.457233000000000653e-03 0.000000000000000000e+00 2.422053000000000053e-02 0.000000000000000000e+00 5.295011000000000162e-02 5.499419999999997921e-03
7.435680000000000067e-01 3.006117000000000164e-02 -9.798095999999999195e-03 0.000000000000000000e+00 2.453378000000000156e-02 0.000000000000000000e+00 5.234512000000000193e-02 5.527390000000000081e-03
7.497570000000000068e-01 3.040032999999999971e-02 -1.013235000000000004e-02 0.000000000000000000e+00 2.484079999999999969e-02 0.000000000000000000e+00 5.176043999999999784e-02 5.559530000000000027e-03
7.559449999999999781e-01 3.074094999999999953e-02 -1.045688999999999994e-02 0.000000000000000000e+00 2.513848000000000124e-02 0.000000000000000000e+00 5.120518999999999765e-02 5.602469999999998285e-03
7.621339999999999781e-01 3.108145000000000005e-02 -1.077818999999999999e-02 0.000000000000000000e+00 2.543317999999999968e-02 0.000000000000000000e+00 5.065957000000000099e-02 5.648270000000000374e-03
7.683229999999999782e-01 3.141784000000000243e-02 -1.108635999999999996e-02 0.000000000000000000e+00 2.571756000000000042e-02 0.000000000000000000e+00 5.015117000000000186e-02 5.700280000000002012e-03
7.745119999999999783e-01 3.175324000000000202e-02 -1.139172999999999922e-02 0.000000000000000000e+00 2.599862999999999827e-02 0.000000000000000000e+00 4.964994999999999825e-02 5.754610000000003750e-03
7.806999999999999496e-01 3.208425000000000166e-02 -1.168833000000000025e-02 0.000000000000000000e+00 2.627006999999999953e-02 0.000000000000000000e+00 4.917422999999999933e-02 5.814180000000002124e-03
7.868889999999999496e-01 3.241133000000000208e-02 -1.198019999999999988e-02 0.000000000000000000e+00 2.653600999999999877e-02 0.000000000000000000e+00 4.871377000000000346e-02 5.875320000000003318e-03
7.930779999999999497e-01 3.273195999999999745e-02 -1.226642000000000010e-02 0.000000000000000000e+00 2.679474000000000092e-02 0.000000000000000000e+00 4.826740999999999671e-02 5.937219999999996528e-03
7.992669999999999497e-01 3.304673999999999806e-02 -1.254650000000000036e-02 0.000000000000000000e+00 2.704598999999999892e-02 0.000000000000000000e+00 4.784122999999999848e-02 6.000749999999999140e-03
8.054550000000000320e-01 3.335338999999999665e-02 -1.282170000000000011e-02 0.000000000000000000e+00 2.729047999999999891e-02 0.000000000000000000e+00 4.742590000000000000e-02 6.062909999999997746e-03
8.116440000000000321e-01 3.365387999999999713e-02 -1.309126000000000040e-02 0.000000000000000000e+00 2.752715000000000023e-02 0.000000000000000000e+00 4.702788000000000107e-02 6.126729999999996901e-03
8.178330000000000322e-01 3.394529000000000296e-02 -1.335175000000000077e-02 0.000000000000000000e+00 2.775241999999999987e-02 0.000000000000000000e+00 4.663979000000000041e-02 6.192870000000003095e-03
8.240220000000000322e-01 3.422962999999999700e-02 -1.360429999999999973e-02 0.000000000000000000e+00 2.797059000000000004e-02 0.000000000000000000e+00 4.626426000000000149e-02 6.259039999999996967e-03
8.302100000000000035e-01 3.450891999999999848e-02 -1.385166000000000001e-02 0.000000000000000000e+00 2.818344000000000057e-02 0.000000000000000000e+00 4.590245999999999910e-02 6.325479999999997910e-03
8.363990000000000036e-01 3.478711999999999777e-02 -1.409179999999999981e-02 0.000000000000000000e+00 2.838888999999999996e-02 0.000000000000000000e+00 4.554654000000000341e-02 6.398229999999997808e-03
8.425880000000000036e-01 3.506331000000000031e-02 -1.432700999999999940e-02 0.000000000000000000e+00 2.858787999999999954e-02 0.000000000000000000e+00 4.520451000000000330e-02 6.475430000000000769e-03
8.487770000000000037e-01 3.533791000000000015e-02 -1.455549000000000079e-02 0.000000000000000000e+00 2.878218000000000096e-02 0.000000000000000000e+00 4.486884000000000011e-02 6.555729999999999197e-03
8.549660000000000037e-01 3.560893999999999865e-02 -1.477537999999999942e-02 0.000000000000000000e+00 2.897022999999999959e-02 0.000000000000000000e+00 4.454766999999999755e-02 6.638709999999999056e-03
8.611539999999999750e-01 3.587963000000000263e-02 -1.499232999999999989e-02 0.000000000000000000e+00 2.915451000000000154e-02 0.000000000000000000e+00 4.423181000000000335e-02 6.725120000000001097e-03
8.673429999999999751e-01 3.614954000000000084e-02 -1.520019000000000058e-02 0.000000000000000000e+00 2.932730000000000059e-02 0.000000000000000000e+00 4.393098000000000142e-02 6.822240000000000248e-03
8.735319999999999752e-01 3.641889000000000237e-02 -1.540734000000000027e-02 0.000000000000000000e+00 2.949939000000000033e-02 0.000000000000000000e+00 4.363167999999999908e-02 6.919500000000002038e-03
8.797209999999999752e-01 3.667983999999999828e-02 -1.560333000000000032e-02 0.000000000000000000e+00 2.966059000000000057e-02 0.000000000000000000e+00 4.335388999999999909e-02 7.019249999999997713e-03
8.859089999999999465e-01 3.694139999999999924e-02 -1.579855000000000148e-02 0.000000000000000000e+00 2.982115000000000113e-02 0.000000000000000000e+00 4.307375000000000093e-02 7.120249999999998108e-03
8.920979999999999466e-01 3.719576000000000132e-02 -1.598644999999999927e-02 0.000000000000000000e+00 2.996769000000000169e-02 0.000000000000000000e+00 4.281076000000000326e-02 7.228069999999999634e-03
8.982869999999999466e-01 3.744867000000000334e-02 -1.617557000000000023e-02 0.000000000000000000e+00 3.011546000000000015e-02 0.000000000000000000e+00 4.254431999999999658e-02 7.333210000000003198e-03
9.044759999999999467e-01 3.769207000000000113e-02 -1.636028999999999956e-02 0.000000000000000000e+00 3.025508999999999837e-02 0.000000000000000000e+00 4.228623000000000104e-02 7.436980000000002755e-03
9.106640000000000290e-01 3.793102000000000279e-02 -1.654189999999999827e-02 0.000000000000000000e+00 3.039054999999999881e-02 0.000000000000000000e+00 4.203976999999999714e-02 7.540470000000003975e-03
9.168530000000000291e-01 3.816143000000000313e-02 -1.672074999999999950e-02 0.000000000000000000e+00 3.051958000000000101e-02 0.000000000000000000e+00 4.179212999999999678e-02 7.641850000000002113e-03
9.230420000000000291e-01 3.837837000000000193e-02 -1.689144999999999883e-02 0.000000000000000000e+00 3.063723000000000141e-02 0.000000000000000000e+00 4.155771999999999938e-02 7.741140000000000521e-03
9.292310000000000292e-01 3.859317000000000303e-02 -1.706204999999999875e-02 0.000000000000000000e+00 3.075338000000000030e-02 0.000000000000000000e+00 4.132009999999999850e-02 7.839790000000002729e-03
9.354190000000000005e-01 3.880209999999999909e-02 -1.722894999999999982e-02 0.000000000000000000e+00 3.085921000000000150e-02 0.000000000000000000e+00 4.108984000000000247e-02 7.942889999999997591e-03
9.416080000000000005e-01 3.900938999999999796e-02 -1.739527999999999908e-02 0.000000000000000000e+00 3.096246999999999888e-02 0.000000000000000000e+00 4.085741999999999846e-02 8.046919999999999074e-03
9.477970000000000006e-01 3.920567999999999970e-02 -1.755210999999999924e-02 0.000000000000000000e+00 3.105894000000000016e-02 0.000000000000000000e+00 4.063183000000000072e-02 8.146739999999999537e-03
9.539860000000000007e-01 3.939026999999999806e-02 -1.769903999999999922e-02 0.000000000000000000e+00 3.114551000000000125e-02 0.000000000000000000e+00 4.040859000000000117e-02 8.244759999999996813e-03
9.601739999999999720e-01 3.957697999999999772e-02 -1.784652000000000113e-02 0.000000000000000000e+00 3.123135000000000147e-02 0.000000000000000000e+00 4.018718000000000290e-02 8.345629999999996246e-03
9.663629999999999720e-01 3.977780999999999678e-02 -1.799484999999999973e-02 0.000000000000000000e+00 3.130141000000000173e-02 0.000000000000000000e+00 3.997380999999999851e-02 8.476399999999995050e-03
9.725519999999999721e-01 3.997856999999999800e-02 -1.814282000000000047e-02 0.000000000000000000e+00 3.137038000000000326e-02 0.000000000000000000e+00 3.976016000000000272e-02 8.608189999999994735e-03
9.787409999999999721e-01 4.015446999999999766e-02 -1.826664999999999886e-02 0.000000000000000000e+00 3.142878000000000338e-02 0.000000000000000000e+00 3.956056000000000156e-02 8.725689999999994284e-03
9.849290000000000544e-01 4.031795999999999991e-02 -1.837953999999999977e-02 0.000000000000000000e+00 3.148352000000000095e-02 0.000000000000000000e+00 3.936806000000000333e-02 8.834439999999998960e-03
9.911180000000000545e-01 4.048681999999999975e-02 -1.849206999999999934e-02 0.000000000000000000e+00 3.153117999999999893e-02 0.000000000000000000e+00 3.917127000000000109e-02 8.955640000000000822e-03
9.973070000000000546e-01 4.068304999999999838e-02 -1.861084000000000002e-02 0.000000000000000000e+00 3.155535999999999758e-02 0.000000000000000000e+00 3.896946999999999911e-02 9.127690000000000803e-03
1.003495999999999944e+00 4.087931999999999677e-02 -1.872893000000000127e-02 0.000000000000000000e+00 3.157872999999999930e-02 0.000000000000000000e+00 3.876625999999999683e-02 9.300589999999997470e-03
1.009684000000000026e+00 4.104408999999999835e-02 -1.882181999999999952e-02 0.000000000000000000e+00 3.161486000000000157e-02 0.000000000000000000e+00 3.858947000000000072e-02 9.429229999999996781e-03
1.015873000000000026e+00 4.119827999999999685e-02 -1.890626000000000112e-02 0.000000000000000000e+00 3.165491000000000138e-02 0.000000000000000000e+00 3.842144000000000115e-02 9.543369999999995468e-03
1.022062000000000026e+00 4.136640999999999929e-02 -1.899278000000000077e-02 0.000000000000000000e+00 3.168084000000000178e-02 0.000000000000000000e+00 3.825201000000000295e-02 9.685569999999997515e-03
1.028251000000000026e+00 4.156080999999999664e-02 -1.908239000000000116e-02 0.000000000000000000e+00 3.167936999999999836e-02 0.000000000000000000e+00 3.808047999999999988e-02 9.881439999999998280e-03
1.034439000000000108e+00 4.175536999999999999e-02 -1.917160000000000045e-02 0.000000000000000000e+00 3.167723000000000066e-02 0.000000000000000000e+00 3.790903000000000328e-02 1.007813999999999932e-02
1.040628000000000108e+00 4.191505999999999704e-02 -1.923976000000000158e-02 0.000000000000000000e+00 3.169124999999999720e-02 0.000000000000000000e+00 3.776394999999999752e-02 1.022380999999999984e-02
1.046817000000000109e+00 4.206925000000000248e-02 -1.930503999999999901e-02 0.000000000000000000e+00 3.170931999999999917e-02 0.000000000000000000e+00 3.762269000000000030e-02 1.035993000000000330e-02
1.053006000000000109e+00 4.222979999999999789e-02 -1.937070000000000111e-02 0.000000000000000000e+00 3.171983999999999915e-02 0.000000000000000000e+00 3.748361000000000054e-02 1.050995999999999875e-02
1.059193999999999969e+00 4.240622000000000141e-02 -1.943624000000000046e-02 0.000000000000000000e+00 3.170871000000000106e-02 0.000000000000000000e+00 3.734806999999999710e-02 1.069751000000000035e-02
1.065382999999999969e+00 4.258283000000000207e-02 -1.950123000000000134e-02 0.000000000000000000e+00 3.169641000000000125e-02 0.000000000000000000e+00 3.721308999999999728e-02 1.088642000000000082e-02
1.071571999999999969e+00 4.274159999999999765e-02 -1.955706000000000111e-02 0.000000000000000000e+00 3.168913999999999759e-02 0.000000000000000000e+00 3.709227999999999831e-02 1.105246000000000006e-02
1.077760999999999969e+00 4.288962999999999803e-02 -1.960807999999999995e-02 0.000000000000000000e+00 3.168609000000000009e-02 0.000000000000000000e+00 3.697915999999999703e-02 1.120353999999999794e-02
1.083949000000000051e+00 4.303727000000000247e-02 -1.965857999999999842e-02 0.000000000000000000e+00 3.168226999999999849e-02 0.000000000000000000e+00 3.686588999999999838e-02 1.135500000000000398e-02
1.090138000000000051e+00 4.319085000000000285e-02 -1.970705000000000026e-02 0.000000000000000000e+00 3.166084000000000259e-02 0.000000000000000000e+00 3.675434999999999813e-02 1.153001000000000026e-02
1.096327000000000051e+00 4.334222000000000075e-02 -1.975435000000000038e-02 0.000000000000000000e+00 3.163420000000000121e-02 0.000000000000000000e+00 3.664094999999999852e-02 1.170801999999999954e-02
1.102516000000000052e+00 4.349381000000000080e-02 -1.980165999999999871e-02 0.000000000000000000e+00 3.160857999999999723e-02 0.000000000000000000e+00 3.652836000000000277e-02 1.188523000000000357e-02
1.108705000000000052e+00 4.361962999999999951e-02 -1.983976999999999963e-02 0.000000000000000000e+00 3.158841999999999900e-02 0.000000000000000000e+00 3.642042999999999670e-02 1.203121000000000052e-02
1.114892999999999912e+00 4.374216999999999689e-02 -1.987453999999999957e-02 0.000000000000000000e+00 3.156418999999999891e-02 0.000000000000000000e+00 3.631055999999999867e-02 1.217797999999999797e-02
1.121081999999999912e+00 4.386211000000000276e-02 -1.990569999999999840e-02 0.000000000000000000e+00 3.153558000000000056e-02 0.000000000000000000e+00 3.619863999999999721e-02 1.232653000000000221e-02
1.127270999999999912e+00 4.398378000000000010e-02 -1.992918999999999941e-02 0.000000000000000000e+00 3.149579000000000267e-02 0.000000000000000000e+00 3.608577999999999786e-02 1.248798999999999743e-02
1.133459999999999912e+00 4.410623000000000321e-02 -1.995328999999999853e-02 0.000000000000000000e+00 3.145677999999999669e-02 0.000000000000000000e+00 3.597354999999999997e-02 1.264945000000000652e-02
1.139647999999999994e+00 4.422473999999999850e-02 -1.997449000000000099e-02 0.000000000000000000e+00 3.141477000000000158e-02 0.000000000000000000e+00 3.585928000000000032e-02 1.280996999999999691e-02
1.145836999999999994e+00 4.432727999999999668e-02 -1.998795999999999906e-02 0.000000000000000000e+00 3.137374999999999886e-02 0.000000000000000000e+00 3.575404000000000082e-02 1.295352999999999782e-02
1.152025999999999994e+00 4.442749000000000004e-02 -2.000040000000000151e-02 0.000000000000000000e+00 3.133136000000000254e-02 0.000000000000000000e+00 3.564828999999999914e-02 1.309612999999999750e-02
1.158214999999999995e+00 4.452775999999999956e-02 -2.001286000000000037e-02 0.000000000000000000e+00 3.128902000000000072e-02 0.000000000000000000e+00 3.554254999999999914e-02 1.323873999999999884e-02
1.164403000000000077e+00 4.462373000000000034e-02 -2.002119000000000121e-02 0.000000000000000000e+00 3.123567000000000010e-02 0.000000000000000000e+00 3.544516999999999807e-02 1.338806000000000024e-02
1.170592000000000077e+00 4.471670999999999979e-02 -2.002707999999999919e-02 0.000000000000000000e+00 3.117837000000000039e-02 0.000000000000000000e+00 3.534886999999999752e-02 1.353833999999999940e-02
1.176781000000000077e+00 4.480968999999999924e-02 -2.003297000000000064e-02 0.000000000000000000e+00 3.112107999999999888e-02 0.000000000000000000e+00 3.525256999999999696e-02 1.368861000000000036e-02
1.182970000000000077e+00 4.489310999999999996e-02 -2.003448999999999855e-02 0.000000000000000000e+00 3.106518999999999947e-02 0.000000000000000000e+00 3.516089000000000020e-02 1.382792000000000049e-02
1.189157999999999937e+00 4.497148000000000118e-02 -2.003430000000000141e-02 0.000000000000000000e+00 3.101082000000000144e-02 0.000000000000000000e+00 3.507079999999999920e-02 1.396065999999999974e-02
1.195346999999999937e+00 4.504969000000000334e-02 -2.003392000000000020e-02 0.000000000000000000e+00 3.095615000000000172e-02 0.000000000000000000e+00 3.498053000000000273e-02 1.409354000000000162e-02
1.201535999999999937e+00 4.512294000000000027e-02 -2.002928000000000000e-02 0.000000000000000000e+00 3.089433999999999930e-02 0.000000000000000000e+00 3.488770000000000066e-02 1.422860000000000097e-02
1.207724999999999937e+00 4.519191999999999654e-02 -2.002218000000000053e-02 0.000000000000000000e+00 3.082756999999999858e-02 0.000000000000000000e+00 3.479507999999999907e-02 1.436434999999999795e-02
1.213913000000000020e+00 4.526105999999999879e-02 -2.001514000000000071e-02 0.000000000000000000e+00 3.076094000000000050e-02 0.000000000000000000e+00 3.470253000000000226e-02 1.450011999999999829e-02
1.220102000000000020e+00 4.532753999999999950e-02 -2.000686999999999952e-02 0.000000000000000000e+00 3.069196000000000077e-02 0.000000000000000000e+00 3.460881999999999847e-02 1.463557999999999873e-02
1.226291000000000020e+00 4.537697999999999732e-02 -1.999356999999999870e-02 0.000000000000000000e+00 3.061965000000000173e-02 0.000000000000000000e+00 3.451673000000000241e-02 1.475732999999999559e-02
1.232480000000000020e+00 4.542088999999999849e-02 -1.997884000000000118e-02 0.000000000000000000e+00 3.054377999999999954e-02 0.000000000000000000e+00 3.442413999999999891e-02 1.487710999999999895e-02
1.238668000000000102e+00 4.546407999999999699e-02 -1.996393000000000126e-02 0.000000000000000000e+00 3.046741999999999853e-02 0.000000000000000000e+00 3.433147000000000282e-02 1.499665999999999846e-02
1.244857000000000102e+00 4.550362000000000157e-02 -1.994734000000000090e-02 0.000000000000000000e+00 3.038864000000000148e-02 0.000000000000000000e+00 3.423550999999999678e-02 1.511498000000000008e-02
1.251046000000000102e+00 4.553221999999999825e-02 -1.992688999999999919e-02 0.000000000000000000e+00 3.030145000000000061e-02 0.000000000000000000e+00 3.413385000000000030e-02 1.523076999999999764e-02
1.257235000000000102e+00 4.555880999999999820e-02 -1.990298999999999888e-02 0.000000000000000000e+00 3.020781000000000160e-02 0.000000000000000000e+00 3.403079999999999994e-02 1.535099999999999659e-02
1.263422999999999963e+00 4.558330000000000021e-02 -1.987828999999999985e-02 0.000000000000000000e+00 3.011256000000000002e-02 0.000000000000000000e+00 3.392590000000000189e-02 1.547074000000000019e-02
1.269611999999999963e+00 4.558871999999999924e-02 -1.984638000000000027e-02 0.000000000000000000e+00 3.001283000000000076e-02 0.000000000000000000e+00 3.380724000000000229e-02 1.557588999999999849e-02
1.275800999999999963e+00 4.559442999999999829e-02 -1.981522999999999965e-02 0.000000000000000000e+00 2.991492000000000109e-02 0.000000000000000000e+00 3.368916000000000271e-02 1.567950999999999720e-02
1.281989999999999963e+00 4.559784000000000059e-02 -1.978241999999999848e-02 0.000000000000000000e+00 2.981454999999999869e-02 0.000000000000000000e+00 3.356904000000000138e-02 1.578329000000000190e-02
1.288178000000000045e+00 4.559794999999999821e-02 -1.974688000000000138e-02 0.000000000000000000e+00 2.971116000000000035e-02 0.000000000000000000e+00 3.344645999999999730e-02 1.588678999999999786e-02
1.294367000000000045e+00 4.559233000000000036e-02 -1.970612999999999879e-02 0.000000000000000000e+00 2.960333999999999882e-02 0.000000000000000000e+00 3.332024000000000097e-02 1.598899000000000153e-02
1.300556000000000045e+00 4.558493999999999741e-02 -1.966307000000000124e-02 0.000000000000000000e+00 2.949256000000000100e-02 0.000000000000000000e+00 3.319314000000000292e-02 1.609237999999999641e-02
1.306745000000000045e+00 4.557771000000000045e-02 -1.962022000000000072e-02 0.000000000000000000e+00 2.938204999999999983e-02 0.000000000000000000e+00 3.306612999999999913e-02 1.619566000000000061e-02
1.312932999999999906e+00 4.556684999999999902e-02 -1.957365999999999967e-02 0.000000000000000000e+00 2.926876999999999951e-02 0.000000000000000000e+00 3.293937999999999727e-02 1.629807999999999951e-02
1.319121999999999906e+00 4.554978999999999972e-02 -1.952040999999999846e-02 0.000000000000000000e+00 2.914941999999999880e-02 0.000000000000000000e+00 3.281171000000000088e-02 1.640037000000000092e-02
1.325310999999999906e+00 4.553240000000000065e-02 -1.946741999999999917e-02 0.000000000000000000e+00 2.903089999999999837e-02 0.000000000000000000e+00 3.268390000000000184e-02 1.650150000000000228e-02
1.331499999999999906e+00 4.551419999999999771e-02 -1.941475000000000145e-02 0.000000000000000000e+00 2.891356999999999955e-02 0.000000000000000000e+00 3.255592999999999682e-02 1.660062999999999817e-02
1.337688999999999906e+00 4.548220000000000041e-02 -1.935713000000000017e-02 0.000000000000000000e+00 2.879150000000000112e-02 0.000000000000000000e+00 3.243043000000000314e-02 1.669069999999999929e-02
1.343876999999999988e+00 4.544763999999999748e-02 -1.929888000000000089e-02 0.000000000000000000e+00 2.866913999999999921e-02 0.000000000000000000e+00 3.230562000000000017e-02 1.677849999999999828e-02
1.350065999999999988e+00 4.541260999999999909e-02 -1.924046999999999910e-02 0.000000000000000000e+00 2.854662999999999992e-02 0.000000000000000000e+00 3.218087000000000031e-02 1.686597999999999917e-02
1.356254999999999988e+00 4.537299999999999667e-02 -1.918047999999999975e-02 0.000000000000000000e+00 2.842246999999999829e-02 0.000000000000000000e+00 3.205680000000000335e-02 1.695052999999999838e-02
1.362443999999999988e+00 4.531937999999999939e-02 -1.911480999999999944e-02 0.000000000000000000e+00 2.829678000000000054e-02 0.000000000000000000e+00 3.193276999999999921e-02 1.702259999999999884e-02
1.368632000000000071e+00 4.526104000000000238e-02 -1.904704000000000119e-02 0.000000000000000000e+00 2.817031000000000049e-02 0.000000000000000000e+00 3.180832000000000104e-02 1.709073000000000189e-02
1.374821000000000071e+00 4.520028999999999714e-02 -1.897762000000000060e-02 0.000000000000000000e+00 2.804264999999999883e-02 0.000000000000000000e+00 3.168230999999999825e-02 1.715763999999999831e-02
1.381010000000000071e+00 4.514094999999999913e-02 -1.890916999999999945e-02 0.000000000000000000e+00 2.791568999999999995e-02 0.000000000000000000e+00 3.155721999999999694e-02 1.722525999999999918e-02
1.387199000000000071e+00 4.507660000000000139e-02 -1.883786999999999962e-02 0.000000000000000000e+00 2.778898999999999953e-02 0.000000000000000000e+00 3.142752000000000046e-02 1.728761000000000186e-02
1.393386999999999931e+00 4.500991000000000020e-02 -1.876432999999999920e-02 0.000000000000000000e+00 2.766073000000000143e-02 0.000000000000000000e+00 3.129545000000000243e-02 1.734917999999999877e-02
1.399575999999999931e+00 4.494154999999999678e-02 -1.868888000000000146e-02 0.000000000000000000e+00 2.753072000000000158e-02 0.000000000000000000e+00 3.116299000000000152e-02 1.741082999999999520e-02
1.405764999999999931e+00 4.487142000000000214e-02 -1.861182000000000114e-02 0.000000000000000000e+00 2.739917000000000047e-02 0.000000000000000000e+00 3.103001000000000023e-02 1.747225000000000167e-02
1.411953999999999931e+00 4.478564000000000156e-02 -1.852726999999999846e-02 0.000000000000000000e+00 2.726510000000000045e-02 0.000000000000000000e+00 3.089099000000000012e-02 1.752054000000000111e-02
1.418142000000000014e+00 4.469787000000000066e-02 -1.844134000000000051e-02 0.000000000000000000e+00 2.713143999999999972e-02 0.000000000000000000e+00 3.075148000000000117e-02 1.756643000000000093e-02
1.424331000000000014e+00 4.460961000000000093e-02 -1.835528999999999980e-02 0.000000000000000000e+00 2.699760999999999828e-02 0.000000000000000000e+00 3.061171000000000031e-02 1.761200000000000265e-02
1.430520000000000014e+00 4.451738999999999696e-02 -1.826826999999999965e-02 0.000000000000000000e+00 2.686227999999999880e-02 0.000000000000000000e+00 3.046984999999999971e-02 1.765510999999999817e-02
1.436709000000000014e+00 4.442056999999999950e-02 -1.818217999999999918e-02 0.000000000000000000e+00 2.672580000000000094e-02 0.000000000000000000e+00 3.032357999999999928e-02 1.769476999999999856e-02
1.442897000000000096e+00 4.432102999999999737e-02 -1.809637999999999872e-02 0.000000000000000000e+00 2.658852999999999911e-02 0.000000000000000000e+00 3.017500000000000043e-02 1.773249999999999826e-02
1.449086000000000096e+00 4.421793999999999725e-02 -1.800956000000000085e-02 0.000000000000000000e+00 2.644956999999999864e-02 0.000000000000000000e+00 3.002507000000000092e-02 1.776836999999999861e-02
1.455275000000000096e+00 4.411584999999999812e-02 -1.792302999999999952e-02 0.000000000000000000e+00 2.631108999999999878e-02 0.000000000000000000e+00 2.987551999999999916e-02 1.780475999999999934e-02
1.461464000000000096e+00 4.400238000000000066e-02 -1.783134999999999928e-02 0.000000000000000000e+00 2.617067000000000004e-02 0.000000000000000000e+00 2.972856000000000110e-02 1.783171000000000062e-02
1.467651999999999957e+00 4.387484999999999996e-02 -1.773359000000000046e-02 0.000000000000000000e+00 2.602596000000000076e-02 0.000000000000000000e+00 2.958355000000000012e-02 1.784888999999999920e-02
1.473840999999999957e+00 4.374847999999999931e-02 -1.763688000000000061e-02 0.000000000000000000e+00 2.588164999999999910e-02 0.000000000000000000e+00 2.943832999999999867e-02 1.786683000000000021e-02
1.480029999999999957e+00 4.362255999999999773e-02 -1.754058999999999827e-02 0.000000000000000000e+00 2.573748999999999829e-02 0.000000000000000000e+00 2.929301999999999948e-02 1.788506999999999944e-02
1.486218999999999957e+00 4.349250000000000338e-02 -1.744512000000000146e-02 0.000000000000000000e+00 2.559043000000000082e-02 0.000000000000000000e+00 2.914865999999999985e-02 1.790207000000000256e-02
1.492407000000000039e+00 4.336009999999999864e-02 -1.735275000000000012e-02 0.000000000000000000e+00 2.544331999999999844e-02 0.000000000000000000e+00 2.900493999999999989e-02 1.791678000000000021e-02
1.498596000000000039e+00 4.322862999999999706e-02 -1.726041000000000034e-02 0.000000000000000000e+00 2.529746000000000078e-02 0.000000000000000000e+00 2.886164000000000091e-02 1.793116999999999628e-02
1.504785000000000039e+00 4.309554000000000162e-02 -1.716801000000000091e-02 0.000000000000000000e+00 2.514939999999999884e-02 0.000000000000000000e+00 2.871761000000000105e-02 1.794614000000000278e-02
1.510974000000000039e+00 4.295968000000000009e-02 -1.707443000000000155e-02 0.000000000000000000e+00 2.500066999999999914e-02 0.000000000000000000e+00 2.857345999999999844e-02 1.795901000000000095e-02
1.517161999999999900e+00 4.279907000000000156e-02 -1.696860999999999856e-02 0.000000000000000000e+00 2.485066999999999832e-02 0.000000000000000000e+00 2.843019000000000102e-02 1.794840000000000324e-02
1.523350999999999900e+00 4.263849000000000111e-02 -1.686255999999999866e-02 0.000000000000000000e+00 2.469920999999999922e-02 0.000000000000000000e+00 2.828512000000000040e-02 1.793928000000000189e-02
1.529539999999999900e+00 4.247793999999999875e-02 -1.675638999999999948e-02 0.000000000000000000e+00 2.454697999999999949e-02 0.000000000000000000e+00 2.813910999999999843e-02 1.793095999999999926e-02
1.535728999999999900e+00 4.231735999999999831e-02 -1.665029999999999982e-02 0.000000000000000000e+00 2.439519000000000062e-02 0.000000000000000000e+00 2.799366000000000007e-02 1.792216999999999769e-02
1.541917999999999900e+00 4.217032999999999893e-02 -1.655331999999999984e-02 0.000000000000000000e+00 2.424489000000000158e-02 0.000000000000000000e+00 2.783539000000000152e-02 1.792543999999999735e-02
1.548105999999999982e+00 4.202569999999999917e-02 -1.645664999999999975e-02 0.000000000000000000e+00 2.409346999999999878e-02 0.000000000000000000e+00 2.767160999999999926e-02 1.793223000000000039e-02
1.554294999999999982e+00 4.188051000000000273e-02 -1.635926999999999867e-02 0.000000000000000000e+00 2.394169000000000158e-02 0.000000000000000000e+00 2.750738999999999962e-02 1.793882000000000115e-02
1.560483999999999982e+00 4.173531999999999936e-02 -1.626168999999999878e-02 0.000000000000000000e+00 2.378977999999999995e-02 0.000000000000000000e+00 2.734226000000000018e-02 1.794553999999999941e-02
1.566672999999999982e+00 4.157189000000000023e-02 -1.615387000000000073e-02 0.000000000000000000e+00 2.363996000000000153e-02 0.000000000000000000e+00 2.717224000000000028e-02 1.793192999999999870e-02
1.572861000000000065e+00 4.138821000000000166e-02 -1.603519000000000125e-02 0.000000000000000000e+00 2.349282000000000106e-02 0.000000000000000000e+00 2.699903000000000025e-02 1.789539000000000060e-02
1.579050000000000065e+00 4.120498999999999690e-02 -1.591659000000000129e-02 0.000000000000000000e+00 2.334568999999999880e-02 0.000000000000000000e+00 2.682616999999999988e-02 1.785929999999999809e-02
1.585239000000000065e+00 4.102022999999999781e-02 -1.579774000000000109e-02 0.000000000000000000e+00 2.319854000000000013e-02 0.000000000000000000e+00 2.665212000000000137e-02 1.782168999999999767e-02
1.591428000000000065e+00 4.083790000000000336e-02 -1.568108000000000002e-02 0.000000000000000000e+00 2.305192000000000005e-02 0.000000000000000000e+00 2.647727000000000067e-02 1.778598000000000331e-02
1.597615999999999925e+00 4.067570000000000213e-02 -1.558266999999999985e-02 0.000000000000000000e+00 2.290976999999999944e-02 0.000000000000000000e+00 2.629584999999999909e-02 1.776593000000000269e-02
1.603804999999999925e+00 4.051201000000000108e-02 -1.548377000000000087e-02 0.000000000000000000e+00 2.276711999999999833e-02 0.000000000000000000e+00 2.611313999999999996e-02 1.774489000000000274e-02
1.609993999999999925e+00 4.034813000000000288e-02 -1.538480000000000056e-02 0.000000000000000000e+00 2.262441000000000105e-02 0.000000000000000000e+00 2.593026000000000011e-02 1.772372000000000183e-02
1.616182999999999925e+00 4.018424000000000301e-02 -1.528583000000000025e-02 0.000000000000000000e+00 2.248170000000000029e-02 0.000000000000000000e+00 2.574738999999999847e-02 1.770254000000000272e-02
1.622371000000000008e+00 3.999376000000000320e-02 -1.516638000000000014e-02 0.000000000000000000e+00 2.235248999999999917e-02 0.000000000000000000e+00 2.558393000000000125e-02 1.764127000000000403e-02
1.628560000000000008e+00 3.979258000000000101e-02 -1.503862000000000081e-02 0.000000000000000000e+00 2.222881000000000162e-02 0.000000000000000000e+00 2.542836000000000055e-02 1.756376999999999938e-02
1.634749000000000008e+00 3.959139999999999882e-02 -1.491084999999999980e-02 0.000000000000000000e+00 2.210513000000000061e-02 0.000000000000000000e+00 2.527280000000000151e-02 1.748626999999999820e-02
1.640938000000000008e+00 3.939034000000000285e-02 -1.478306000000000064e-02 0.000000000000000000e+00 2.198137000000000008e-02 0.000000000000000000e+00 2.511719000000000104e-02 1.740897000000000278e-02
1.647126000000000090e+00 3.919050999999999785e-02 -1.465501999999999951e-02 0.000000000000000000e+00 2.185669000000000153e-02 0.000000000000000000e+00 2.496115999999999960e-02 1.733381999999999631e-02
1.653315000000000090e+00 3.901879999999999932e-02 -1.455796000000000000e-02 0.000000000000000000e+00 2.171676999999999982e-02 0.000000000000000000e+00 2.477980000000000113e-02 1.730202999999999949e-02
1.659504000000000090e+00 3.884727999999999792e-02 -1.446109999999999930e-02 0.000000000000000000e+00 2.157676000000000038e-02 0.000000000000000000e+00 2.459826000000000026e-02 1.727051999999999754e-02
1.665693000000000090e+00 3.867551999999999796e-02 -1.436424000000000034e-02 0.000000000000000000e+00 2.143702999999999928e-02 0.000000000000000000e+00 2.441634999999999986e-02 1.723848999999999868e-02
1.671880999999999950e+00 3.850445999999999730e-02 -1.426737999999999965e-02 0.000000000000000000e+00 2.129645999999999970e-02 0.000000000000000000e+00 2.423559000000000130e-02 1.720799999999999760e-02
1.678069999999999951e+00 3.833199000000000328e-02 -1.416942000000000028e-02 0.000000000000000000e+00 2.115614000000000036e-02 0.000000000000000000e+00 2.405561999999999978e-02 1.717585000000000292e-02
1.684258999999999951e+00 3.811661999999999689e-02 -1.403761000000000071e-02 0.000000000000000000e+00 2.102369999999999933e-02 0.000000000000000000e+00 2.390012000000000039e-02 1.709291999999999756e-02
1.690447999999999951e+00 3.790098000000000078e-02 -1.390544999999999976e-02 0.000000000000000000e+00 2.089080999999999924e-02 0.000000000000000000e+00 2.374507000000000007e-02 1.701017000000000154e-02
1.696636000000000033e+00 3.768495000000000178e-02 -1.377283999999999974e-02 0.000000000000000000e+00 2.075729000000000116e-02 0.000000000000000000e+00 2.359067999999999929e-02 1.692766000000000062e-02
1.702825000000000033e+00 3.746897999999999895e-02 -1.364028999999999936e-02 0.000000000000000000e+00 2.062386000000000080e-02 0.000000000000000000e+00 2.343618000000000090e-02 1.684511999999999815e-02
1.709014000000000033e+00 3.725788000000000016e-02 -1.351272000000000063e-02 0.000000000000000000e+00 2.048898999999999859e-02 0.000000000000000000e+00 2.327635000000000121e-02 1.676889000000000157e-02
1.715203000000000033e+00 3.707114999999999716e-02 -1.341089999999999990e-02 0.000000000000000000e+00 2.034272999999999984e-02 0.000000000000000000e+00 2.308864999999999876e-02 1.672841999999999732e-02
1.721390999999999893e+00 3.688365999999999867e-02 -1.330915000000000049e-02 0.000000000000000000e+00 2.019624999999999893e-02 0.000000000000000000e+00 2.290019000000000082e-02 1.668740999999999974e-02
1.727579999999999893e+00 3.669577000000000255e-02 -1.320701999999999987e-02 0.000000000000000000e+00 2.004979999999999957e-02 0.000000000000000000e+00 2.271135999999999988e-02 1.664597000000000299e-02
1.733768999999999894e+00 3.650727000000000139e-02 -1.310427999999999940e-02 0.000000000000000000e+00 1.990338999999999997e-02 0.000000000000000000e+00 2.252196999999999880e-02 1.660388000000000142e-02
1.739957999999999894e+00 3.630126999999999660e-02 -1.299517000000000033e-02 0.000000000000000000e+00 1.975922000000000095e-02 0.000000000000000000e+00 2.233771999999999841e-02 1.654204999999999565e-02
1.746145999999999976e+00 3.606718999999999897e-02 -1.287334000000000048e-02 0.000000000000000000e+00 1.961966000000000057e-02 0.000000000000000000e+00 2.216554000000000094e-02 1.644752999999999840e-02
1.752334999999999976e+00 3.583373000000000114e-02 -1.275148000000000080e-02 0.000000000000000000e+00 1.948013999999999996e-02 0.000000000000000000e+00 2.199334000000000011e-02 1.635359000000000118e-02
1.758523999999999976e+00 3.560027000000000330e-02 -1.262961999999999939e-02 0.000000000000000000e+00 1.934063000000000102e-02 0.000000000000000000e+00 2.182113999999999929e-02 1.625964000000000229e-02
1.764712999999999976e+00 3.536373000000000294e-02 -1.250788000000000073e-02 0.000000000000000000e+00 1.920088000000000003e-02 0.000000000000000000e+00 2.164904000000000134e-02 1.616285000000000291e-02
1.770901999999999976e+00 3.513020000000000032e-02 -1.239655999999999918e-02 0.000000000000000000e+00 1.905922000000000172e-02 0.000000000000000000e+00 2.146924999999999875e-02 1.607097999999999860e-02
1.777090000000000058e+00 3.489860999999999658e-02 -1.229162999999999957e-02 0.000000000000000000e+00 1.891639000000000168e-02 0.000000000000000000e+00 2.128473999999999991e-02 1.598221999999999490e-02
1.783279000000000059e+00 3.466704000000000313e-02 -1.218669000000000002e-02 0.000000000000000000e+00 1.877366000000000104e-02 0.000000000000000000e+00 2.110011999999999999e-02 1.589338000000000209e-02
1.789468000000000059e+00 3.443540999999999963e-02 -1.208178000000000030e-02 0.000000000000000000e+00 1.863056999999999908e-02 0.000000000000000000e+00 2.091590999999999936e-02 1.580484000000000055e-02
1.795657000000000059e+00 3.420378999999999781e-02 -1.197687000000000057e-02 0.000000000000000000e+00 1.848746999999999890e-02 0.000000000000000000e+00 2.073171999999999862e-02 1.571631999999999890e-02
1.801844999999999919e+00 3.394925000000000026e-02 -1.185980000000000020e-02 0.000000000000000000e+00 1.835205000000000169e-02 0.000000000000000000e+00 2.056091999999999989e-02 1.559719999999999857e-02
1.808033999999999919e+00 3.369483999999999674e-02 -1.174217999999999963e-02 0.000000000000000000e+00 1.821669000000000066e-02 0.000000000000000000e+00 2.039149999999999990e-02 1.547814999999999608e-02
1.814222999999999919e+00 3.344193000000000165e-02 -1.162442999999999983e-02 0.000000000000000000e+00 1.808096999999999829e-02 0.000000000000000000e+00 2.022331000000000129e-02 1.536096000000000336e-02
1.820411999999999919e+00 3.318824000000000080e-02 -1.150673999999999968e-02 0.000000000000000000e+00 1.794542999999999833e-02 0.000000000000000000e+00 2.005449000000000120e-02 1.524281000000000247e-02
1.826600000000000001e+00 3.293849000000000082e-02 -1.139281999999999968e-02 0.000000000000000000e+00 1.781007000000000076e-02 0.000000000000000000e+00 1.988474999999999965e-02 1.512842000000000006e-02
1.832789000000000001e+00 3.269927000000000250e-02 -1.128583000000000017e-02 0.000000000000000000e+00 1.767449999999999924e-02 0.000000000000000000e+00 1.971542000000000086e-02 1.502477000000000326e-02
1.838978000000000002e+00 3.246127000000000040e-02 -1.117916000000000049e-02 0.000000000000000000e+00 1.753885999999999987e-02 0.000000000000000000e+00 1.954646999999999982e-02 1.492241000000000054e-02
1.845167000000000002e+00 3.222326999999999830e-02 -1.107250000000000074e-02 0.000000000000000000e+00 1.740322000000000049e-02 0.000000000000000000e+00 1.937751000000000057e-02 1.482004999999999781e-02
1.851355000000000084e+00 3.198572999999999694e-02 -1.096611999999999934e-02 0.000000000000000000e+00 1.726731000000000099e-02 0.000000000000000000e+00 1.920890000000000097e-02 1.471841999999999595e-02
1.857544000000000084e+00 3.173720000000000013e-02 -1.085601999999999921e-02 0.000000000000000000e+00 1.713622000000000062e-02 0.000000000000000000e+00 1.905358999999999872e-02 1.460097999999999951e-02
1.863733000000000084e+00 3.148639000000000299e-02 -1.074504000000000084e-02 0.000000000000000000e+00 1.700611999999999957e-02 0.000000000000000000e+00 1.890027000000000026e-02 1.448027000000000342e-02
1.869922000000000084e+00 3.123557000000000070e-02 -1.063405000000000079e-02 0.000000000000000000e+00 1.687601999999999852e-02 0.000000000000000000e+00 1.874696000000000001e-02 1.435955000000000217e-02
1.876109999999999944e+00 3.098452000000000151e-02 -1.052313000000000033e-02 0.000000000000000000e+00 1.674588999999999939e-02 0.000000000000000000e+00 1.859407999999999894e-02 1.423863000000000212e-02
1.882298999999999944e+00 3.073232000000000047e-02 -1.041411000000000073e-02 0.000000000000000000e+00 1.661583000000000157e-02 0.000000000000000000e+00 1.844517000000000032e-02 1.411648999999999890e-02
1.888487999999999944e+00 3.047934000000000060e-02 -1.030790000000000005e-02 0.000000000000000000e+00 1.648602999999999874e-02 0.000000000000000000e+00 1.830062000000000008e-02 1.399331000000000186e-02
1.894676999999999945e+00 3.022615000000000024e-02 -1.020169999999999931e-02 0.000000000000000000e+00 1.635634999999999867e-02 0.000000000000000000e+00 1.815612999999999949e-02 1.386980000000000157e-02
1.900865000000000027e+00 2.997315999999999869e-02 -1.009549000000000037e-02 0.000000000000000000e+00 1.622654999999999931e-02 0.000000000000000000e+00 1.801159000000000093e-02 1.374660999999999939e-02
1.907054000000000027e+00 2.972032000000000146e-02 -9.989295000000000466e-03 0.000000000000000000e+00 1.609665999999999875e-02 0.000000000000000000e+00 1.786700999999999914e-02 1.362366000000000271e-02
1.913243000000000027e+00 2.945860000000000145e-02 -9.880699999999999206e-03 0.000000000000000000e+00 1.597432000000000019e-02 0.000000000000000000e+00 1.771767000000000133e-02 1.348428000000000127e-02
1.919432000000000027e+00 2.919669000000000084e-02 -9.772052999999999295e-03 0.000000000000000000e+00 1.585214000000000067e-02 0.000000000000000000e+00 1.756823000000000065e-02 1.334455000000000016e-02
1.925620000000000109e+00 2.893530000000000060e-02 -9.663187999999999639e-03 0.000000000000000000e+00 1.572996000000000116e-02 0.000000000000000000e+00 1.741803999999999922e-02 1.320533999999999944e-02
1.931809000000000109e+00 2.867371999999999976e-02 -9.554404000000000716e-03 0.000000000000000000e+00 1.560777999999999992e-02 0.000000000000000000e+00 1.726812999999999959e-02 1.306593999999999985e-02
1.937998000000000109e+00 2.841681000000000068e-02 -9.446289000000000075e-03 0.000000000000000000e+00 1.548753999999999929e-02 0.000000000000000000e+00 1.711352000000000012e-02 1.292927000000000139e-02
1.944187000000000110e+00 2.816286000000000136e-02 -9.338525000000000298e-03 0.000000000000000000e+00 1.536856999999999980e-02 0.000000000000000000e+00 1.695612000000000161e-02 1.279429000000000156e-02
1.950374999999999970e+00 2.790950000000000028e-02 -9.230669000000000374e-03 0.000000000000000000e+00 1.524995999999999990e-02 0.000000000000000000e+00 1.679854000000000069e-02 1.265954000000000038e-02
1.956563999999999970e+00 2.765596999999999847e-02 -9.122839000000000642e-03 0.000000000000000000e+00 1.513125000000000060e-02 0.000000000000000000e+00 1.664101000000000122e-02 1.252471999999999787e-02
1.962752999999999970e+00 2.740141999999999925e-02 -9.014888999999999888e-03 0.000000000000000000e+00 1.501376999999999920e-02 0.000000000000000000e+00 1.648472999999999952e-02 1.238765000000000005e-02
1.968941999999999970e+00 2.714572999999999986e-02 -8.906654999999999434e-03 0.000000000000000000e+00 1.489943999999999991e-02 0.000000000000000000e+00 1.633186999999999833e-02 1.224628999999999995e-02
1.975130000000000052e+00 2.689004000000000047e-02 -8.798452999999999483e-03 0.000000000000000000e+00 1.478522999999999990e-02 0.000000000000000000e+00 1.617955000000000088e-02 1.210481000000000057e-02
1.981319000000000052e+00 2.663435000000000108e-02 -8.690250999999999532e-03 0.000000000000000000e+00 1.467101999999999989e-02 0.000000000000000000e+00 1.602721999999999827e-02 1.196333000000000119e-02
1.987508000000000052e+00 2.637926000000000160e-02 -8.582604000000000621e-03 0.000000000000000000e+00 1.455710999999999984e-02 0.000000000000000000e+00 1.587531999999999832e-02 1.182215000000000175e-02
1.993697000000000052e+00 2.612886999999999849e-02 -8.479639000000000620e-03 0.000000000000000000e+00 1.444563999999999918e-02 0.000000000000000000e+00 1.572723999999999997e-02 1.168322999999999931e-02
1.999886000000000053e+00 2.587847999999999885e-02 -8.376674000000000619e-03 0.000000000000000000e+00 1.433418000000000019e-02 0.000000000000000000e+00 1.557914999999999994e-02 1.154429999999999866e-02
2.006073999999999913e+00 2.562808999999999920e-02 -8.273709000000000618e-03 0.000000000000000000e+00 1.422270999999999952e-02 0.000000000000000000e+00 1.543106999999999986e-02 1.140537999999999969e-02
2.012262999999999913e+00 2.537845999999999852e-02 -8.171144999999999450e-03 0.000000000000000000e+00 1.411139999999999964e-02 0.000000000000000000e+00 1.528295999999999995e-02 1.126705999999999888e-02
2.018451999999999913e+00 2.513603999999999838e-02 -8.071164999999999937e-03 0.000000000000000000e+00 1.400264000000000023e-02 0.000000000000000000e+00 1.513598000000000027e-02 1.113339999999999816e-02
2.024640999999999913e+00 2.489345999999999920e-02 -7.971051999999999305e-03 0.000000000000000000e+00 1.389408999999999957e-02 0.000000000000000000e+00 1.498918999999999946e-02 1.099936999999999963e-02
2.030829000000000217e+00 2.465089000000000169e-02 -7.870939999999999881e-03 0.000000000000000000e+00 1.378553000000000070e-02 0.000000000000000000e+00 1.484240000000000038e-02 1.086536000000000099e-02
2.037018000000000217e+00 2.440946999999999908e-02 -7.771334000000000401e-03 0.000000000000000000e+00 1.367702999999999974e-02 0.000000000000000000e+00 1.469548000000000035e-02 1.073243999999999934e-02
2.043207000000000217e+00 2.417037000000000005e-02 -7.673018999999999673e-03 0.000000000000000000e+00 1.356947000000000014e-02 0.000000000000000000e+00 1.454983999999999965e-02 1.060089999999999991e-02
2.049396000000000218e+00 2.393185999999999924e-02 -7.575069999999999720e-03 0.000000000000000000e+00 1.346223000000000038e-02 0.000000000000000000e+00 1.440449000000000070e-02 1.046962999999999887e-02
2.055584000000000078e+00 2.369314000000000142e-02 -7.477069999999999723e-03 0.000000000000000000e+00 1.335503000000000037e-02 0.000000000000000000e+00 1.425891999999999958e-02 1.033811000000000105e-02
2.061773000000000078e+00 2.345502000000000004e-02 -7.379209999999999763e-03 0.000000000000000000e+00 1.324769999999999941e-02 0.000000000000000000e+00 1.411396000000000005e-02 1.020732000000000063e-02
2.067962000000000078e+00 2.322124000000000063e-02 -7.283828000000000004e-03 0.000000000000000000e+00 1.314052999999999922e-02 0.000000000000000000e+00 1.397200999999999999e-02 1.008071000000000141e-02
2.074151000000000078e+00 2.298955999999999916e-02 -7.189649000000000213e-03 0.000000000000000000e+00 1.303344000000000030e-02 0.000000000000000000e+00 1.383152999999999987e-02 9.956119999999998860e-03
2.080338999999999938e+00 2.275931999999999955e-02 -7.095289999999999757e-03 0.000000000000000000e+00 1.292629999999999994e-02 0.000000000000000000e+00 1.369257999999999934e-02 9.833019999999999608e-03
2.086527999999999938e+00 2.252817999999999835e-02 -7.001043999999999670e-03 0.000000000000000000e+00 1.281918999999999940e-02 0.000000000000000000e+00 1.355267999999999924e-02 9.708989999999998941e-03
2.092716999999999938e+00 2.230692000000000091e-02 -6.908398999999999963e-03 0.000000000000000000e+00 1.271121000000000056e-02 0.000000000000000000e+00 1.341976999999999927e-02 9.595710000000000350e-03
2.098905999999999938e+00 2.209277000000000116e-02 -6.816680000000000308e-03 0.000000000000000000e+00 1.260268999999999973e-02 0.000000000000000000e+00 1.329208999999999946e-02 9.490080000000001431e-03
2.105093999999999799e+00 2.188015999999999919e-02 -6.724912999999999898e-03 0.000000000000000000e+00 1.249413000000000086e-02 0.000000000000000000e+00 1.316573000000000049e-02 9.386029999999998333e-03
2.111282999999999799e+00 2.166649000000000005e-02 -6.633179999999999805e-03 0.000000000000000000e+00 1.238560000000000008e-02 0.000000000000000000e+00 1.303846999999999992e-02 9.280889999999999973e-03
2.117471999999999799e+00 2.146164999999999878e-02 -6.541807000000000177e-03 0.000000000000000000e+00 1.227809000000000018e-02 0.000000000000000000e+00 1.291694000000000002e-02 9.183559999999998599e-03
2.123660999999999799e+00 2.126451000000000036e-02 -6.450878000000000168e-03 0.000000000000000000e+00 1.217125999999999972e-02 0.000000000000000000e+00 1.280047999999999950e-02 9.093250000000000638e-03
2.129849000000000103e+00 2.106745999999999966e-02 -6.359959000000000098e-03 0.000000000000000000e+00 1.206443999999999919e-02 0.000000000000000000e+00 1.268407000000000041e-02 9.003020000000000467e-03
2.136038000000000103e+00 2.087040000000000076e-02 -6.269040000000000029e-03 0.000000000000000000e+00 1.195761000000000046e-02 0.000000000000000000e+00 1.256765999999999960e-02 8.912790000000000296e-03
2.142227000000000103e+00 2.067690999999999973e-02 -6.178806999999999702e-03 0.000000000000000000e+00 1.185203999999999945e-02 0.000000000000000000e+00 1.245521999999999949e-02 8.824870000000000284e-03
2.148416000000000103e+00 2.048563000000000120e-02 -6.088846999999999662e-03 0.000000000000000000e+00 1.174713999999999967e-02 0.000000000000000000e+00 1.234537999999999955e-02 8.738490000000001534e-03
2.154603999999999964e+00 2.029378000000000085e-02 -5.998576000000000255e-03 0.000000000000000000e+00 1.164214000000000047e-02 0.000000000000000000e+00 1.223573000000000022e-02 8.651640000000000372e-03
2.160792999999999964e+00 2.010202999999999990e-02 -5.908318000000000077e-03 0.000000000000000000e+00 1.153716999999999937e-02 0.000000000000000000e+00 1.212611000000000071e-02 8.564860000000000528e-03
2.166981999999999964e+00 1.991344000000000100e-02 -5.819396999999999591e-03 0.000000000000000000e+00 1.143536000000000032e-02 0.000000000000000000e+00 1.202260999999999955e-02 8.478080000000000685e-03
2.173170999999999964e+00 1.972478000000000078e-02 -5.730797000000000148e-03 0.000000000000000000e+00 1.133443999999999945e-02 0.000000000000000000e+00 1.192096999999999948e-02 8.390340000000001339e-03
2.179358999999999824e+00 1.953610999999999889e-02 -5.642198000000000178e-03 0.000000000000000000e+00 1.123352000000000031e-02 0.000000000000000000e+00 1.181932999999999942e-02 8.302589999999998582e-03
2.185547999999999824e+00 1.934840000000000171e-02 -5.553716000000000208e-03 0.000000000000000000e+00 1.113278000000000011e-02 0.000000000000000000e+00 1.171793999999999961e-02 8.215620000000001602e-03
2.191736999999999824e+00 1.916769999999999932e-02 -5.466572000000000271e-03 0.000000000000000000e+00 1.103415999999999945e-02 0.000000000000000000e+00 1.162294000000000001e-02 8.133539999999999867e-03
2.197925999999999824e+00 1.898694000000000076e-02 -5.379601999999999822e-03 0.000000000000000000e+00 1.093574999999999929e-02 0.000000000000000000e+00 1.152864999999999966e-02 8.051190000000001470e-03
2.204114000000000129e+00 1.880636999999999934e-02 -5.292639000000000024e-03 0.000000000000000000e+00 1.083736000000000074e-02 0.000000000000000000e+00 1.143443000000000064e-02 7.969009999999998595e-03
2.210303000000000129e+00 1.862729999999999941e-02 -5.205748999999999967e-03 0.000000000000000000e+00 1.073914999999999939e-02 0.000000000000000000e+00 1.134066000000000067e-02 7.888150000000000023e-03
2.216492000000000129e+00 1.846083999999999919e-02 -5.121195999999999734e-03 0.000000000000000000e+00 1.064295999999999992e-02 0.000000000000000000e+00 1.124900000000000032e-02 7.817879999999999274e-03
2.222681000000000129e+00 1.829385000000000039e-02 -5.036693000000000073e-03 0.000000000000000000e+00 1.054672000000000075e-02 0.000000000000000000e+00 1.115714999999999936e-02 7.747129999999999642e-03
2.228868999999999989e+00 1.812746999999999969e-02 -4.952133000000000056e-03 0.000000000000000000e+00 1.045053999999999948e-02 0.000000000000000000e+00 1.106552000000000056e-02 7.676930000000000212e-03
2.235057999999999989e+00 1.796284999999999896e-02 -4.867610999999999986e-03 0.000000000000000000e+00 1.035470999999999961e-02 0.000000000000000000e+00 1.097443000000000030e-02 7.608139999999999348e-03
2.241246999999999989e+00 1.780423999999999896e-02 -4.783337000000000352e-03 0.000000000000000000e+00 1.026024000000000033e-02 0.000000000000000000e+00 1.088508000000000010e-02 7.543999999999998624e-03
2.247435999999999989e+00 1.764587999999999920e-02 -4.699029000000000400e-03 0.000000000000000000e+00 1.016577999999999926e-02 0.000000000000000000e+00 1.079600000000000004e-02 7.480099999999999943e-03
2.253623999999999850e+00 1.748742000000000005e-02 -4.614733999999999677e-03 0.000000000000000000e+00 1.007131999999999993e-02 0.000000000000000000e+00 1.070682000000000057e-02 7.416100000000000123e-03
2.259812999999999850e+00 1.732971999999999985e-02 -4.530682999999999759e-03 0.000000000000000000e+00 9.977988999999999609e-03 0.000000000000000000e+00 1.062079999999999969e-02 7.351731000000000238e-03
2.266001999999999850e+00 1.717310999999999838e-02 -4.446948000000000047e-03 0.000000000000000000e+00 9.886142000000000540e-03 0.000000000000000000e+00 1.053905999999999940e-02 7.286967999999997836e-03
2.272190999999999850e+00 1.701739999999999850e-02 -4.363154000000000164e-03 0.000000000000000000e+00 9.794142999999999946e-03 0.000000000000000000e+00 1.045826000000000047e-02 7.223256999999998554e-03
2.278379999999999850e+00 1.686098999999999931e-02 -4.279406000000000355e-03 0.000000000000000000e+00 9.702261999999999692e-03 0.000000000000000000e+00 1.037673000000000068e-02 7.158727999999999619e-03
2.284568000000000154e+00 1.670653000000000069e-02 -4.195263999999999764e-03 0.000000000000000000e+00 9.612182999999999838e-03 0.000000000000000000e+00 1.030159999999999930e-02 7.094347000000000847e-03
2.290757000000000154e+00 1.655358999999999997e-02 -4.110952999999999656e-03 0.000000000000000000e+00 9.522776999999999631e-03 0.000000000000000000e+00 1.023000999999999945e-02 7.030813000000000340e-03
2.296946000000000154e+00 1.640085000000000154e-02 -4.026644000000000230e-03 0.000000000000000000e+00 9.433336999999999972e-03 0.000000000000000000e+00 1.015863000000000009e-02 6.967513000000001566e-03
2.303135000000000154e+00 1.624766000000000057e-02 -3.942331000000000307e-03 0.000000000000000000e+00 9.343976000000000365e-03 0.000000000000000000e+00 1.008675000000000023e-02 6.903684000000000209e-03
2.309323000000000015e+00 1.610052999999999832e-02 -3.861457999999999904e-03 0.000000000000000000e+00 9.256810000000000732e-03 0.000000000000000000e+00 1.002196999999999984e-02 6.843719999999997583e-03
2.315512000000000015e+00 1.595382999999999871e-02 -3.780593000000000061e-03 0.000000000000000000e+00 9.169681000000000706e-03 0.000000000000000000e+00 9.957745999999999958e-03 6.784148999999998000e-03
2.321701000000000015e+00 1.580714000000000077e-02 -3.699727999999999784e-03 0.000000000000000000e+00 9.082552000000000680e-03 0.000000000000000000e+00 9.893519999999999398e-03 6.724588000000000093e-03
2.327890000000000015e+00 1.566230999999999873e-02 -3.618988000000000066e-03 0.000000000000000000e+00 8.995947000000000665e-03 0.000000000000000000e+00 9.830791999999999656e-03 6.666362999999998068e-03
2.334077999999999875e+00 1.552242000000000031e-02 -3.538543999999999804e-03 0.000000000000000000e+00 8.910645000000000024e-03 0.000000000000000000e+00 9.772229000000000332e-03 6.611775000000000291e-03
2.340266999999999875e+00 1.538277000000000047e-02 -3.458213999999999819e-03 0.000000000000000000e+00 8.825374000000000413e-03 0.000000000000000000e+00 9.713655999999999333e-03 6.557396000000000058e-03
2.346455999999999875e+00 1.524363999999999927e-02 -3.378115000000000111e-03 0.000000000000000000e+00 8.740166000000000601e-03 0.000000000000000000e+00 9.655069000000000498e-03 6.503473999999998673e-03
2.352644999999999875e+00 1.511270999999999969e-02 -3.300118999999999796e-03 0.000000000000000000e+00 8.657665000000000152e-03 0.000000000000000000e+00 9.601217000000000432e-03 6.455044999999999533e-03
2.358833000000000180e+00 1.498446999999999973e-02 -3.222879000000000108e-03 0.000000000000000000e+00 8.576090999999999229e-03 0.000000000000000000e+00 9.548756999999999731e-03 6.408379000000000505e-03
2.365022000000000180e+00 1.485621999999999984e-02 -3.145639999999999895e-03 0.000000000000000000e+00 8.494517999999999514e-03 0.000000000000000000e+00 9.496298000000000239e-03 6.361702000000000329e-03
2.371211000000000180e+00 1.473000999999999998e-02 -3.068318000000000000e-03 0.000000000000000000e+00 8.413817999999999991e-03 0.000000000000000000e+00 9.445465000000000111e-03 6.316191999999999987e-03
2.377400000000000180e+00 1.461086999999999976e-02 -2.990388999999999981e-03 0.000000000000000000e+00 8.337053000000000519e-03 0.000000000000000000e+00 9.399935999999999361e-03 6.273816999999999242e-03
2.383589000000000180e+00 1.449137999999999989e-02 -2.912495000000000188e-03 0.000000000000000000e+00 8.260299000000000461e-03 0.000000000000000000e+00 9.354205000000000853e-03 6.231080999999999426e-03
2.389777000000000040e+00 1.437227999999999943e-02 -2.834563000000000013e-03 0.000000000000000000e+00 8.183532999999999780e-03 0.000000000000000000e+00 9.308695000000000511e-03 6.188746999999999651e-03
2.395966000000000040e+00 1.425976999999999974e-02 -2.757729999999999904e-03 0.000000000000000000e+00 8.108206999999999220e-03 0.000000000000000000e+00 9.264588000000000684e-03 6.151563000000000517e-03
2.402155000000000040e+00 1.415102000000000027e-02 -2.681892999999999864e-03 0.000000000000000000e+00 8.033976999999999438e-03 0.000000000000000000e+00 9.221029000000000378e-03 6.117043000000000827e-03
2.408344000000000040e+00 1.404203000000000048e-02 -2.606114999999999994e-03 0.000000000000000000e+00 7.959756999999999597e-03 0.000000000000000000e+00 9.177391000000000021e-03 6.082273000000000887e-03
2.414531999999999901e+00 1.393398000000000032e-02 -2.530101999999999785e-03 0.000000000000000000e+00 7.885496999999999992e-03 0.000000000000000000e+00 9.134061000000000610e-03 6.048483000000000331e-03
2.420720999999999901e+00 1.383254000000000081e-02 -2.452853999999999972e-03 0.000000000000000000e+00 7.814200999999999786e-03 0.000000000000000000e+00 9.095901999999999460e-03 6.018339000000001021e-03
2.426909999999999901e+00 1.373101000000000009e-02 -2.375805999999999838e-03 0.000000000000000000e+00 7.742998000000000068e-03 0.000000000000000000e+00 9.057651999999999370e-03 5.988012000000000022e-03
2.433098999999999901e+00 1.362975999999999945e-02 -2.298549999999999899e-03 0.000000000000000000e+00 7.671802000000000135e-03 0.000000000000000000e+00 9.019631999999999650e-03 5.957957999999999310e-03
2.439287000000000205e+00 1.353136999999999916e-02 -2.221602000000000039e-03 0.000000000000000000e+00 7.601487999999999995e-03 0.000000000000000000e+00 8.984168000000000709e-03 5.929881999999999168e-03
2.445476000000000205e+00 1.343804000000000005e-02 -2.145434999999999790e-03 0.000000000000000000e+00 7.532803999999999715e-03 0.000000000000000000e+00 8.953215999999999952e-03 5.905236000000000339e-03
2.451665000000000205e+00 1.334461999999999975e-02 -2.069323999999999990e-03 0.000000000000000000e+00 7.464102999999999710e-03 0.000000000000000000e+00 8.922193000000000138e-03 5.880517000000000036e-03
2.457854000000000205e+00 1.325144999999999969e-02 -1.993051000000000024e-03 0.000000000000000000e+00 7.395450999999999935e-03 0.000000000000000000e+00 8.891378999999999602e-03 5.855998999999999753e-03
2.464042000000000066e+00 1.316697000000000006e-02 -1.916851999999999922e-03 0.000000000000000000e+00 7.328460000000000182e-03 0.000000000000000000e+00 8.864758999999999833e-03 5.838509999999999880e-03
2.470231000000000066e+00 1.308577999999999998e-02 -1.840564999999999953e-03 0.000000000000000000e+00 7.262089999999999691e-03 0.000000000000000000e+00 8.839707999999999941e-03 5.823690000000000290e-03
2.476420000000000066e+00 1.300499999999999920e-02 -1.764093999999999905e-03 0.000000000000000000e+00 7.195784000000000208e-03 0.000000000000000000e+00 8.814828999999999720e-03 5.809215999999998992e-03
2.482609000000000066e+00 1.292627000000000012e-02 -1.687726999999999977e-03 0.000000000000000000e+00 7.129756999999999588e-03 0.000000000000000000e+00 8.790684999999999472e-03 5.796513000000000533e-03
2.488796999999999926e+00 1.286088999999999982e-02 -1.610953000000000038e-03 0.000000000000000000e+00 7.065583000000000280e-03 0.000000000000000000e+00 8.771446999999999924e-03 5.795306999999999542e-03
2.494985999999999926e+00 1.279747999999999997e-02 -1.533665000000000028e-03 0.000000000000000000e+00 7.001424000000000016e-03 0.000000000000000000e+00 8.752895999999999593e-03 5.796055999999999951e-03
2.501174999999999926e+00 1.273291000000000006e-02 -1.456681000000000035e-03 0.000000000000000000e+00 6.937256999999999625e-03 0.000000000000000000e+00 8.733941000000000274e-03 5.795653000000000436e-03
2.507363999999999926e+00 1.267774999999999978e-02 -1.378172999999999898e-03 0.000000000000000000e+00 6.874609999999999749e-03 0.000000000000000000e+00 8.718305000000000846e-03 5.803140000000000034e-03
2.513551999999999786e+00 1.263050999999999931e-02 -1.298267000000000084e-03 0.000000000000000000e+00 6.812966999999999634e-03 0.000000000000000000e+00 8.705292999999999365e-03 5.817542999999999673e-03
2.519740999999999786e+00 1.258403999999999946e-02 -1.218188999999999947e-03 0.000000000000000000e+00 6.751331999999999646e-03 0.000000000000000000e+00 8.692475999999999328e-03 5.832707999999999816e-03
2.525929999999999787e+00 1.253753999999999980e-02 -1.138286999999999979e-03 0.000000000000000000e+00 6.689973000000000100e-03 0.000000000000000000e+00 8.679766000000000217e-03 5.847566999999999696e-03
2.532118999999999787e+00 1.250517999999999942e-02 -1.056611999999999959e-03 0.000000000000000000e+00 6.631050000000000312e-03 0.000000000000000000e+00 8.671483000000000663e-03 5.874129999999999109e-03
2.538307000000000091e+00 1.247376000000000040e-02 -9.747351999999999709e-04 0.000000000000000000e+00 6.572236999999999871e-03 0.000000000000000000e+00 8.663416000000000172e-03 5.901523000000000532e-03
2.544496000000000091e+00 1.244215000000000078e-02 -8.929005000000000275e-04 0.000000000000000000e+00 6.513401999999999734e-03 0.000000000000000000e+00 8.655302999999999608e-03 5.928748000000001045e-03
2.550685000000000091e+00 1.241768000000000038e-02 -8.103487000000000363e-04 0.000000000000000000e+00 6.456856999999999874e-03 0.000000000000000000e+00 8.649732000000000254e-03 5.960823000000000510e-03
2.556874000000000091e+00 1.239782000000000037e-02 -7.271989999999999878e-04 0.000000000000000000e+00 6.401501000000000413e-03 0.000000000000000000e+00 8.645750000000000657e-03 5.996318999999999955e-03
2.563061999999999951e+00 1.237795000000000041e-02 -6.440493000000000476e-04 0.000000000000000000e+00 6.346145000000000085e-03 0.000000000000000000e+00 8.641767999999999325e-03 6.031805000000000326e-03
2.569250999999999951e+00 1.236153000000000078e-02 -5.608349999999999794e-04 0.000000000000000000e+00 6.291951999999999962e-03 0.000000000000000000e+00 8.639664000000000024e-03 6.069578000000000820e-03
2.575439999999999952e+00 1.235253000000000045e-02 -4.773609999999999854e-04 0.000000000000000000e+00 6.240083999999999909e-03 0.000000000000000000e+00 8.641611000000000431e-03 6.112446000000000546e-03
2.581628999999999952e+00 1.234323000000000017e-02 -3.937130000000000165e-04 0.000000000000000000e+00 6.188186000000000034e-03 0.000000000000000000e+00 8.643435999999999134e-03 6.155044000000000140e-03
2.587816999999999812e+00 1.233509999999999988e-02 -3.100340999999999731e-04 0.000000000000000000e+00 6.136616999999999593e-03 0.000000000000000000e+00 8.645918000000000700e-03 6.198483000000000291e-03
2.594005999999999812e+00 1.233701000000000068e-02 -2.264192999999999957e-04 0.000000000000000000e+00 6.088080000000000054e-03 0.000000000000000000e+00 8.653676000000000770e-03 6.248930000000000630e-03
2.600194999999999812e+00 1.233888999999999993e-02 -1.428058000000000008e-04 0.000000000000000000e+00 6.039539000000000019e-03 0.000000000000000000e+00 8.661411000000000804e-03 6.299350999999999909e-03
2.606383999999999812e+00 1.234095999999999978e-02 -5.918346999999999801e-05 0.000000000000000000e+00 5.991027999999999805e-03 0.000000000000000000e+00 8.669305000000000413e-03 6.349931999999999972e-03
2.612572000000000116e+00 1.235500999999999960e-02 2.445933000000000016e-05 0.000000000000000000e+00 5.945271000000000236e-03 0.000000000000000000e+00 8.682175000000000309e-03 6.409738999999999368e-03
2.618761000000000116e+00 1.236928999999999980e-02 1.080782000000000048e-04 0.000000000000000000e+00 5.899632000000000140e-03 0.000000000000000000e+00 8.695156000000000759e-03 6.469657999999999659e-03
2.624950000000000117e+00 1.238401000000000085e-02 1.917281000000000118e-04 0.000000000000000000e+00 5.854011999999999584e-03 0.000000000000000000e+00 8.708287000000000319e-03 6.529998000000001267e-03
2.631139000000000117e+00 1.241218000000000009e-02 2.759559000000000187e-04 0.000000000000000000e+00 5.810659999999999610e-03 0.000000000000000000e+00 8.725563999999999890e-03 6.601520000000000478e-03
2.637326999999999977e+00 1.244077000000000030e-02 3.601623999999999993e-04 0.000000000000000000e+00 5.767475999999999679e-03 0.000000000000000000e+00 8.743090999999999710e-03 6.673294000000000621e-03
2.643515999999999977e+00 1.247056000000000033e-02 4.444784000000000235e-04 0.000000000000000000e+00 5.724367999999999644e-03 0.000000000000000000e+00 8.760814999999999922e-03 6.746192000000000681e-03
2.649704999999999977e+00 1.251542999999999926e-02 5.297033999999999944e-04 0.000000000000000000e+00 5.683533000000000161e-03 0.000000000000000000e+00 8.782649000000000011e-03 6.831896999999999102e-03
2.655893999999999977e+00 1.255977999999999956e-02 6.148765000000000480e-04 0.000000000000000000e+00 5.642737999999999574e-03 0.000000000000000000e+00 8.804453999999999753e-03 6.917041999999999982e-03
2.662081999999999837e+00 1.260932000000000025e-02 7.002290999999999464e-04 0.000000000000000000e+00 5.602346000000000235e-03 0.000000000000000000e+00 8.827295000000000627e-03 7.006974000000000015e-03
2.668270999999999837e+00 1.267063000000000043e-02 7.858491999999999908e-04 0.000000000000000000e+00 5.563359000000000359e-03 0.000000000000000000e+00 8.852923000000000389e-03 7.107271000000000075e-03
2.674459999999999837e+00 1.273194000000000062e-02 8.714693999999999609e-04 0.000000000000000000e+00 5.524372999999999957e-03 0.000000000000000000e+00 8.878550000000000678e-03 7.207567000000000661e-03
2.680648999999999837e+00 1.280435000000000080e-02 9.566407999999999769e-04 0.000000000000000000e+00 5.485859000000000048e-03 0.000000000000000000e+00 8.905727999999999908e-03 7.318491000000000753e-03
2.686837000000000142e+00 1.288234000000000080e-02 1.041643999999999990e-03 0.000000000000000000e+00 5.447819999999999920e-03 0.000000000000000000e+00 8.933935000000000487e-03 7.434520000000000885e-03
2.693026000000000142e+00 1.296358000000000059e-02 1.126388999999999993e-03 0.000000000000000000e+00 5.409615000000000430e-03 0.000000000000000000e+00 8.962140000000000384e-03 7.553965000000000159e-03
2.699215000000000142e+00 1.306060000000000033e-02 1.210160999999999962e-03 0.000000000000000000e+00 5.371454000000000333e-03 0.000000000000000000e+00 8.991257000000000763e-03 7.689146000000000002e-03
2.705404000000000142e+00 1.315761000000000014e-02 1.293932999999999932e-03 0.000000000000000000e+00 5.333293000000000235e-03 0.000000000000000000e+00 9.020372999999999933e-03 7.824317000000000771e-03
2.711593000000000142e+00 1.326895999999999978e-02 1.376840999999999959e-03 0.000000000000000000e+00 5.294809000000000147e-03 0.000000000000000000e+00 9.049114999999999936e-03 7.974150999999998768e-03
2.717781000000000002e+00 1.338433999999999978e-02 1.459550999999999904e-03 0.000000000000000000e+00 5.256280000000000327e-03 0.000000000000000000e+00 9.077783000000000727e-03 8.128059999999999452e-03
2.723970000000000002e+00 1.350902000000000006e-02 1.541101000000000016e-03 0.000000000000000000e+00 5.217234999999999755e-03 0.000000000000000000e+00 9.105658000000000848e-03 8.291784999999999434e-03
2.730159000000000002e+00 1.364112999999999958e-02 1.621739000000000080e-03 0.000000000000000000e+00 5.177799000000000290e-03 0.000000000000000000e+00 9.132902000000000034e-03 8.463330999999999285e-03
2.736348000000000003e+00 1.378015999999999963e-02 1.701540000000000084e-03 0.000000000000000000e+00 5.137830999999999822e-03 0.000000000000000000e+00 9.158964999999999815e-03 8.642329000000000677e-03
2.742535999999999863e+00 1.392702999999999997e-02 1.780298000000000037e-03 0.000000000000000000e+00 5.097192000000000389e-03 0.000000000000000000e+00 9.183599000000000623e-03 8.829837999999999576e-03
2.748724999999999863e+00 1.408028000000000057e-02 1.857703999999999953e-03 0.000000000000000000e+00 5.055683000000000052e-03 0.000000000000000000e+00 9.207072000000000173e-03 9.024597000000000521e-03
2.754913999999999863e+00 1.423944000000000078e-02 1.933571999999999938e-03 0.000000000000000000e+00 5.013179999999999893e-03 0.000000000000000000e+00 9.229197999999999222e-03 9.226260000000000017e-03
2.761102999999999863e+00 1.440472999999999927e-02 2.008057000000000158e-03 0.000000000000000000e+00 4.969509999999999900e-03 0.000000000000000000e+00 9.249989000000000128e-03 9.435219999999999371e-03
2.767291000000000167e+00 1.457247000000000056e-02 2.081565999999999972e-03 0.000000000000000000e+00 4.925070000000000142e-03 0.000000000000000000e+00 9.269896999999999165e-03 9.647400000000000420e-03
2.773480000000000167e+00 1.474675999999999938e-02 2.151778000000000024e-03 0.000000000000000000e+00 4.878081999999999731e-03 0.000000000000000000e+00 9.289339000000000623e-03 9.868677999999998784e-03
2.779669000000000167e+00 1.492375999999999946e-02 2.221152000000000109e-03 0.000000000000000000e+00 4.830219999999999653e-03 0.000000000000000000e+00 9.308715000000000392e-03 1.009353999999999980e-02
2.785858000000000168e+00 1.510393999999999973e-02 2.288709999999999790e-03 0.000000000000000000e+00 4.780533000000000005e-03 0.000000000000000000e+00 9.327649000000000357e-03 1.032340699999999972e-02
2.792046000000000028e+00 1.528944999999999957e-02 2.353146999999999878e-03 0.000000000000000000e+00 4.727801999999999699e-03 0.000000000000000000e+00 9.346929999999999822e-03 1.056164799999999987e-02
2.798235000000000028e+00 1.547928999999999972e-02 2.415893000000000120e-03 0.000000000000000000e+00 4.673532000000000207e-03 0.000000000000000000e+00 9.366677999999999810e-03 1.080575799999999864e-02
2.804424000000000028e+00 1.567307999999999896e-02 2.476187999999999827e-03 0.000000000000000000e+00 4.617014000000000014e-03 0.000000000000000000e+00 9.386349000000000428e-03 1.105606599999999981e-02
2.810613000000000028e+00 1.587043000000000134e-02 2.533173000000000109e-03 0.000000000000000000e+00 4.557430999999999809e-03 0.000000000000000000e+00 9.404954000000000092e-03 1.131299900000000067e-02
2.816802000000000028e+00 1.607269000000000059e-02 2.586572999999999997e-03 0.000000000000000000e+00 4.494060999999999716e-03 0.000000000000000000e+00 9.421415000000000692e-03 1.157862900000000000e-02
2.822989999999999888e+00 1.627937999999999955e-02 2.636701999999999883e-03 0.000000000000000000e+00 4.427303999999999962e-03 0.000000000000000000e+00 9.435844000000000523e-03 1.185207599999999958e-02
2.829178999999999888e+00 1.649099000000000051e-02 2.683346999999999989e-03 0.000000000000000000e+00 4.356742999999999727e-03 0.000000000000000000e+00 9.447786999999999158e-03 1.213424700000000078e-02
2.835367999999999888e+00 1.670790000000000122e-02 2.726197999999999989e-03 0.000000000000000000e+00 4.281842000000000113e-03 0.000000000000000000e+00 9.456854000000000648e-03 1.242605800000000024e-02
2.841556999999999888e+00 1.693044000000000146e-02 2.765034999999999889e-03 0.000000000000000000e+00 4.202062000000000332e-03 0.000000000000000000e+00 9.462712999999999333e-03 1.272837800000000200e-02
2.847745000000000193e+00 1.715869000000000075e-02 2.799794999999999888e-03 0.000000000000000000e+00 4.116932000000000230e-03 0.000000000000000000e+00 9.464989999999999515e-03 1.304175800000000052e-02
2.853934000000000193e+00 1.739272999999999861e-02 2.830312000000000192e-03 0.000000000000000000e+00 4.025975000000000213e-03 0.000000000000000000e+00 9.463490999999999223e-03 1.336675499999999753e-02
2.860123000000000193e+00 1.763280999999999876e-02 2.856602000000000186e-03 0.000000000000000000e+00 3.928692000000000122e-03 0.000000000000000000e+00 9.457929999999999809e-03 1.370411799999999777e-02
2.866312000000000193e+00 1.787911999999999835e-02 2.878435999999999842e-03 0.000000000000000000e+00 3.824470999999999860e-03 0.000000000000000000e+00 9.448091999999999949e-03 1.405464899999999892e-02
2.872500000000000053e+00 1.813120000000000009e-02 2.895716000000000002e-03 0.000000000000000000e+00 3.713165000000000042e-03 0.000000000000000000e+00 9.433666000000000273e-03 1.441803499999999919e-02
2.878689000000000053e+00 1.838949999999999960e-02 2.908126000000000027e-03 0.000000000000000000e+00 3.594145999999999886e-03 0.000000000000000000e+00 9.414545999999999332e-03 1.479535400000000014e-02
2.884878000000000053e+00 1.865419000000000105e-02 2.915471000000000208e-03 0.000000000000000000e+00 3.467364000000000123e-03 0.000000000000000000e+00 9.390680999999999681e-03 1.518682600000000049e-02
2.891067000000000053e+00 1.892599999999999838e-02 2.917476999999999918e-03 0.000000000000000000e+00 3.332395000000000149e-03 0.000000000000000000e+00 9.361885000000000345e-03 1.559360499999999823e-02
2.897254999999999914e+00 1.920494000000000021e-02 2.913962999999999883e-03 0.000000000000000000e+00 3.189344000000000207e-03 0.000000000000000000e+00 9.327669000000000238e-03 1.601559600000000000e-02
2.903443999999999914e+00 1.949048000000000100e-02 2.904732000000000147e-03 0.000000000000000000e+00 3.038293000000000070e-03 0.000000000000000000e+00 9.287129999999999344e-03 1.645218700000000006e-02
2.909632999999999914e+00 1.978181000000000037e-02 2.888406000000000046e-03 0.000000000000000000e+00 2.878142000000000200e-03 0.000000000000000000e+00 9.237466999999999206e-03 1.690366800000000017e-02
2.915821999999999914e+00 2.007617000000000082e-02 2.865262999999999838e-03 0.000000000000000000e+00 2.709895999999999833e-03 0.000000000000000000e+00 9.177503000000000050e-03 1.736627400000000099e-02
2.922010000000000218e+00 2.037071999999999841e-02 2.835053000000000139e-03 0.000000000000000000e+00 2.534679000000000185e-03 0.000000000000000000e+00 9.105537000000000353e-03 1.783604099999999693e-02
2.928199000000000218e+00 2.066308000000000034e-02 2.795160000000000092e-03 0.000000000000000000e+00 2.351169000000000175e-03 0.000000000000000000e+00 9.015639000000000639e-03 1.831191100000000016e-02
2.934388000000000218e+00 2.094930999999999877e-02 2.746344999999999863e-03 0.000000000000000000e+00 2.161940000000000216e-03 0.000000000000000000e+00 8.908398999999999138e-03 1.878736999999999768e-02
2.940577000000000218e+00 2.122835000000000000e-02 2.684820000000000088e-03 0.000000000000000000e+00 1.967953000000000150e-03 0.000000000000000000e+00 8.780463000000000504e-03 1.926039699999999855e-02
2.946765000000000079e+00 2.147864000000000023e-02 2.610995999999999977e-03 0.000000000000000000e+00 1.769029999999999995e-03 0.000000000000000000e+00 8.623304999999999512e-03 1.970960999999999894e-02
2.952954000000000079e+00 2.168685000000000057e-02 2.521367999999999960e-03 0.000000000000000000e+00 1.567919999999999991e-03 0.000000000000000000e+00 8.432656999999999653e-03 2.011893000000000015e-02
2.959143000000000079e+00 2.182740000000000027e-02 2.413005000000000184e-03 0.000000000000000000e+00 1.366381999999999970e-03 0.000000000000000000e+00 8.200722000000000567e-03 2.046101800000000095e-02
2.965332000000000079e+00 2.186164000000000163e-02 2.282586999999999984e-03 0.000000000000000000e+00 1.166792000000000046e-03 0.000000000000000000e+00 7.918723000000000775e-03 2.069484800000000180e-02
2.971519999999999939e+00 2.173703000000000093e-02 2.126162000000000017e-03 0.000000000000000000e+00 9.720710000000000245e-04 0.000000000000000000e+00 7.576137000000000149e-03 2.076495899999999950e-02
2.977708999999999939e+00 2.136127000000000165e-02 1.937740000000000079e-03 0.000000000000000000e+00 7.858983999999999632e-04 0.000000000000000000e+00 7.157654000000000273e-03 2.057537160000000309e-02
2.983897999999999939e+00 2.064838000000000090e-02 1.715860999999999949e-03 0.000000000000000000e+00 6.113302999999999836e-04 0.000000000000000000e+00 6.656661000000000349e-03 2.003704970000000016e-02
2.990086999999999939e+00 1.945855000000000154e-02 1.457703000000000080e-03 0.000000000000000000e+00 4.522834000000000207e-04 0.000000000000000000e+00 6.059038000000000097e-03 1.900626660000000190e-02
2.996274999999999800e+00 1.760246000000000033e-02 1.165692000000000074e-03 0.000000000000000000e+00 3.141115999999999895e-04 0.000000000000000000e+00 5.350121000000000217e-03 1.728834840000000039e-02
3.002463999999999800e+00 1.499034999999999951e-02 8.544607999999999761e-04 0.000000000000000000e+00 1.991363000000000063e-04 0.000000000000000000e+00 4.529387000000000170e-03 1.479121369999999991e-02
3.008652999999999800e+00 1.163024999999999996e-02 5.492926000000000405e-04 0.000000000000000000e+00 1.104256000000000020e-04 0.000000000000000000e+00 3.599951000000000106e-03 1.151982439999999983e-02
3.014841999999999800e+00 7.802668999999999924e-03 2.874093000000000199e-04 0.000000000000000000e+00 4.951521999999999787e-05 0.000000000000000000e+00 2.585483999999999873e-03 7.753153779999999960e-03
3.021030000000000104e+00 4.115139999999999770e-03 1.060882000000000052e-04 0.000000000000000000e+00 1.524241000000000066e-05 0.000000000000000000e+00 1.543054000000000084e-03 4.099897590000000161e-03
3.027219000000000104e+00 1.367785999999999958e-03 1.999917000000000117e-05 0.000000000000000000e+00 2.171842000000000000e-06 0.000000000000000000e+00 6.092511999999999581e-04 1.365614158000000040e-03
3.033408000000000104e+00 7.462817000000000279e-05 2.746629999999999760e-07 0.000000000000000000e+00 1.666399999999999953e-08 0.000000000000000000e+00 4.086789000000000150e-05 7.461150600000000528e-05
