9.169999999999999549e-04 6.307895999999999415e-05 -6.930133999999999552e-08 0.000000000000000000e+00 1.469693999999999950e-09 0.000000000000000000e+00 7.534968999999999380e-05 6.307749030599998962e-05
7.106000000000000337e-03 2.637922999999999917e-03 1.230496999999999952e-05 0.000000000000000000e+00 1.364740000000000083e-05 0.000000000000000000e+00 3.156487999999999829e-03 2.624275599999999903e-03
1.329499999999999953e-02 6.760323999999999847e-03 4.189650000000000112e-05 0.000000000000000000e+00 1.207674999999999987e-04 0.000000000000000000e+00 8.237770000000000162e-03 6.639556500000000187e-03
1.948300000000000032e-02 1.055666000000000070e-02 3.519617999999999884e-05 0.000000000000000000e+00 3.917982000000000192e-04 0.000000000000000000e+00 1.320734999999999965e-02 1.016486180000000100e-02
2.567200000000000037e-02 1.355261999999999960e-02 -4.280845999999999908e-05 0.000000000000000000e+00 8.339374000000000092e-04 0.000000000000000000e+00 1.737274999999999930e-02 1.271868259999999959e-02
3.186100000000000043e-02 1.576678999999999928e-02 -2.015053000000000102e-04 0.000000000000000000e+00 1.435536999999999968e-03 0.000000000000000000e+00 2.061191999999999885e-02 1.433125299999999866e-02
3.805000000000000049e-02 1.742988999999999997e-02 -4.216415999999999849e-04 0.000000000000000000e+00 2.152269999999999964e-03 0.000000000000000000e+00 2.311536000000000146e-02 1.527762000000000044e-02
4.423799999999999955e-02 1.870370999999999839e-02 -6.897642000000000053e-04 0.000000000000000000e+00 2.955381999999999888e-03 0.000000000000000000e+00 2.504382999999999956e-02 1.574832799999999894e-02
5.042699999999999960e-02 1.970919000000000143e-02 -9.912739000000000706e-04 0.000000000000000000e+00 3.816784000000000149e-03 0.000000000000000000e+00 2.653238000000000124e-02 1.589240600000000128e-02
5.661599999999999966e-02 2.053415999999999922e-02 -1.315072000000000029e-03 0.000000000000000000e+00 4.713646999999999629e-03 0.000000000000000000e+00 2.768928999999999835e-02 1.582051300000000132e-02
6.280499999999999972e-02 2.124074999999999921e-02 -1.653123000000000049e-03 0.000000000000000000e+00 5.628336000000000276e-03 0.000000000000000000e+00 2.859617999999999882e-02 1.561241399999999807e-02
6.899299999999999877e-02 2.187245999999999982e-02 -2.000271999999999988e-03 0.000000000000000000e+00 6.548365999999999909e-03 0.000000000000000000e+00 2.931241999999999875e-02 1.532409399999999991e-02
7.518199999999999883e-02 2.245553000000000132e-02 -2.351883999999999832e-03 0.000000000000000000e+00 7.463209000000000162e-03 0.000000000000000000e+00 2.988118000000000024e-02 1.499232100000000116e-02
8.137099999999999889e-02 2.300920000000000049e-02 -2.705632999999999823e-03 0.000000000000000000e+00 8.365920000000000648e-03 0.000000000000000000e+00 3.032926000000000025e-02 1.464327999999999984e-02
8.755999999999999894e-02 2.354608999999999869e-02 -3.060518999999999826e-03 0.000000000000000000e+00 9.252095999999999584e-03 0.000000000000000000e+00 3.067976999999999857e-02 1.429399399999999910e-02
9.374799999999999800e-02 2.407387000000000069e-02 -3.414758999999999850e-03 0.000000000000000000e+00 1.011959999999999943e-02 0.000000000000000000e+00 3.095832999999999918e-02 1.395427000000000126e-02
9.993699999999999806e-02 2.459427999999999961e-02 -3.767693999999999818e-03 0.000000000000000000e+00 1.096327000000000065e-02 0.000000000000000000e+00 3.116833999999999924e-02 1.363100999999999896e-02
1.061259999999999981e-01 2.511011000000000146e-02 -4.118957999999999821e-03 0.000000000000000000e+00 1.178534000000000005e-02 0.000000000000000000e+00 3.133118000000000014e-02 1.332477000000000140e-02
1.123149999999999982e-01 2.562174999999999869e-02 -4.468169000000000134e-03 0.000000000000000000e+00 1.258376999999999933e-02 0.000000000000000000e+00 3.145099999999999979e-02 1.303797999999999936e-02
1.185029999999999972e-01 2.612965000000000079e-02 -4.815273000000000123e-03 0.000000000000000000e+00 1.335738000000000029e-02 0.000000000000000000e+00 3.153608000000000106e-02 1.277227000000000050e-02
1.246919999999999973e-01 2.663489000000000134e-02 -5.160617999999999629e-03 0.000000000000000000e+00 1.410835000000000040e-02 0.000000000000000000e+00 3.159566999999999931e-02 1.252654000000000094e-02
1.308809999999999973e-01 2.713927000000000006e-02 -5.503641000000000089e-03 0.000000000000000000e+00 1.483726999999999963e-02 0.000000000000000000e+00 3.163388999999999784e-02 1.230200000000000043e-02
1.370699999999999974e-01 2.764364999999999878e-02 -5.844536000000000002e-03 0.000000000000000000e+00 1.554154999999999946e-02 0.000000000000000000e+00 3.165533000000000236e-02 1.210209999999999932e-02
1.432579999999999965e-01 2.814933000000000018e-02 -6.183731999999999944e-03 0.000000000000000000e+00 1.622308999999999904e-02 0.000000000000000000e+00 3.166656999999999805e-02 1.192624000000000115e-02
1.494469999999999965e-01 2.865820999999999993e-02 -6.521169999999999745e-03 0.000000000000000000e+00 1.688314999999999955e-02 0.000000000000000000e+00 3.167310999999999738e-02 1.177506000000000039e-02
1.556359999999999966e-01 2.917227000000000015e-02 -6.856422000000000037e-03 0.000000000000000000e+00 1.752257000000000120e-02 0.000000000000000000e+00 3.167782000000000237e-02 1.164969999999999895e-02
1.618249999999999966e-01 2.969290000000000124e-02 -7.189570000000000162e-03 0.000000000000000000e+00 1.814228999999999842e-02 0.000000000000000000e+00 3.168334999999999901e-02 1.155061000000000282e-02
1.680129999999999957e-01 3.022058000000000036e-02 -7.520993999999999596e-03 0.000000000000000000e+00 1.874330999999999914e-02 0.000000000000000000e+00 3.169195000000000345e-02 1.147727000000000122e-02
1.742019999999999957e-01 3.075429999999999831e-02 -7.851014999999999383e-03 0.000000000000000000e+00 1.932651000000000160e-02 0.000000000000000000e+00 3.170628999999999809e-02 1.142778999999999670e-02
1.803909999999999958e-01 3.129172000000000203e-02 -8.179811999999999847e-03 0.000000000000000000e+00 1.989271999999999915e-02 0.000000000000000000e+00 3.172897000000000217e-02 1.139900000000000288e-02
1.865799999999999959e-01 3.182920000000000194e-02 -8.507548000000000193e-03 0.000000000000000000e+00 2.044276999999999900e-02 0.000000000000000000e+00 3.176140999999999687e-02 1.138643000000000294e-02
1.927679999999999949e-01 3.236395000000000244e-02 -8.834056999999999327e-03 0.000000000000000000e+00 2.097722999999999949e-02 0.000000000000000000e+00 3.180387999999999965e-02 1.138672000000000295e-02
1.989569999999999950e-01 3.289075000000000332e-02 -9.158193000000000236e-03 0.000000000000000000e+00 2.149565999999999977e-02 0.000000000000000000e+00 3.184767000000000153e-02 1.139509000000000355e-02
2.051459999999999950e-01 3.341394000000000308e-02 -9.480975000000000860e-03 0.000000000000000000e+00 2.200061000000000030e-02 0.000000000000000000e+00 3.189821999999999796e-02 1.141333000000000278e-02
2.113349999999999951e-01 3.393365000000000270e-02 -9.801673999999999803e-03 0.000000000000000000e+00 2.249146000000000131e-02 0.000000000000000000e+00 3.195610000000000117e-02 1.144219000000000139e-02
2.175239999999999951e-01 3.445159999999999889e-02 -1.012107999999999931e-02 0.000000000000000000e+00 2.297286999999999940e-02 0.000000000000000000e+00 3.202365000000000073e-02 1.147872999999999949e-02
2.237119999999999942e-01 3.496960000000000346e-02 -1.044038000000000084e-02 0.000000000000000000e+00 2.344202999999999912e-02 0.000000000000000000e+00 3.209833000000000131e-02 1.152757000000000434e-02
2.299009999999999942e-01 3.549096999999999669e-02 -1.075804999999999990e-02 0.000000000000000000e+00 2.389847000000000152e-02 0.000000000000000000e+00 3.218014000000000291e-02 1.159249999999999517e-02
2.360899999999999943e-01 3.601464000000000054e-02 -1.107525999999999997e-02 0.000000000000000000e+00 2.434628000000000139e-02 0.000000000000000000e+00 3.226661000000000112e-02 1.166835999999999915e-02
2.422789999999999944e-01 3.654136000000000190e-02 -1.139416000000000040e-02 0.000000000000000000e+00 2.478988000000000025e-02 0.000000000000000000e+00 3.235560999999999993e-02 1.175148000000000165e-02
2.484669999999999934e-01 3.707557999999999687e-02 -1.170973999999999973e-02 0.000000000000000000e+00 2.521404000000000006e-02 0.000000000000000000e+00 3.245614000000000138e-02 1.186153999999999681e-02
2.546559999999999935e-01 3.761098999999999692e-02 -1.202235999999999930e-02 0.000000000000000000e+00 2.563189999999999913e-02 0.000000000000000000e+00 3.256413999999999836e-02 1.197908999999999780e-02
2.608449999999999935e-01 3.815019000000000049e-02 -1.233444000000000033e-02 0.000000000000000000e+00 2.604667000000000093e-02 0.000000000000000000e+00 3.267931000000000308e-02 1.210351999999999956e-02
2.670339999999999936e-01 3.870433999999999680e-02 -1.264125999999999965e-02 0.000000000000000000e+00 2.644973000000000116e-02 0.000000000000000000e+00 3.281922000000000311e-02 1.225460999999999565e-02
2.732220000000000204e-01 3.926258999999999999e-02 -1.294808000000000070e-02 0.000000000000000000e+00 2.685024999999999912e-02 0.000000000000000000e+00 3.297057999999999933e-02 1.241234000000000087e-02
2.794110000000000205e-01 3.982701999999999770e-02 -1.325144999999999969e-02 0.000000000000000000e+00 2.724491000000000065e-02 0.000000000000000000e+00 3.313272999999999913e-02 1.258210999999999705e-02
2.856000000000000205e-01 4.039477000000000345e-02 -1.355176999999999944e-02 0.000000000000000000e+00 2.763318999999999845e-02 0.000000000000000000e+00 3.331487999999999811e-02 1.276158000000000500e-02
2.917890000000000206e-01 4.096352000000000326e-02 -1.385128000000000054e-02 0.000000000000000000e+00 2.801936000000000010e-02 0.000000000000000000e+00 3.350302000000000141e-02 1.294416000000000316e-02
2.979769999999999919e-01 4.153251000000000165e-02 -1.414933999999999983e-02 0.000000000000000000e+00 2.840016000000000068e-02 0.000000000000000000e+00 3.370862000000000164e-02 1.313235000000000097e-02
3.041659999999999919e-01 4.210151000000000171e-02 -1.444847999999999966e-02 0.000000000000000000e+00 2.877934000000000048e-02 0.000000000000000000e+00 3.392387999999999654e-02 1.332217000000000123e-02
3.103549999999999920e-01 4.266969999999999791e-02 -1.474607999999999995e-02 0.000000000000000000e+00 2.915289999999999895e-02 0.000000000000000000e+00 3.415946000000000260e-02 1.351679999999999895e-02
3.165439999999999920e-01 4.323706000000000077e-02 -1.504619999999999916e-02 0.000000000000000000e+00 2.952354000000000089e-02 0.000000000000000000e+00 3.441451000000000232e-02 1.371351999999999988e-02
3.227320000000000189e-01 4.380259999999999709e-02 -1.534971000000000078e-02 0.000000000000000000e+00 2.989017999999999883e-02 0.000000000000000000e+00 3.469614000000000031e-02 1.391241999999999826e-02
3.289210000000000189e-01 4.437412000000000301e-02 -1.564915000000000056e-02 0.000000000000000000e+00 3.025239999999999874e-02 0.000000000000000000e+00 3.499094999999999983e-02 1.412172000000000427e-02
3.351100000000000190e-01 4.494947999999999999e-02 -1.595287000000000094e-02 0.000000000000000000e+00 3.061273999999999940e-02 0.000000000000000000e+00 3.530115000000000336e-02 1.433674000000000059e-02
3.412990000000000190e-01 4.553468000000000099e-02 -1.624859999999999846e-02 0.000000000000000000e+00 3.096828999999999901e-02 0.000000000000000000e+00 3.562080000000000107e-02 1.456639000000000198e-02
3.474869999999999903e-01 4.612485000000000196e-02 -1.654732000000000078e-02 0.000000000000000000e+00 3.132146999999999709e-02 0.000000000000000000e+00 3.595658000000000187e-02 1.480338000000000487e-02
3.536759999999999904e-01 4.672289999999999777e-02 -1.684000000000000080e-02 0.000000000000000000e+00 3.167095999999999800e-02 0.000000000000000000e+00 3.629616000000000092e-02 1.505193999999999976e-02
3.598649999999999904e-01 4.732511999999999830e-02 -1.713202999999999948e-02 0.000000000000000000e+00 3.201534999999999798e-02 0.000000000000000000e+00 3.664742000000000000e-02 1.530977000000000032e-02
3.660539999999999905e-01 4.792824999999999863e-02 -1.742298999999999931e-02 0.000000000000000000e+00 3.235803000000000290e-02 0.000000000000000000e+00 3.700189999999999729e-02 1.557021999999999573e-02
3.722420000000000173e-01 4.853450000000000125e-02 -1.771257000000000040e-02 0.000000000000000000e+00 3.269385999999999820e-02 0.000000000000000000e+00 3.736439999999999900e-02 1.584064000000000305e-02
3.784310000000000174e-01 4.914009999999999906e-02 -1.800173000000000051e-02 0.000000000000000000e+00 3.302895000000000136e-02 0.000000000000000000e+00 3.773014999999999702e-02 1.611114999999999770e-02
3.846200000000000174e-01 4.975327999999999695e-02 -1.828851999999999908e-02 0.000000000000000000e+00 3.335454999999999670e-02 0.000000000000000000e+00 3.810045000000000098e-02 1.639873000000000025e-02
3.908090000000000175e-01 5.036590999999999985e-02 -1.857440999999999953e-02 0.000000000000000000e+00 3.367718000000000100e-02 0.000000000000000000e+00 3.848283999999999733e-02 1.668872999999999884e-02
3.969969999999999888e-01 5.098272000000000220e-02 -1.885836000000000109e-02 0.000000000000000000e+00 3.399601000000000012e-02 0.000000000000000000e+00 3.886577000000000087e-02 1.698671000000000209e-02
4.031859999999999888e-01 5.160246000000000277e-02 -1.914218000000000169e-02 0.000000000000000000e+00 3.431094999999999978e-02 0.000000000000000000e+00 3.926666999999999658e-02 1.729151000000000299e-02
4.093749999999999889e-01 5.222769000000000023e-02 -1.942409999999999970e-02 0.000000000000000000e+00 3.462131000000000236e-02 0.000000000000000000e+00 3.966727999999999921e-02 1.760637999999999787e-02
4.155639999999999890e-01 5.285837000000000174e-02 -1.969981000000000163e-02 0.000000000000000000e+00 3.492619000000000279e-02 0.000000000000000000e+00 4.007329999999999920e-02 1.793217999999999895e-02
4.217529999999999890e-01 5.348875000000000157e-02 -1.996892999999999932e-02 0.000000000000000000e+00 3.522912000000000265e-02 0.000000000000000000e+00 4.047635000000000122e-02 1.825962999999999892e-02
4.279410000000000158e-01 5.412937999999999777e-02 -2.023085999999999982e-02 0.000000000000000000e+00 3.552798000000000067e-02 0.000000000000000000e+00 4.086366000000000304e-02 1.860139999999999710e-02
4.341300000000000159e-01 5.477202999999999933e-02 -2.049341999999999830e-02 0.000000000000000000e+00 3.582547999999999983e-02 0.000000000000000000e+00 4.125535000000000313e-02 1.894654999999999950e-02
4.403190000000000159e-01 5.541672999999999738e-02 -2.074863000000000055e-02 0.000000000000000000e+00 3.610851999999999812e-02 0.000000000000000000e+00 4.164603000000000055e-02 1.930820999999999926e-02
4.465080000000000160e-01 5.605841999999999770e-02 -2.099927999999999864e-02 0.000000000000000000e+00 3.639055000000000067e-02 0.000000000000000000e+00 4.202834999999999904e-02 1.966786999999999702e-02
4.526959999999999873e-01 5.669935000000000253e-02 -2.125374999999999834e-02 0.000000000000000000e+00 3.666781000000000207e-02 0.000000000000000000e+00 4.242121000000000086e-02 2.003154000000000046e-02
4.588849999999999874e-01 5.733459999999999945e-02 -2.150397999999999893e-02 0.000000000000000000e+00 3.694307000000000146e-02 0.000000000000000000e+00 4.280992000000000131e-02 2.039152999999999799e-02
4.650739999999999874e-01 5.796725999999999962e-02 -2.175559999999999994e-02 0.000000000000000000e+00 3.721358000000000305e-02 0.000000000000000000e+00 4.320554000000000061e-02 2.075367999999999657e-02
4.712629999999999875e-01 5.858909000000000339e-02 -2.200005000000000016e-02 0.000000000000000000e+00 3.746878000000000014e-02 0.000000000000000000e+00 4.360872999999999833e-02 2.112031000000000325e-02
4.774510000000000143e-01 5.921085000000000237e-02 -2.224533999999999886e-02 0.000000000000000000e+00 3.772422000000000275e-02 0.000000000000000000e+00 4.401200999999999725e-02 2.148662999999999962e-02
4.836400000000000143e-01 5.982138000000000039e-02 -2.249307000000000042e-02 0.000000000000000000e+00 3.798276999999999903e-02 0.000000000000000000e+00 4.439519000000000104e-02 2.183861000000000135e-02
4.898290000000000144e-01 6.043028000000000288e-02 -2.274680000000000105e-02 0.000000000000000000e+00 3.824407999999999974e-02 0.000000000000000000e+00 4.477783999999999931e-02 2.218620000000000314e-02
4.960180000000000144e-01 6.103251999999999983e-02 -2.298013000000000139e-02 0.000000000000000000e+00 3.847513999999999795e-02 0.000000000000000000e+00 4.516102000000000311e-02 2.255738000000000187e-02
5.022060000000000413e-01 6.163249999999999978e-02 -2.321522999999999989e-02 0.000000000000000000e+00 3.870153999999999955e-02 0.000000000000000000e+00 4.554504999999999665e-02 2.293096000000000023e-02
5.083950000000000413e-01 6.221746000000000221e-02 -2.345455999999999930e-02 0.000000000000000000e+00 3.894216999999999818e-02 0.000000000000000000e+00 4.589404999999999873e-02 2.327529000000000403e-02
5.145840000000000414e-01 6.279265000000000541e-02 -2.370214000000000001e-02 0.000000000000000000e+00 3.919695000000000124e-02 0.000000000000000000e+00 4.622023000000000104e-02 2.359570000000000417e-02
5.207730000000000414e-01 6.336184000000000260e-02 -2.392477000000000145e-02 0.000000000000000000e+00 3.941801000000000332e-02 0.000000000000000000e+00 4.657420999999999783e-02 2.394382999999999928e-02
5.269610000000000127e-01 6.393005999999999689e-02 -2.412635999999999947e-02 0.000000000000000000e+00 3.960502999999999940e-02 0.000000000000000000e+00 4.694107000000000141e-02 2.432502999999999749e-02
5.331500000000000128e-01 6.448278999999999817e-02 -2.434394999999999962e-02 0.000000000000000000e+00 3.983620000000000216e-02 0.000000000000000000e+00 4.727702000000000293e-02 2.464658999999999600e-02
5.393390000000000128e-01 6.499968000000000412e-02 -2.457283999999999857e-02 0.000000000000000000e+00 4.010517999999999722e-02 0.000000000000000000e+00 4.756570999999999716e-02 2.489450000000000690e-02
5.455280000000000129e-01 6.557891999999999888e-02 -2.478903999999999830e-02 0.000000000000000000e+00 4.031194999999999917e-02 0.000000000000000000e+00 4.790571999999999886e-02 2.526696999999999971e-02
5.517159999999999842e-01 6.619044000000000316e-02 -2.499074999999999908e-02 0.000000000000000000e+00 4.045797999999999756e-02 0.000000000000000000e+00 4.828272000000000119e-02 2.573246000000000561e-02
5.579049999999999843e-01 6.669957999999999443e-02 -2.519886000000000001e-02 0.000000000000000000e+00 4.068746000000000168e-02 0.000000000000000000e+00 4.855910000000000087e-02 2.601211999999999275e-02
5.640939999999999843e-01 6.715741999999999545e-02 -2.540923999999999960e-02 0.000000000000000000e+00 4.095478999999999786e-02 0.000000000000000000e+00 4.878786000000000234e-02 2.620262999999999759e-02
5.702829999999999844e-01 6.772113999999999912e-02 -2.559207000000000148e-02 0.000000000000000000e+00 4.112210000000000171e-02 0.000000000000000000e+00 4.912330000000000169e-02 2.659903999999999741e-02
5.764709999999999557e-01 6.830833999999999517e-02 -2.576762999999999970e-02 0.000000000000000000e+00 4.126878999999999964e-02 0.000000000000000000e+00 4.948037000000000268e-02 2.703954999999999553e-02
5.826599999999999557e-01 6.881621999999999739e-02 -2.596199999999999897e-02 0.000000000000000000e+00 4.148729999999999779e-02 0.000000000000000000e+00 4.974647000000000097e-02 2.732891999999999960e-02
5.888489999999999558e-01 6.931104999999999905e-02 -2.615864000000000036e-02 0.000000000000000000e+00 4.172059999999999658e-02 0.000000000000000000e+00 4.999017000000000044e-02 2.759045000000000247e-02
5.950379999999999558e-01 6.982755000000000212e-02 -2.632781999999999831e-02 0.000000000000000000e+00 4.188941999999999666e-02 0.000000000000000000e+00 5.028206000000000342e-02 2.793813000000000546e-02
6.012260000000000382e-01 7.034579000000000526e-02 -2.648988000000000037e-02 0.000000000000000000e+00 4.204448999999999687e-02 0.000000000000000000e+00 5.058234999999999815e-02 2.830130000000000839e-02
6.074150000000000382e-01 7.082247999999999322e-02 -2.666365999999999875e-02 0.000000000000000000e+00 4.223263000000000017e-02 0.000000000000000000e+00 5.085399000000000169e-02 2.858984999999999305e-02
6.136040000000000383e-01 7.129043000000000185e-02 -2.683986999999999831e-02 0.000000000000000000e+00 4.243156000000000011e-02 0.000000000000000000e+00 5.111758999999999747e-02 2.885887000000000174e-02
6.197930000000000383e-01 7.174218999999999735e-02 -2.700858999999999899e-02 0.000000000000000000e+00 4.260351999999999889e-02 0.000000000000000000e+00 5.139881000000000311e-02 2.913866999999999846e-02
6.259810000000000096e-01 7.219066000000000372e-02 -2.717127000000000084e-02 0.000000000000000000e+00 4.275961000000000345e-02 0.000000000000000000e+00 5.169137000000000037e-02 2.943105000000000027e-02
6.321700000000000097e-01 7.262675000000000380e-02 -2.733769000000000129e-02 0.000000000000000000e+00 4.292250000000000232e-02 0.000000000000000000e+00 5.197170000000000262e-02 2.970425000000000149e-02
6.383590000000000098e-01 7.304544000000000314e-02 -2.751260000000000164e-02 0.000000000000000000e+00 4.310101999999999683e-02 0.000000000000000000e+00 5.222290000000000265e-02 2.994442000000000631e-02
6.445480000000000098e-01 7.346300000000000052e-02 -2.768678999999999932e-02 0.000000000000000000e+00 4.327771999999999869e-02 0.000000000000000000e+00 5.247398999999999814e-02 3.018528000000000183e-02
6.507370000000000099e-01 7.386239999999999473e-02 -2.785626000000000074e-02 0.000000000000000000e+00 4.343654000000000265e-02 0.000000000000000000e+00 5.270451000000000302e-02 3.042585999999999208e-02
6.569249999999999812e-01 7.426090999999999942e-02 -2.803017000000000009e-02 0.000000000000000000e+00 4.360216000000000092e-02 0.000000000000000000e+00 5.292171999999999848e-02 3.065874999999999850e-02
6.631139999999999812e-01 7.465757000000000643e-02 -2.819523000000000168e-02 0.000000000000000000e+00 4.376562999999999981e-02 0.000000000000000000e+00 5.312831999999999971e-02 3.089194000000000662e-02
6.693029999999999813e-01 7.505344999999999378e-02 -2.835574000000000081e-02 0.000000000000000000e+00 4.392799000000000009e-02 0.000000000000000000e+00 5.332955000000000334e-02 3.112545999999999369e-02
6.754919999999999813e-01 7.545343000000000189e-02 -2.851661000000000126e-02 0.000000000000000000e+00 4.409197000000000116e-02 0.000000000000000000e+00 5.353215000000000057e-02 3.136146000000000073e-02
6.816799999999999526e-01 7.584623999999999533e-02 -2.866519000000000011e-02 0.000000000000000000e+00 4.423566999999999777e-02 0.000000000000000000e+00 5.373945000000000111e-02 3.161056999999999756e-02
6.878689999999999527e-01 7.624161999999999606e-02 -2.881500999999999854e-02 0.000000000000000000e+00 4.438220999999999833e-02 0.000000000000000000e+00 5.394660999999999901e-02 3.185940999999999773e-02
6.940579999999999528e-01 7.662887999999999644e-02 -2.895949999999999913e-02 0.000000000000000000e+00 4.452400000000000108e-02 0.000000000000000000e+00 5.413662000000000335e-02 3.210487999999999537e-02
7.002469999999999528e-01 7.701574999999999394e-02 -2.910133000000000164e-02 0.000000000000000000e+00 4.466600999999999905e-02 0.000000000000000000e+00 5.431710000000000010e-02 3.234973999999999489e-02
7.064350000000000351e-01 7.740125000000000477e-02 -2.924281999999999923e-02 0.000000000000000000e+00 4.480686999999999864e-02 0.000000000000000000e+00 5.449749000000000260e-02 3.259438000000000613e-02
7.126240000000000352e-01 7.776539999999999841e-02 -2.936650999999999845e-02 0.000000000000000000e+00 4.491813000000000056e-02 0.000000000000000000e+00 5.465351999999999710e-02 3.284726999999999786e-02
7.188130000000000353e-01 7.813444999999999419e-02 -2.948740999999999862e-02 0.000000000000000000e+00 4.503333000000000336e-02 0.000000000000000000e+00 5.481653999999999693e-02 3.310111999999999083e-02
7.250020000000000353e-01 7.849746000000000501e-02 -2.960540000000000047e-02 0.000000000000000000e+00 4.514159999999999701e-02 0.000000000000000000e+00 5.497433999999999654e-02 3.335586000000000800e-02
7.311900000000000066e-01 7.884254000000000262e-02 -2.971195999999999907e-02 0.000000000000000000e+00 4.523192000000000185e-02 0.000000000000000000e+00 5.513414999999999982e-02 3.361062000000000077e-02
7.373790000000000067e-01 7.918693999999999733e-02 -2.981943000000000094e-02 0.000000000000000000e+00 4.532284000000000312e-02 0.000000000000000000e+00 5.529722000000000109e-02 3.386409999999999421e-02
7.435680000000000067e-01 7.954173000000000493e-02 -2.992542000000000119e-02 0.000000000000000000e+00 4.540838999999999986e-02 0.000000000000000000e+00 5.546614999999999879e-02 3.413334000000000507e-02
7.497570000000000068e-01 7.988596000000000585e-02 -3.002428999999999862e-02 0.000000000000000000e+00 4.547139000000000042e-02 0.000000000000000000e+00 5.562396000000000007e-02 3.441457000000000543e-02
7.559449999999999781e-01 8.023397999999999641e-02 -3.012269999999999878e-02 0.000000000000000000e+00 4.553466999999999931e-02 0.000000000000000000e+00 5.578642999999999796e-02 3.469930999999999710e-02
7.621339999999999781e-01 8.057208000000000425e-02 -3.021468000000000070e-02 0.000000000000000000e+00 4.559045999999999932e-02 0.000000000000000000e+00 5.594633000000000245e-02 3.498162000000000493e-02
7.683229999999999782e-01 8.089135000000000075e-02 -3.030004999999999851e-02 0.000000000000000000e+00 4.563670999999999700e-02 0.000000000000000000e+00 5.609531999999999713e-02 3.525464000000000375e-02
7.745119999999999783e-01 8.121641999999999750e-02 -3.038762999999999881e-02 0.000000000000000000e+00 4.568504999999999788e-02 0.000000000000000000e+00 5.625089999999999951e-02 3.553136999999999962e-02
7.806999999999999496e-01 8.151464999999999406e-02 -3.046447000000000044e-02 0.000000000000000000e+00 4.571362999999999815e-02 0.000000000000000000e+00 5.638300000000000256e-02 3.580101999999999590e-02
7.868889999999999496e-01 8.178873999999999866e-02 -3.053615999999999969e-02 0.000000000000000000e+00 4.572260000000000213e-02 0.000000000000000000e+00 5.648286000000000279e-02 3.606613999999999653e-02
7.930779999999999497e-01 8.206663999999999626e-02 -3.061074000000000087e-02 0.000000000000000000e+00 4.573441000000000312e-02 0.000000000000000000e+00 5.658230999999999677e-02 3.633222999999999314e-02
7.992669999999999497e-01 8.231892999999999849e-02 -3.067970000000000072e-02 0.000000000000000000e+00 4.574510999999999855e-02 0.000000000000000000e+00 5.665176000000000239e-02 3.657381999999999994e-02
8.054550000000000320e-01 8.250560999999999312e-02 -3.073064000000000004e-02 0.000000000000000000e+00 4.574496000000000118e-02 0.000000000000000000e+00 5.664476999999999707e-02 3.676064999999999194e-02
8.116440000000000321e-01 8.269226999999999828e-02 -3.078159000000000103e-02 0.000000000000000000e+00 4.574480000000000213e-02 0.000000000000000000e+00 5.663779000000000036e-02 3.694746999999999615e-02
8.178330000000000322e-01 8.289728000000000374e-02 -3.084005999999999900e-02 0.000000000000000000e+00 4.575324000000000058e-02 0.000000000000000000e+00 5.663873999999999992e-02 3.714404000000000317e-02
8.240220000000000322e-01 8.302695000000000214e-02 -3.085361999999999827e-02 0.000000000000000000e+00 4.571043999999999802e-02 0.000000000000000000e+00 5.660526999999999920e-02 3.731651000000000412e-02
8.302100000000000035e-01 8.315334000000000614e-02 -3.086550999999999878e-02 0.000000000000000000e+00 4.566591999999999874e-02 0.000000000000000000e+00 5.657086000000000059e-02 3.748742000000000740e-02
8.363990000000000036e-01 8.329588000000000270e-02 -3.088377000000000136e-02 0.000000000000000000e+00 4.562657999999999991e-02 0.000000000000000000e+00 5.653719000000000106e-02 3.766930000000000278e-02
8.425880000000000036e-01 8.339372999999999925e-02 -3.088468999999999937e-02 0.000000000000000000e+00 4.558747999999999967e-02 0.000000000000000000e+00 5.647549999999999792e-02 3.780624999999999958e-02
8.487770000000000037e-01 8.347216000000000358e-02 -3.087341000000000044e-02 0.000000000000000000e+00 4.554992000000000069e-02 0.000000000000000000e+00 5.639775000000000343e-02 3.792224000000000289e-02
8.549660000000000037e-01 8.355822000000000249e-02 -3.086161000000000112e-02 0.000000000000000000e+00 4.551340000000000247e-02 0.000000000000000000e+00 5.632190000000000113e-02 3.804482000000000003e-02
8.611539999999999750e-01 8.363829999999999876e-02 -3.084707000000000074e-02 0.000000000000000000e+00 4.547037999999999774e-02 0.000000000000000000e+00 5.624292000000000180e-02 3.816792000000000101e-02
8.673429999999999751e-01 8.370895999999999892e-02 -3.080427999999999986e-02 0.000000000000000000e+00 4.538210000000000161e-02 0.000000000000000000e+00 5.615059000000000022e-02 3.832685999999999732e-02
8.735319999999999752e-01 8.377898000000000289e-02 -3.075875999999999957e-02 0.000000000000000000e+00 4.529389000000000332e-02 0.000000000000000000e+00 5.605903000000000275e-02 3.848508999999999958e-02
8.797209999999999752e-01 8.384948000000000401e-02 -3.071306999999999857e-02 0.000000000000000000e+00 4.520663999999999932e-02 0.000000000000000000e+00 5.597048000000000301e-02 3.864284000000000469e-02
8.859089999999999465e-01 8.390303999999999818e-02 -3.066282000000000035e-02 0.000000000000000000e+00 4.512972999999999985e-02 0.000000000000000000e+00 5.585988000000000064e-02 3.877330999999999833e-02
8.920979999999999466e-01 8.393670000000000297e-02 -3.060863999999999946e-02 0.000000000000000000e+00 4.505693999999999672e-02 0.000000000000000000e+00 5.570862000000000036e-02 3.887976000000000626e-02
8.982869999999999466e-01 8.397053999999999629e-02 -3.055425000000000155e-02 0.000000000000000000e+00 4.498375000000000290e-02 0.000000000000000000e+00 5.555762999999999674e-02 3.898678999999999339e-02
9.044759999999999467e-01 8.400272000000000294e-02 -3.050177999999999917e-02 0.000000000000000000e+00 4.491420000000000134e-02 0.000000000000000000e+00 5.540434000000000331e-02 3.908852000000000160e-02
9.106640000000000290e-01 8.400269999999999959e-02 -3.043237999999999846e-02 0.000000000000000000e+00 4.480872999999999801e-02 0.000000000000000000e+00 5.525085999999999886e-02 3.919397000000000159e-02
9.168530000000000291e-01 8.399246000000000489e-02 -3.036147000000000151e-02 0.000000000000000000e+00 4.469403999999999738e-02 0.000000000000000000e+00 5.509961000000000025e-02 3.929842000000000751e-02
9.230420000000000291e-01 8.398239000000000398e-02 -3.029480000000000020e-02 0.000000000000000000e+00 4.458191999999999711e-02 0.000000000000000000e+00 5.495082999999999912e-02 3.940047000000000688e-02
9.292310000000000292e-01 8.397224999999999828e-02 -3.022603000000000095e-02 0.000000000000000000e+00 4.446852999999999917e-02 0.000000000000000000e+00 5.480083000000000176e-02 3.950371999999999911e-02
9.354190000000000005e-01 8.387163999999999731e-02 -3.014941999999999969e-02 0.000000000000000000e+00 4.437326999999999938e-02 0.000000000000000000e+00 5.462481000000000281e-02 3.949836999999999793e-02
9.416080000000000005e-01 8.375267999999999602e-02 -3.007765999999999912e-02 0.000000000000000000e+00 4.428177999999999975e-02 0.000000000000000000e+00 5.444932999999999718e-02 3.947089999999999627e-02
9.477970000000000006e-01 8.363099999999999701e-02 -3.000718000000000135e-02 0.000000000000000000e+00 4.418993000000000226e-02 0.000000000000000000e+00 5.427309000000000300e-02 3.944106999999999474e-02
9.539860000000000007e-01 8.350923000000000374e-02 -2.994027000000000147e-02 0.000000000000000000e+00 4.409959000000000101e-02 0.000000000000000000e+00 5.409894999999999982e-02 3.940964000000000272e-02
9.601739999999999720e-01 8.333456000000000197e-02 -2.983950000000000144e-02 0.000000000000000000e+00 4.395115000000000133e-02 0.000000000000000000e+00 5.387466999999999950e-02 3.938341000000000064e-02
9.663629999999999720e-01 8.315148999999999457e-02 -2.973293000000000116e-02 0.000000000000000000e+00 4.379493000000000275e-02 0.000000000000000000e+00 5.364296999999999815e-02 3.935655999999999183e-02
9.725519999999999721e-01 8.297077999999999398e-02 -2.962802000000000144e-02 0.000000000000000000e+00 4.363899000000000250e-02 0.000000000000000000e+00 5.341243999999999853e-02 3.933178999999999148e-02
9.787409999999999721e-01 8.279416000000000553e-02 -2.952600000000000016e-02 0.000000000000000000e+00 4.348351999999999773e-02 0.000000000000000000e+00 5.318401999999999852e-02 3.931064000000000780e-02
9.849290000000000544e-01 8.260278000000000065e-02 -2.942376999999999840e-02 0.000000000000000000e+00 4.333552000000000237e-02 0.000000000000000000e+00 5.291591999999999824e-02 3.926725999999999828e-02
9.911180000000000545e-01 8.240691999999999462e-02 -2.931877000000000094e-02 0.000000000000000000e+00 4.319028999999999924e-02 0.000000000000000000e+00 5.263721999999999845e-02 3.921662999999999538e-02
9.973070000000000546e-01 8.221169999999999867e-02 -2.921059000000000155e-02 0.000000000000000000e+00 4.304531000000000329e-02 0.000000000000000000e+00 5.236205000000000026e-02 3.916638999999999537e-02
1.003495999999999944e+00 8.201648000000000271e-02 -2.910240999999999870e-02 0.000000000000000000e+00 4.290033000000000041e-02 0.000000000000000000e+00 5.208685999999999872e-02 3.911615000000000231e-02
1.009684000000000026e+00 8.179266999999999788e-02 -2.897076000000000165e-02 0.000000000000000000e+00 4.272031999999999913e-02 0.000000000000000000e+00 5.181017999999999735e-02 3.907234999999999875e-02
1.015873000000000026e+00 8.153399999999999537e-02 -2.881068000000000170e-02 0.000000000000000000e+00 4.250211000000000267e-02 0.000000000000000000e+00 5.153374000000000149e-02 3.903188999999999270e-02
1.022062000000000026e+00 8.127521999999999525e-02 -2.865076000000000081e-02 0.000000000000000000e+00 4.228396000000000238e-02 0.000000000000000000e+00 5.125706000000000012e-02 3.899125999999999287e-02
1.028251000000000026e+00 8.101729000000000569e-02 -2.849089000000000135e-02 0.000000000000000000e+00 4.206591999999999970e-02 0.000000000000000000e+00 5.098062999999999900e-02 3.895137000000000599e-02
1.034439000000000108e+00 8.076655000000000639e-02 -2.833159000000000025e-02 0.000000000000000000e+00 4.185008999999999951e-02 0.000000000000000000e+00 5.070419999999999788e-02 3.891646000000000688e-02
1.040628000000000108e+00 8.045890999999999460e-02 -2.817319999999999894e-02 0.000000000000000000e+00 4.167175000000000046e-02 0.000000000000000000e+00 5.034369999999999817e-02 3.878715999999999414e-02
1.046817000000000109e+00 8.015126999999999668e-02 -2.801479999999999942e-02 0.000000000000000000e+00 4.149341000000000140e-02 0.000000000000000000e+00 4.998318000000000205e-02 3.865785999999999528e-02
1.053006000000000109e+00 7.984355999999999398e-02 -2.785496999999999973e-02 0.000000000000000000e+00 4.131362999999999702e-02 0.000000000000000000e+00 4.962533000000000222e-02 3.852992999999999696e-02
1.059193999999999969e+00 7.953585999999999989e-02 -2.769510999999999848e-02 0.000000000000000000e+00 4.113382000000000149e-02 0.000000000000000000e+00 4.926751000000000047e-02 3.840203999999999840e-02
1.065382999999999969e+00 7.922376000000000418e-02 -2.752022000000000149e-02 0.000000000000000000e+00 4.090238999999999681e-02 0.000000000000000000e+00 4.892811999999999856e-02 3.832137000000000737e-02
1.071571999999999969e+00 7.890218999999999705e-02 -2.732512000000000135e-02 0.000000000000000000e+00 4.060645999999999700e-02 0.000000000000000000e+00 4.860801000000000011e-02 3.829573000000000005e-02
1.077760999999999969e+00 7.857611000000000456e-02 -2.712849000000000163e-02 0.000000000000000000e+00 4.031102999999999770e-02 0.000000000000000000e+00 4.828340999999999883e-02 3.826508000000000687e-02
1.083949000000000051e+00 7.825002999999999820e-02 -2.693187000000000011e-02 0.000000000000000000e+00 4.001559999999999839e-02 0.000000000000000000e+00 4.795881999999999923e-02 3.823442999999999981e-02
1.090138000000000051e+00 7.792329000000000616e-02 -2.673765000000000169e-02 0.000000000000000000e+00 3.971932000000000240e-02 0.000000000000000000e+00 4.763271000000000172e-02 3.820397000000000376e-02
1.096327000000000051e+00 7.751478000000000534e-02 -2.654418999999999876e-02 0.000000000000000000e+00 3.948427999999999660e-02 0.000000000000000000e+00 4.727524999999999783e-02 3.803050000000000874e-02
1.102516000000000052e+00 7.707281000000000548e-02 -2.635418000000000135e-02 0.000000000000000000e+00 3.927674999999999916e-02 0.000000000000000000e+00 4.690467999999999721e-02 3.779606000000000632e-02
1.108705000000000052e+00 7.663040000000000129e-02 -2.616467999999999919e-02 0.000000000000000000e+00 3.906980000000000175e-02 0.000000000000000000e+00 4.653336000000000278e-02 3.756059999999999954e-02
1.114892999999999912e+00 7.618945000000000578e-02 -2.597348000000000018e-02 0.000000000000000000e+00 3.886085999999999707e-02 0.000000000000000000e+00 4.616453000000000223e-02 3.732859000000000871e-02
1.121081999999999912e+00 7.575165999999999844e-02 -2.577859999999999874e-02 0.000000000000000000e+00 3.864760999999999891e-02 0.000000000000000000e+00 4.580110999999999905e-02 3.710404999999999953e-02
1.127270999999999912e+00 7.526657999999999960e-02 -2.555440999999999963e-02 0.000000000000000000e+00 3.839403999999999734e-02 0.000000000000000000e+00 4.546072999999999781e-02 3.687254000000000226e-02
1.133459999999999912e+00 7.472080999999999862e-02 -2.529262999999999997e-02 0.000000000000000000e+00 3.808871999999999952e-02 0.000000000000000000e+00 4.514985999999999999e-02 3.663208999999999910e-02
1.139647999999999994e+00 7.417505000000000626e-02 -2.503135999999999903e-02 0.000000000000000000e+00 3.778399999999999814e-02 0.000000000000000000e+00 4.483816000000000190e-02 3.639105000000000811e-02
1.145836999999999994e+00 7.362936000000000480e-02 -2.477104999999999932e-02 0.000000000000000000e+00 3.748044999999999849e-02 0.000000000000000000e+00 4.452481999999999968e-02 3.614891000000000632e-02
1.152025999999999994e+00 7.308365000000000000e-02 -2.451073999999999961e-02 0.000000000000000000e+00 3.717688999999999716e-02 0.000000000000000000e+00 4.421148999999999912e-02 3.590676000000000284e-02
1.158214999999999995e+00 7.253792000000000573e-02 -2.424981999999999832e-02 0.000000000000000000e+00 3.687259999999999843e-02 0.000000000000000000e+00 4.389918000000000292e-02 3.566532000000000729e-02
1.164403000000000077e+00 7.190269999999999995e-02 -2.398464000000000151e-02 0.000000000000000000e+00 3.660216000000000164e-02 0.000000000000000000e+00 4.355704999999999993e-02 3.530053999999999831e-02
1.170592000000000077e+00 7.124286999999999981e-02 -2.372004000000000126e-02 0.000000000000000000e+00 3.634081000000000117e-02 0.000000000000000000e+00 4.320318000000000075e-02 3.490205999999999864e-02
1.176781000000000077e+00 7.058235000000000203e-02 -2.345608000000000068e-02 0.000000000000000000e+00 3.607870999999999995e-02 0.000000000000000000e+00 4.284873000000000154e-02 3.450364000000000209e-02
1.182970000000000077e+00 6.992163999999999324e-02 -2.319231000000000070e-02 0.000000000000000000e+00 3.581638000000000183e-02 0.000000000000000000e+00 4.249409999999999993e-02 3.410525999999999142e-02
1.189157999999999937e+00 6.926124999999999643e-02 -2.292885000000000062e-02 0.000000000000000000e+00 3.555375999999999675e-02 0.000000000000000000e+00 4.213933000000000262e-02 3.370748999999999967e-02
1.195346999999999937e+00 6.860352000000000117e-02 -2.266740999999999895e-02 0.000000000000000000e+00 3.528451999999999977e-02 0.000000000000000000e+00 4.178108999999999990e-02 3.331900000000000139e-02
1.201535999999999937e+00 6.793430000000000302e-02 -2.238849000000000047e-02 0.000000000000000000e+00 3.496462000000000181e-02 0.000000000000000000e+00 4.139759999999999968e-02 3.296968000000000121e-02
1.207724999999999937e+00 6.726508999999999960e-02 -2.210956999999999853e-02 0.000000000000000000e+00 3.464472999999999858e-02 0.000000000000000000e+00 4.101409999999999778e-02 3.262036000000000102e-02
1.213913000000000020e+00 6.659882000000000302e-02 -2.183068000000000161e-02 0.000000000000000000e+00 3.432471000000000133e-02 0.000000000000000000e+00 4.063130000000000214e-02 3.227411000000000169e-02
1.220102000000000020e+00 6.592528999999999750e-02 -2.155171000000000170e-02 0.000000000000000000e+00 3.400501000000000218e-02 0.000000000000000000e+00 4.024679999999999924e-02 3.192027999999999532e-02
1.226291000000000020e+00 6.525158999999999820e-02 -2.127273999999999832e-02 0.000000000000000000e+00 3.368531999999999776e-02 0.000000000000000000e+00 3.986224000000000017e-02 3.156627000000000044e-02
1.232480000000000020e+00 6.456497999999999404e-02 -2.099507999999999930e-02 0.000000000000000000e+00 3.337910000000000182e-02 0.000000000000000000e+00 3.946911000000000169e-02 3.118587999999999222e-02
1.238668000000000102e+00 6.385986999999999914e-02 -2.071927999999999964e-02 0.000000000000000000e+00 3.309220000000000217e-02 0.000000000000000000e+00 3.906368000000000340e-02 3.076766999999999697e-02
1.244857000000000102e+00 6.315105000000000024e-02 -2.044129000000000085e-02 0.000000000000000000e+00 3.280257999999999785e-02 0.000000000000000000e+00 3.865493999999999875e-02 3.034847000000000239e-02
1.251046000000000102e+00 6.244166999999999773e-02 -2.016298000000000049e-02 0.000000000000000000e+00 3.251256000000000285e-02 0.000000000000000000e+00 3.824570000000000053e-02 2.992910999999999488e-02
1.257235000000000102e+00 6.173229999999999690e-02 -1.988467000000000012e-02 0.000000000000000000e+00 3.222254000000000090e-02 0.000000000000000000e+00 3.783646999999999705e-02 2.950975999999999599e-02
1.263422999999999963e+00 6.102293000000000300e-02 -1.960635999999999976e-02 0.000000000000000000e+00 3.193251999999999896e-02 0.000000000000000000e+00 3.742724000000000051e-02 2.909041000000000404e-02
1.269611999999999963e+00 6.033594999999999930e-02 -1.933353000000000155e-02 0.000000000000000000e+00 3.162563000000000180e-02 0.000000000000000000e+00 3.701878000000000113e-02 2.871031999999999751e-02
1.275800999999999963e+00 5.965535000000000282e-02 -1.906224999999999933e-02 0.000000000000000000e+00 3.131387000000000059e-02 0.000000000000000000e+00 3.661045000000000271e-02 2.834148000000000223e-02
1.281989999999999963e+00 5.897474999999999939e-02 -1.879097000000000059e-02 0.000000000000000000e+00 3.100210000000000118e-02 0.000000000000000000e+00 3.620212999999999903e-02 2.797264999999999821e-02
1.288178000000000045e+00 5.829415000000000291e-02 -1.851968999999999838e-02 0.000000000000000000e+00 3.069032999999999831e-02 0.000000000000000000e+00 3.579382999999999870e-02 2.760382000000000460e-02
1.294367000000000045e+00 5.761246999999999896e-02 -1.824616999999999906e-02 0.000000000000000000e+00 3.037739999999999885e-02 0.000000000000000000e+00 3.538356000000000140e-02 2.723507000000000011e-02
1.300556000000000045e+00 5.693143999999999982e-02 -1.797469999999999971e-02 0.000000000000000000e+00 3.006823000000000135e-02 0.000000000000000000e+00 3.497458999999999985e-02 2.686320999999999848e-02
1.306745000000000045e+00 5.625605999999999662e-02 -1.771843000000000029e-02 0.000000000000000000e+00 2.978054000000000118e-02 0.000000000000000000e+00 3.457655999999999924e-02 2.647551999999999545e-02
1.312932999999999906e+00 5.558068000000000036e-02 -1.746216000000000088e-02 0.000000000000000000e+00 2.949283999999999933e-02 0.000000000000000000e+00 3.417851999999999696e-02 2.608784000000000103e-02
1.319121999999999906e+00 5.490451999999999833e-02 -1.720417000000000127e-02 0.000000000000000000e+00 2.920410999999999840e-02 0.000000000000000000e+00 3.377813999999999817e-02 2.570040999999999992e-02
1.325310999999999906e+00 5.422836999999999796e-02 -1.694618000000000166e-02 0.000000000000000000e+00 2.891538000000000094e-02 0.000000000000000000e+00 3.337774999999999770e-02 2.531298999999999702e-02
1.331499999999999906e+00 5.355229999999999713e-02 -1.668839999999999907e-02 0.000000000000000000e+00 2.862676999999999930e-02 0.000000000000000000e+00 3.297764999999999724e-02 2.492552999999999783e-02
1.337688999999999906e+00 5.290558000000000066e-02 -1.644026999999999988e-02 0.000000000000000000e+00 2.834292000000000061e-02 0.000000000000000000e+00 3.260460999999999915e-02 2.456266000000000005e-02
1.343876999999999988e+00 5.228163000000000254e-02 -1.619811999999999988e-02 0.000000000000000000e+00 2.806165000000000048e-02 0.000000000000000000e+00 3.225180999999999881e-02 2.421998000000000206e-02
1.350065999999999988e+00 5.165890000000000065e-02 -1.595506000000000008e-02 0.000000000000000000e+00 2.777962999999999960e-02 0.000000000000000000e+00 3.189948000000000089e-02 2.387927000000000105e-02
1.356254999999999988e+00 5.103618000000000043e-02 -1.571200999999999848e-02 0.000000000000000000e+00 2.749760999999999872e-02 0.000000000000000000e+00 3.154715000000000297e-02 2.353857000000000171e-02
1.362443999999999988e+00 5.041406999999999833e-02 -1.546913999999999928e-02 0.000000000000000000e+00 2.721577000000000024e-02 0.000000000000000000e+00 3.119577999999999934e-02 2.319829999999999809e-02
1.368632000000000071e+00 4.979299000000000225e-02 -1.522623000000000032e-02 0.000000000000000000e+00 2.693378999999999912e-02 0.000000000000000000e+00 3.084543000000000007e-02 2.285920000000000313e-02
1.374821000000000071e+00 4.919852999999999726e-02 -1.501126000000000023e-02 0.000000000000000000e+00 2.667562999999999879e-02 0.000000000000000000e+00 3.051780000000000118e-02 2.252289999999999848e-02
1.381010000000000071e+00 4.860503000000000046e-02 -1.479689999999999998e-02 0.000000000000000000e+00 2.641798000000000063e-02 0.000000000000000000e+00 3.019058999999999979e-02 2.218704999999999983e-02
1.387199000000000071e+00 4.801152999999999671e-02 -1.458253999999999974e-02 0.000000000000000000e+00 2.616032999999999900e-02 0.000000000000000000e+00 2.986337000000000019e-02 2.185119999999999771e-02
1.393386999999999931e+00 4.741713000000000178e-02 -1.436761999999999935e-02 0.000000000000000000e+00 2.590218999999999855e-02 0.000000000000000000e+00 2.953576000000000118e-02 2.151494000000000323e-02
1.399575999999999931e+00 4.682150000000000201e-02 -1.415193000000000006e-02 0.000000000000000000e+00 2.564340000000000022e-02 0.000000000000000000e+00 2.920762999999999832e-02 2.117810000000000178e-02
1.405764999999999931e+00 4.624593999999999927e-02 -1.394812999999999956e-02 0.000000000000000000e+00 2.539326999999999904e-02 0.000000000000000000e+00 2.887837000000000043e-02 2.085267000000000023e-02
1.411953999999999931e+00 4.569238999999999939e-02 -1.375737999999999961e-02 0.000000000000000000e+00 2.515266000000000030e-02 0.000000000000000000e+00 2.854790000000000105e-02 2.053972999999999910e-02
1.418142000000000014e+00 4.513940999999999787e-02 -1.356608999999999940e-02 0.000000000000000000e+00 2.491178999999999963e-02 0.000000000000000000e+00 2.821680000000000021e-02 2.022761999999999824e-02
1.424331000000000014e+00 4.458738000000000284e-02 -1.337388999999999939e-02 0.000000000000000000e+00 2.467048000000000157e-02 0.000000000000000000e+00 2.788467000000000029e-02 1.991690000000000127e-02
1.430520000000000014e+00 4.403511999999999704e-02 -1.318190999999999981e-02 0.000000000000000000e+00 2.442928000000000113e-02 0.000000000000000000e+00 2.755279000000000061e-02 1.960583999999999591e-02
1.436709000000000014e+00 4.348238000000000103e-02 -1.299038999999999923e-02 0.000000000000000000e+00 2.418829999999999938e-02 0.000000000000000000e+00 2.722143999999999953e-02 1.929408000000000165e-02
1.442897000000000096e+00 4.298021999999999954e-02 -1.281771999999999946e-02 0.000000000000000000e+00 2.397844000000000017e-02 0.000000000000000000e+00 2.690605999999999901e-02 1.900177999999999937e-02
1.449086000000000096e+00 4.247905999999999904e-02 -1.264469000000000010e-02 0.000000000000000000e+00 2.377048999999999829e-02 0.000000000000000000e+00 2.659065999999999860e-02 1.870857000000000075e-02
1.455275000000000096e+00 4.197743000000000307e-02 -1.247141000000000048e-02 0.000000000000000000e+00 2.356286999999999965e-02 0.000000000000000000e+00 2.627557000000000156e-02 1.841456000000000343e-02
1.461464000000000096e+00 4.147537999999999919e-02 -1.229789000000000056e-02 0.000000000000000000e+00 2.335556000000000090e-02 0.000000000000000000e+00 2.596075000000000119e-02 1.811981999999999829e-02
1.467651999999999957e+00 4.097296000000000271e-02 -1.212400999999999930e-02 0.000000000000000000e+00 2.314841000000000121e-02 0.000000000000000000e+00 2.564585000000000128e-02 1.782455000000000150e-02
1.473840999999999957e+00 4.049581000000000014e-02 -1.195918999999999975e-02 0.000000000000000000e+00 2.295376999999999834e-02 0.000000000000000000e+00 2.535004999999999897e-02 1.754204000000000180e-02
1.480029999999999957e+00 4.004764999999999714e-02 -1.180539000000000067e-02 0.000000000000000000e+00 2.277258000000000060e-02 0.000000000000000000e+00 2.507556999999999842e-02 1.727506999999999654e-02
1.486218999999999957e+00 3.959945000000000132e-02 -1.165153000000000022e-02 0.000000000000000000e+00 2.259156000000000011e-02 0.000000000000000000e+00 2.480094000000000048e-02 1.700789000000000120e-02
1.492407000000000039e+00 3.915127000000000190e-02 -1.149769999999999959e-02 0.000000000000000000e+00 2.241047999999999998e-02 0.000000000000000000e+00 2.452636999999999873e-02 1.674079000000000192e-02
1.498596000000000039e+00 3.870318999999999843e-02 -1.134398000000000004e-02 0.000000000000000000e+00 2.222903000000000032e-02 0.000000000000000000e+00 2.425211999999999854e-02 1.647415999999999811e-02
1.504785000000000039e+00 3.825583999999999929e-02 -1.119056000000000044e-02 0.000000000000000000e+00 2.204775000000000137e-02 0.000000000000000000e+00 2.397826999999999945e-02 1.620808999999999792e-02
1.510974000000000039e+00 3.786993999999999777e-02 -1.106236000000000025e-02 0.000000000000000000e+00 2.188145000000000021e-02 0.000000000000000000e+00 2.373770999999999867e-02 1.598848999999999757e-02
1.517161999999999900e+00 3.748438999999999938e-02 -1.093435000000000067e-02 0.000000000000000000e+00 2.171493999999999855e-02 0.000000000000000000e+00 2.349715999999999957e-02 1.576945000000000083e-02
1.523350999999999900e+00 3.710008000000000056e-02 -1.080698000000000075e-02 0.000000000000000000e+00 2.154773000000000105e-02 0.000000000000000000e+00 2.325663000000000036e-02 1.555234999999999951e-02
1.529539999999999900e+00 3.671578000000000341e-02 -1.067961000000000084e-02 0.000000000000000000e+00 2.138050999999999841e-02 0.000000000000000000e+00 2.301610000000000114e-02 1.533527000000000501e-02
1.535728999999999900e+00 3.633117999999999764e-02 -1.055209000000000008e-02 0.000000000000000000e+00 2.121345999999999996e-02 0.000000000000000000e+00 2.277556999999999846e-02 1.511771999999999769e-02
1.541917999999999900e+00 3.598748999999999698e-02 -1.043764999999999971e-02 0.000000000000000000e+00 2.105367000000000002e-02 0.000000000000000000e+00 2.255228000000000094e-02 1.493381999999999696e-02
1.548105999999999982e+00 3.567461999999999717e-02 -1.033328000000000024e-02 0.000000000000000000e+00 2.089935000000000057e-02 0.000000000000000000e+00 2.234194000000000110e-02 1.477526999999999660e-02
1.554294999999999982e+00 3.536228999999999761e-02 -1.022876999999999988e-02 0.000000000000000000e+00 2.074522999999999992e-02 0.000000000000000000e+00 2.213203000000000045e-02 1.461705999999999769e-02
1.560483999999999982e+00 3.504995999999999806e-02 -1.012425999999999951e-02 0.000000000000000000e+00 2.059110999999999927e-02 0.000000000000000000e+00 2.192211999999999980e-02 1.445884999999999879e-02
1.566672999999999982e+00 3.473756000000000066e-02 -1.001972999999999926e-02 0.000000000000000000e+00 2.043721999999999900e-02 0.000000000000000000e+00 2.171237000000000167e-02 1.430034000000000166e-02
1.572861000000000065e+00 3.443046000000000301e-02 -9.917676999999999743e-03 0.000000000000000000e+00 2.028740000000000057e-02 0.000000000000000000e+00 2.150809000000000054e-02 1.414306000000000244e-02
1.579050000000000065e+00 3.415141000000000010e-02 -9.828517999999999630e-03 0.000000000000000000e+00 2.015242999999999896e-02 0.000000000000000000e+00 2.132753000000000079e-02 1.399898000000000114e-02
1.585239000000000065e+00 3.387247000000000174e-02 -9.739383000000000762e-03 0.000000000000000000e+00 2.001734999999999973e-02 0.000000000000000000e+00 2.114703000000000069e-02 1.385512000000000202e-02
1.591428000000000065e+00 3.359406999999999671e-02 -9.650360999999999662e-03 0.000000000000000000e+00 1.988175999999999832e-02 0.000000000000000000e+00 2.096678000000000083e-02 1.371230999999999839e-02
1.597615999999999925e+00 3.331403000000000142e-02 -9.560996000000000425e-03 0.000000000000000000e+00 1.974771999999999986e-02 0.000000000000000000e+00 2.078574999999999867e-02 1.356631000000000156e-02
1.603804999999999925e+00 3.303397999999999751e-02 -9.471630999999999453e-03 0.000000000000000000e+00 1.961366999999999972e-02 0.000000000000000000e+00 2.060470999999999830e-02 1.342030999999999780e-02
1.609993999999999925e+00 3.276849999999999902e-02 -9.391481000000000134e-03 0.000000000000000000e+00 1.948930999999999927e-02 0.000000000000000000e+00 2.043874000000000038e-02 1.327918999999999974e-02
1.616182999999999925e+00 3.250713999999999687e-02 -9.313850999999999727e-03 0.000000000000000000e+00 1.936778000000000111e-02 0.000000000000000000e+00 2.027678999999999940e-02 1.313935999999999577e-02
1.622371000000000008e+00 3.224641999999999786e-02 -9.236077000000000523e-03 0.000000000000000000e+00 1.924713999999999939e-02 0.000000000000000000e+00 2.011392999999999862e-02 1.299927999999999848e-02
1.628560000000000008e+00 3.198569999999999885e-02 -9.158304000000000791e-03 0.000000000000000000e+00 1.912650999999999935e-02 0.000000000000000000e+00 1.995107000000000130e-02 1.285918999999999951e-02
1.634749000000000008e+00 3.172496000000000343e-02 -9.080533999999999481e-03 0.000000000000000000e+00 1.900585000000000122e-02 0.000000000000000000e+00 1.978823000000000040e-02 1.271911000000000222e-02
1.640938000000000008e+00 3.147918000000000244e-02 -9.007881000000000568e-03 0.000000000000000000e+00 1.888924999999999979e-02 0.000000000000000000e+00 1.963064999999999949e-02 1.258993000000000265e-02
1.647126000000000090e+00 3.125580000000000025e-02 -8.942096000000000072e-03 0.000000000000000000e+00 1.877851999999999993e-02 0.000000000000000000e+00 1.947925000000000004e-02 1.247728000000000032e-02
1.653315000000000090e+00 3.103237000000000009e-02 -8.876149999999999318e-03 0.000000000000000000e+00 1.866717999999999850e-02 0.000000000000000000e+00 1.932723999999999900e-02 1.236519000000000160e-02
1.659504000000000090e+00 3.080893999999999994e-02 -8.810203000000000825e-03 0.000000000000000000e+00 1.855584999999999873e-02 0.000000000000000000e+00 1.917523000000000144e-02 1.225309000000000120e-02
1.665693000000000090e+00 3.058587000000000111e-02 -8.744326000000000182e-03 0.000000000000000000e+00 1.844445999999999933e-02 0.000000000000000000e+00 1.902322000000000041e-02 1.214141000000000178e-02
1.671880999999999950e+00 3.036824999999999941e-02 -8.680012000000000838e-03 0.000000000000000000e+00 1.833349000000000090e-02 0.000000000000000000e+00 1.887217999999999882e-02 1.203475999999999851e-02
1.678069999999999951e+00 3.017550999999999914e-02 -8.624892000000000322e-03 0.000000000000000000e+00 1.822963999999999835e-02 0.000000000000000000e+00 1.872928000000000093e-02 1.194587000000000079e-02
1.684258999999999951e+00 2.998270999999999922e-02 -8.569716999999999266e-03 0.000000000000000000e+00 1.812580000000000094e-02 0.000000000000000000e+00 1.858635000000000148e-02 1.185690999999999828e-02
1.690447999999999951e+00 2.978953000000000156e-02 -8.514206999999999331e-03 0.000000000000000000e+00 1.802203000000000138e-02 0.000000000000000000e+00 1.844327000000000119e-02 1.176750000000000018e-02
1.696636000000000033e+00 2.959733999999999976e-02 -8.459585999999999842e-03 0.000000000000000000e+00 1.791807000000000122e-02 0.000000000000000000e+00 1.830060999999999841e-02 1.167926999999999854e-02
1.702825000000000033e+00 2.940515999999999963e-02 -8.404965000000000352e-03 0.000000000000000000e+00 1.781411999999999926e-02 0.000000000000000000e+00 1.815794999999999909e-02 1.159104000000000037e-02
1.709014000000000033e+00 2.922751000000000168e-02 -8.354972999999999914e-03 0.000000000000000000e+00 1.771545999999999885e-02 0.000000000000000000e+00 1.802795000000000092e-02 1.151205000000000284e-02
1.715203000000000033e+00 2.905343000000000162e-02 -8.306152000000000674e-03 0.000000000000000000e+00 1.761816000000000076e-02 0.000000000000000000e+00 1.790111999999999953e-02 1.143527000000000085e-02
1.721390999999999893e+00 2.887974000000000097e-02 -8.257679000000000408e-03 0.000000000000000000e+00 1.752139000000000127e-02 0.000000000000000000e+00 1.777499000000000093e-02 1.135834999999999970e-02
1.727579999999999893e+00 2.870603999999999864e-02 -8.209203999999999460e-03 0.000000000000000000e+00 1.742461000000000010e-02 0.000000000000000000e+00 1.764887000000000053e-02 1.128142999999999854e-02
1.733768999999999894e+00 2.853226999999999847e-02 -8.160664999999999239e-03 0.000000000000000000e+00 1.732772999999999952e-02 0.000000000000000000e+00 1.752261999999999917e-02 1.120453999999999894e-02
1.739957999999999894e+00 2.836338999999999874e-02 -8.113682000000000533e-03 0.000000000000000000e+00 1.723432000000000089e-02 0.000000000000000000e+00 1.740453999999999959e-02 1.112906999999999785e-02
1.746145999999999976e+00 2.819904000000000160e-02 -8.068300999999999945e-03 0.000000000000000000e+00 1.714448999999999834e-02 0.000000000000000000e+00 1.729402999999999843e-02 1.105455000000000326e-02
1.752334999999999976e+00 2.803434000000000134e-02 -8.023026000000000810e-03 0.000000000000000000e+00 1.705423999999999829e-02 0.000000000000000000e+00 1.718300000000000036e-02 1.098010000000000305e-02
1.758523999999999976e+00 2.786956000000000155e-02 -7.977773000000000503e-03 0.000000000000000000e+00 1.696390000000000051e-02 0.000000000000000000e+00 1.707186999999999941e-02 1.090566000000000105e-02
1.764712999999999976e+00 2.770482999999999973e-02 -7.932537999999999395e-03 0.000000000000000000e+00 1.687365000000000045e-02 0.000000000000000000e+00 1.696078999999999989e-02 1.083117999999999928e-02
1.770901999999999976e+00 2.754246000000000125e-02 -7.887830999999999662e-03 0.000000000000000000e+00 1.678533000000000108e-02 0.000000000000000000e+00 1.685241999999999990e-02 1.075713000000000016e-02
1.777090000000000058e+00 2.738507000000000094e-02 -7.844149999999999387e-03 0.000000000000000000e+00 1.670055999999999971e-02 0.000000000000000000e+00 1.674981000000000039e-02 1.068451000000000123e-02
1.783279000000000059e+00 2.722733999999999918e-02 -7.800348000000000351e-03 0.000000000000000000e+00 1.661560999999999941e-02 0.000000000000000000e+00 1.664720999999999909e-02 1.061172999999999977e-02
1.789468000000000059e+00 2.706961000000000089e-02 -7.756546999999999921e-03 0.000000000000000000e+00 1.653067000000000078e-02 0.000000000000000000e+00 1.654461000000000126e-02 1.053894000000000011e-02
1.795657000000000059e+00 2.691270000000000120e-02 -7.713033000000000215e-03 0.000000000000000000e+00 1.644612000000000157e-02 0.000000000000000000e+00 1.644197999999999840e-02 1.046657999999999963e-02
1.801844999999999919e+00 2.675680999999999893e-02 -7.669691000000000182e-03 0.000000000000000000e+00 1.636204000000000131e-02 0.000000000000000000e+00 1.633986999999999939e-02 1.039476999999999762e-02
1.808033999999999919e+00 2.661198999999999856e-02 -7.628242999999999829e-03 0.000000000000000000e+00 1.628303999999999863e-02 0.000000000000000000e+00 1.624340999999999979e-02 1.032894999999999994e-02
1.814222999999999919e+00 2.646739999999999857e-02 -7.586876999999999684e-03 0.000000000000000000e+00 1.620403999999999942e-02 0.000000000000000000e+00 1.614693999999999852e-02 1.026335999999999915e-02
1.820411999999999919e+00 2.632365000000000052e-02 -7.545821000000000299e-03 0.000000000000000000e+00 1.612502999999999853e-02 0.000000000000000000e+00 1.605039000000000118e-02 1.019862000000000199e-02
1.826600000000000001e+00 2.617981000000000127e-02 -7.504732000000000069e-03 0.000000000000000000e+00 1.604602999999999932e-02 0.000000000000000000e+00 1.595384000000000038e-02 1.013378000000000195e-02
1.832789000000000001e+00 2.603549000000000141e-02 -7.463468000000000012e-03 0.000000000000000000e+00 1.596701999999999844e-02 0.000000000000000000e+00 1.585734000000000102e-02 1.006847000000000297e-02
1.838978000000000002e+00 2.590498999999999927e-02 -7.421958000000000201e-03 0.000000000000000000e+00 1.589037000000000088e-02 0.000000000000000000e+00 1.576610999999999985e-02 1.001461999999999838e-02
1.845167000000000002e+00 2.577648000000000092e-02 -7.380606999999999966e-03 0.000000000000000000e+00 1.581377999999999950e-02 0.000000000000000000e+00 1.567574999999999871e-02 9.962700000000001416e-03
1.851355000000000084e+00 2.564796999999999910e-02 -7.339255999999999731e-03 0.000000000000000000e+00 1.573717999999999992e-02 0.000000000000000000e+00 1.558538999999999931e-02 9.910789999999999184e-03
1.857544000000000084e+00 2.551932000000000159e-02 -7.297979999999999919e-03 0.000000000000000000e+00 1.566038000000000152e-02 0.000000000000000000e+00 1.549468000000000026e-02 9.858940000000000065e-03
1.863733000000000084e+00 2.539090999999999917e-02 -7.256760000000000120e-03 0.000000000000000000e+00 1.558349000000000019e-02 0.000000000000000000e+00 1.540408000000000055e-02 9.807419999999998986e-03
1.869922000000000084e+00 2.527097999999999844e-02 -7.216084999999999687e-03 0.000000000000000000e+00 1.550858999999999918e-02 0.000000000000000000e+00 1.531831999999999985e-02 9.762389999999999263e-03
1.876109999999999944e+00 2.515357999999999830e-02 -7.175612999999999957e-03 0.000000000000000000e+00 1.543464999999999941e-02 0.000000000000000000e+00 1.523396999999999946e-02 9.718929999999998889e-03
1.882298999999999944e+00 2.503615999999999828e-02 -7.135159000000000293e-03 0.000000000000000000e+00 1.536076999999999929e-02 0.000000000000000000e+00 1.514959999999999918e-02 9.675389999999998991e-03
1.888487999999999944e+00 2.491880000000000137e-02 -7.094653000000000244e-03 0.000000000000000000e+00 1.528672000000000017e-02 0.000000000000000000e+00 1.506530000000000022e-02 9.632080000000001196e-03
1.894676999999999945e+00 2.480158999999999836e-02 -7.054036999999999981e-03 0.000000000000000000e+00 1.521235999999999942e-02 0.000000000000000000e+00 1.498116000000000031e-02 9.589229999999998935e-03
1.900865000000000027e+00 2.468269999999999839e-02 -7.010919000000000005e-03 0.000000000000000000e+00 1.513799000000000047e-02 0.000000000000000000e+00 1.489973999999999986e-02 9.544709999999997918e-03
1.907054000000000027e+00 2.456281999999999910e-02 -6.966301999999999738e-03 0.000000000000000000e+00 1.506362999999999973e-02 0.000000000000000000e+00 1.481994000000000020e-02 9.499189999999999370e-03
1.913243000000000027e+00 2.444307000000000077e-02 -6.921688999999999967e-03 0.000000000000000000e+00 1.498929000000000060e-02 0.000000000000000000e+00 1.474020000000000018e-02 9.453780000000000169e-03
1.919432000000000027e+00 2.432341999999999838e-02 -6.877079999999999825e-03 0.000000000000000000e+00 1.491496999999999962e-02 0.000000000000000000e+00 1.466049999999999992e-02 9.408449999999998759e-03
1.925620000000000109e+00 2.420368999999999993e-02 -6.832468000000000395e-03 0.000000000000000000e+00 1.484064000000000043e-02 0.000000000000000000e+00 1.458076999999999984e-02 9.363049999999999498e-03
1.931809000000000109e+00 2.408238000000000045e-02 -6.786677999999999981e-03 0.000000000000000000e+00 1.476832999999999965e-02 0.000000000000000000e+00 1.450325000000000052e-02 9.314050000000000801e-03
1.937998000000000109e+00 2.395991000000000093e-02 -6.739791999999999658e-03 0.000000000000000000e+00 1.469770999999999925e-02 0.000000000000000000e+00 1.442775999999999954e-02 9.262200000000001682e-03
1.944187000000000110e+00 2.383773000000000142e-02 -6.692823999999999995e-03 0.000000000000000000e+00 1.462698999999999944e-02 0.000000000000000000e+00 1.435233999999999989e-02 9.210740000000001981e-03
1.950374999999999970e+00 2.371554999999999844e-02 -6.645856000000000333e-03 0.000000000000000000e+00 1.455625999999999969e-02 0.000000000000000000e+00 1.427692000000000024e-02 9.159289999999998752e-03
1.956563999999999970e+00 2.359336999999999893e-02 -6.598887999999999802e-03 0.000000000000000000e+00 1.448553999999999987e-02 0.000000000000000000e+00 1.420151000000000052e-02 9.107829999999999052e-03
1.962752999999999970e+00 2.347097999999999893e-02 -6.549928000000000000e-03 0.000000000000000000e+00 1.441185000000000035e-02 0.000000000000000000e+00 1.412686999999999971e-02 9.059129999999998573e-03
1.968941999999999970e+00 2.334833000000000047e-02 -6.498705999999999927e-03 0.000000000000000000e+00 1.433484999999999968e-02 0.000000000000000000e+00 1.405308000000000078e-02 9.013480000000000797e-03
1.975130000000000052e+00 2.322567000000000034e-02 -6.447483000000000380e-03 0.000000000000000000e+00 1.425784000000000079e-02 0.000000000000000000e+00 1.397930000000000006e-02 8.967829999999999552e-03
1.981319000000000052e+00 2.310301000000000021e-02 -6.396261000000000307e-03 0.000000000000000000e+00 1.418083000000000017e-02 0.000000000000000000e+00 1.390551999999999934e-02 8.922180000000000041e-03
1.987508000000000052e+00 2.298060000000000033e-02 -6.345392000000000046e-03 0.000000000000000000e+00 1.410368000000000038e-02 0.000000000000000000e+00 1.383152999999999987e-02 8.876919999999999950e-03
1.993697000000000052e+00 2.285962999999999884e-02 -6.296735000000000353e-03 0.000000000000000000e+00 1.402613999999999944e-02 0.000000000000000000e+00 1.375819999999999994e-02 8.833489999999999398e-03
1.999886000000000053e+00 2.274025000000000005e-02 -6.250564999999999594e-03 0.000000000000000000e+00 1.394825000000000058e-02 0.000000000000000000e+00 1.368590000000000084e-02 8.791999999999999468e-03
2.006073999999999913e+00 2.262081000000000161e-02 -6.204394999999999702e-03 0.000000000000000000e+00 1.387048999999999921e-02 0.000000000000000000e+00 1.361357000000000018e-02 8.750320000000002402e-03
2.012262999999999913e+00 2.250144999999999923e-02 -6.158226000000000151e-03 0.000000000000000000e+00 1.379255000000000064e-02 0.000000000000000000e+00 1.354128999999999923e-02 8.708899999999998587e-03
2.018451999999999913e+00 2.238211000000000020e-02 -6.112058000000000074e-03 0.000000000000000000e+00 1.371450999999999920e-02 0.000000000000000000e+00 1.346903999999999983e-02 8.667600000000000998e-03
2.024640999999999913e+00 2.226797000000000151e-02 -6.064505000000000416e-03 0.000000000000000000e+00 1.363942999999999926e-02 0.000000000000000000e+00 1.340300999999999992e-02 8.628540000000002250e-03
2.030829000000000217e+00 2.215653000000000067e-02 -6.016231000000000356e-03 0.000000000000000000e+00 1.356590000000000053e-02 0.000000000000000000e+00 1.334020999999999992e-02 8.590630000000000141e-03
2.037018000000000217e+00 2.204485999999999946e-02 -5.968249000000000123e-03 0.000000000000000000e+00 1.349222999999999915e-02 0.000000000000000000e+00 1.327720999999999936e-02 8.552630000000000302e-03
2.043207000000000217e+00 2.193323000000000148e-02 -5.920219000000000002e-03 0.000000000000000000e+00 1.341857999999999940e-02 0.000000000000000000e+00 1.321425000000000030e-02 8.514650000000002078e-03
2.049396000000000218e+00 2.182146999999999906e-02 -5.872053999999999815e-03 0.000000000000000000e+00 1.334495999999999946e-02 0.000000000000000000e+00 1.315130999999999939e-02 8.476509999999999601e-03
2.055584000000000078e+00 2.169745999999999828e-02 -5.823346000000000078e-03 0.000000000000000000e+00 1.326920000000000009e-02 0.000000000000000000e+00 1.308493999999999977e-02 8.428259999999998184e-03
2.061773000000000078e+00 2.157343999999999928e-02 -5.774483999999999867e-03 0.000000000000000000e+00 1.319309999999999927e-02 0.000000000000000000e+00 1.301837999999999954e-02 8.380340000000000011e-03
2.067962000000000078e+00 2.144942000000000029e-02 -5.725621000000000183e-03 0.000000000000000000e+00 1.311701000000000013e-02 0.000000000000000000e+00 1.295182999999999925e-02 8.332410000000000164e-03
2.074151000000000078e+00 2.132540000000000130e-02 -5.676757999999999631e-03 0.000000000000000000e+00 1.304091999999999925e-02 0.000000000000000000e+00 1.288527000000000075e-02 8.284480000000002051e-03
2.080338999999999938e+00 2.119814999999999894e-02 -5.627308999999999610e-03 0.000000000000000000e+00 1.296481000000000022e-02 0.000000000000000000e+00 1.281714999999999938e-02 8.233339999999998715e-03
2.086527999999999938e+00 2.105829999999999855e-02 -5.575440000000000083e-03 0.000000000000000000e+00 1.288915000000000026e-02 0.000000000000000000e+00 1.274331000000000075e-02 8.169149999999998288e-03
2.092716999999999938e+00 2.091845000000000163e-02 -5.523570999999999689e-03 0.000000000000000000e+00 1.281349000000000030e-02 0.000000000000000000e+00 1.266947000000000038e-02 8.104960000000001330e-03
2.098905999999999938e+00 2.077860000000000124e-02 -5.471702000000000163e-03 0.000000000000000000e+00 1.273783000000000033e-02 0.000000000000000000e+00 1.259563000000000002e-02 8.040770000000000903e-03
2.105093999999999799e+00 2.063875000000000084e-02 -5.419809000000000258e-03 0.000000000000000000e+00 1.266209000000000084e-02 0.000000000000000000e+00 1.252173000000000001e-02 7.976660000000000000e-03
2.111282999999999799e+00 2.049799999999999886e-02 -5.367124000000000027e-03 0.000000000000000000e+00 1.258650000000000047e-02 0.000000000000000000e+00 1.244763999999999940e-02 7.911499999999998395e-03
2.117471999999999799e+00 2.035425000000000081e-02 -5.311902999999999764e-03 0.000000000000000000e+00 1.251182999999999983e-02 0.000000000000000000e+00 1.237335999999999991e-02 7.842420000000000987e-03
2.123660999999999799e+00 2.021051999999999918e-02 -5.256743999999999827e-03 0.000000000000000000e+00 1.243718000000000080e-02 0.000000000000000000e+00 1.229910000000000031e-02 7.773339999999998376e-03
2.129849000000000103e+00 2.006679000000000102e-02 -5.201624999999999652e-03 0.000000000000000000e+00 1.236254999999999993e-02 0.000000000000000000e+00 1.222484000000000071e-02 7.704240000000001087e-03
2.136038000000000103e+00 1.992301000000000141e-02 -5.146251999999999598e-03 0.000000000000000000e+00 1.228781999999999965e-02 0.000000000000000000e+00 1.215051999999999972e-02 7.635190000000001767e-03
2.142227000000000103e+00 1.977912999999999893e-02 -5.090306999999999645e-03 0.000000000000000000e+00 1.221337999999999938e-02 0.000000000000000000e+00 1.207657000000000001e-02 7.565749999999999559e-03
2.148416000000000103e+00 1.963466999999999990e-02 -5.030457000000000331e-03 0.000000000000000000e+00 1.214096999999999919e-02 0.000000000000000000e+00 1.200507999999999957e-02 7.493700000000000708e-03
2.154603999999999964e+00 1.949017000000000110e-02 -4.970562999999999891e-03 0.000000000000000000e+00 1.206850999999999931e-02 0.000000000000000000e+00 1.193354999999999937e-02 7.421660000000001797e-03
2.160792999999999964e+00 1.934558999999999931e-02 -4.910509999999999875e-03 0.000000000000000000e+00 1.199585000000000061e-02 0.000000000000000000e+00 1.186183000000000029e-02 7.349739999999998705e-03
2.166981999999999964e+00 1.920103000000000087e-02 -4.850499999999999777e-03 0.000000000000000000e+00 1.192324999999999982e-02 0.000000000000000000e+00 1.179017000000000086e-02 7.277780000000001054e-03
2.173170999999999964e+00 1.905652000000000040e-02 -4.790568000000000257e-03 0.000000000000000000e+00 1.185074000000000023e-02 0.000000000000000000e+00 1.171858999999999922e-02 7.205780000000000171e-03
2.179358999999999824e+00 1.890963000000000019e-02 -4.727928999999999639e-03 0.000000000000000000e+00 1.177827000000000041e-02 0.000000000000000000e+00 1.165071999999999983e-02 7.131359999999999782e-03
2.185547999999999824e+00 1.876248000000000152e-02 -4.664984999999999965e-03 0.000000000000000000e+00 1.170541999999999937e-02 0.000000000000000000e+00 1.158244999999999934e-02 7.057060000000002151e-03
2.191736999999999824e+00 1.861532999999999938e-02 -4.602041999999999765e-03 0.000000000000000000e+00 1.163257000000000006e-02 0.000000000000000000e+00 1.151418000000000059e-02 6.982759999999999315e-03
2.197925999999999824e+00 1.846818000000000071e-02 -4.539098000000000091e-03 0.000000000000000000e+00 1.155973000000000070e-02 0.000000000000000000e+00 1.144591000000000011e-02 6.908450000000000008e-03
2.204114000000000129e+00 1.832108000000000000e-02 -4.476130000000000039e-03 0.000000000000000000e+00 1.148678000000000025e-02 0.000000000000000000e+00 1.137757000000000004e-02 6.834299999999999750e-03
2.210303000000000129e+00 1.817471000000000017e-02 -4.411486000000000053e-03 0.000000000000000000e+00 1.141373000000000040e-02 0.000000000000000000e+00 1.131008000000000013e-02 6.760979999999999768e-03
2.216492000000000129e+00 1.802876999999999952e-02 -4.346097000000000155e-03 0.000000000000000000e+00 1.134087999999999936e-02 0.000000000000000000e+00 1.124346000000000026e-02 6.687890000000000154e-03
2.222681000000000129e+00 1.788282999999999887e-02 -4.280708999999999730e-03 0.000000000000000000e+00 1.126804000000000000e-02 0.000000000000000000e+00 1.117683000000000045e-02 6.614789999999998865e-03
2.228868999999999989e+00 1.773689000000000168e-02 -4.215319999999999831e-03 0.000000000000000000e+00 1.119519000000000070e-02 0.000000000000000000e+00 1.111021000000000057e-02 6.541700000000000986e-03
2.235057999999999989e+00 1.759083999999999995e-02 -4.149815999999999748e-03 0.000000000000000000e+00 1.112210999999999929e-02 0.000000000000000000e+00 1.104320999999999948e-02 6.468730000000000660e-03
2.241246999999999989e+00 1.744495000000000073e-02 -4.083551000000000368e-03 0.000000000000000000e+00 1.104872999999999966e-02 0.000000000000000000e+00 1.097767000000000014e-02 6.396220000000001071e-03
2.247435999999999989e+00 1.729941000000000118e-02 -4.016119999999999760e-03 0.000000000000000000e+00 1.097506000000000002e-02 0.000000000000000000e+00 1.091483000000000037e-02 6.324350000000001151e-03
2.253623999999999850e+00 1.715387000000000162e-02 -3.948712000000000055e-03 0.000000000000000000e+00 1.090143000000000015e-02 0.000000000000000000e+00 1.085201000000000048e-02 6.252440000000001469e-03
2.259812999999999850e+00 1.700834000000000026e-02 -3.881307999999999980e-03 0.000000000000000000e+00 1.082781000000000021e-02 0.000000000000000000e+00 1.078921000000000047e-02 6.180530000000000052e-03
2.266001999999999850e+00 1.686276999999999915e-02 -3.813808000000000129e-03 0.000000000000000000e+00 1.075402999999999949e-02 0.000000000000000000e+00 1.072626999999999955e-02 6.108739999999999656e-03
2.272190999999999850e+00 1.671751999999999960e-02 -3.746296999999999995e-03 0.000000000000000000e+00 1.068020000000000080e-02 0.000000000000000000e+00 1.066355000000000081e-02 6.037319999999998799e-03
2.278379999999999850e+00 1.657551999999999984e-02 -3.678671000000000111e-03 0.000000000000000000e+00 1.060589999999999970e-02 0.000000000000000000e+00 1.060302999999999940e-02 5.969620000000000135e-03
2.284568000000000154e+00 1.643355000000000163e-02 -3.611048999999999856e-03 0.000000000000000000e+00 1.053152000000000081e-02 0.000000000000000000e+00 1.054246000000000003e-02 5.902030000000000817e-03
2.290757000000000154e+00 1.629167999999999936e-02 -3.543441000000000039e-03 0.000000000000000000e+00 1.045686000000000011e-02 0.000000000000000000e+00 1.048171999999999993e-02 5.834819999999999243e-03
2.296946000000000154e+00 1.614977999999999900e-02 -3.475830999999999973e-03 0.000000000000000000e+00 1.038226000000000079e-02 0.000000000000000000e+00 1.042100999999999965e-02 5.767519999999998204e-03
2.303135000000000154e+00 1.600783000000000067e-02 -3.408211999999999874e-03 0.000000000000000000e+00 1.030782000000000052e-02 0.000000000000000000e+00 1.036040000000000051e-02 5.700010000000000146e-03
2.309323000000000015e+00 1.586840000000000125e-02 -3.340421000000000102e-03 0.000000000000000000e+00 1.023261999999999956e-02 0.000000000000000000e+00 1.030148999999999995e-02 5.635780000000001691e-03
2.315512000000000015e+00 1.572952999999999851e-02 -3.272557000000000157e-03 0.000000000000000000e+00 1.015692999999999978e-02 0.000000000000000000e+00 1.024263000000000083e-02 5.572599999999998735e-03
2.321701000000000015e+00 1.559064999999999930e-02 -3.204694000000000119e-03 0.000000000000000000e+00 1.008124999999999993e-02 0.000000000000000000e+00 1.018376000000000003e-02 5.509399999999999367e-03
2.327890000000000015e+00 1.545178000000000003e-02 -3.136831000000000081e-03 0.000000000000000000e+00 1.000556000000000015e-02 0.000000000000000000e+00 1.012491000000000085e-02 5.446219999999999881e-03
2.334077999999999875e+00 1.531282999999999950e-02 -3.068979999999999798e-03 0.000000000000000000e+00 9.929800000000000779e-03 0.000000000000000000e+00 1.006600000000000029e-02 5.383029999999998719e-03
2.340266999999999875e+00 1.517444000000000084e-02 -3.000270000000000194e-03 0.000000000000000000e+00 9.854329999999999687e-03 0.000000000000000000e+00 1.000768999999999964e-02 5.320110000000001158e-03
2.346455999999999875e+00 1.503641000000000005e-02 -2.931177000000000088e-03 0.000000000000000000e+00 9.779147999999999660e-03 0.000000000000000000e+00 9.949789000000000549e-03 5.257262000000000393e-03
2.352644999999999875e+00 1.489836999999999932e-02 -2.862083999999999982e-03 0.000000000000000000e+00 9.703965999999999634e-03 0.000000000000000000e+00 9.891890999999999878e-03 5.194403999999999688e-03
2.358833000000000180e+00 1.476034000000000027e-02 -2.792990999999999877e-03 0.000000000000000000e+00 9.628783999999999607e-03 0.000000000000000000e+00 9.833992999999999207e-03 5.131556000000000659e-03
2.365022000000000180e+00 1.462213000000000054e-02 -2.723775999999999801e-03 0.000000000000000000e+00 9.553512999999999589e-03 0.000000000000000000e+00 9.775937000000000168e-03 5.068617000000000955e-03
2.371211000000000180e+00 1.448585999999999971e-02 -2.654094999999999979e-03 0.000000000000000000e+00 9.479318999999999940e-03 0.000000000000000000e+00 9.718788000000000774e-03 5.006540999999999769e-03
2.377400000000000180e+00 1.435089999999999977e-02 -2.584149999999999902e-03 0.000000000000000000e+00 9.405851999999999269e-03 0.000000000000000000e+00 9.662274999999999683e-03 4.945048000000000499e-03
2.383589000000000180e+00 1.421610000000000061e-02 -2.514339999999999891e-03 0.000000000000000000e+00 9.332491999999999524e-03 0.000000000000000000e+00 9.605776999999999372e-03 4.883608000000001087e-03
2.389777000000000040e+00 1.408115000000000061e-02 -2.444402999999999940e-03 0.000000000000000000e+00 9.259030999999999165e-03 0.000000000000000000e+00 9.549267000000000172e-03 4.822119000000001446e-03
2.395966000000000040e+00 1.394610999999999941e-02 -2.374381000000000061e-03 0.000000000000000000e+00 9.185504000000000585e-03 0.000000000000000000e+00 9.492748000000000505e-03 4.760605999999998825e-03
2.402155000000000040e+00 1.381700999999999936e-02 -2.304209000000000205e-03 0.000000000000000000e+00 9.112446999999999214e-03 0.000000000000000000e+00 9.441499000000000766e-03 4.704563000000000147e-03
2.408344000000000040e+00 1.369076999999999968e-02 -2.233964000000000175e-03 0.000000000000000000e+00 9.039615000000000844e-03 0.000000000000000000e+00 9.392783999999999509e-03 4.651154999999998832e-03
2.414531999999999901e+00 1.356440000000000076e-02 -2.163592000000000206e-03 0.000000000000000000e+00 8.966626000000000110e-03 0.000000000000000000e+00 9.344026000000000068e-03 4.597774000000000652e-03
2.420720999999999901e+00 1.343806999999999988e-02 -2.093250999999999966e-03 0.000000000000000000e+00 8.893675000000000191e-03 0.000000000000000000e+00 9.295272999999999730e-03 4.544394999999999685e-03
2.426909999999999901e+00 1.331176000000000061e-02 -2.022935000000000011e-03 0.000000000000000000e+00 8.820754000000000095e-03 0.000000000000000000e+00 9.246532999999999489e-03 4.491006000000000511e-03
2.433098999999999901e+00 1.319938000000000014e-02 -1.952930000000000074e-03 0.000000000000000000e+00 8.747187999999999491e-03 0.000000000000000000e+00 9.205539999999999903e-03 4.452192000000000649e-03
2.439287000000000205e+00 1.308845999999999968e-02 -1.882842000000000023e-03 0.000000000000000000e+00 8.673327999999999247e-03 0.000000000000000000e+00 9.165246000000000157e-03 4.415132000000000431e-03
2.445476000000000205e+00 1.297753999999999922e-02 -1.812697999999999957e-03 0.000000000000000000e+00 8.599357000000000181e-03 0.000000000000000000e+00 9.124909000000000492e-03 4.378182999999999034e-03
2.451665000000000205e+00 1.286662000000000049e-02 -1.742560999999999893e-03 0.000000000000000000e+00 8.525398999999999478e-03 0.000000000000000000e+00 9.084576000000000456e-03 4.341221000000001010e-03
2.457854000000000205e+00 1.276064000000000018e-02 -1.672782000000000045e-03 0.000000000000000000e+00 8.451737000000000832e-03 0.000000000000000000e+00 9.045996000000000592e-03 4.308902999999999345e-03
2.464042000000000066e+00 1.266502000000000079e-02 -1.603376000000000107e-03 0.000000000000000000e+00 8.378030999999999326e-03 0.000000000000000000e+00 9.010828000000000240e-03 4.286989000000001465e-03
2.470231000000000066e+00 1.256937999999999979e-02 -1.533941999999999944e-03 0.000000000000000000e+00 8.304284999999999792e-03 0.000000000000000000e+00 8.975642000000000689e-03 4.265094999999999997e-03
2.476420000000000066e+00 1.247374000000000052e-02 -1.464505000000000060e-03 0.000000000000000000e+00 8.230550999999999146e-03 0.000000000000000000e+00 8.940455999999999404e-03 4.243189000000001376e-03
2.482609000000000066e+00 1.237812999999999934e-02 -1.395018000000000039e-03 0.000000000000000000e+00 8.156896999999999759e-03 0.000000000000000000e+00 8.905252000000000653e-03 4.221232999999999583e-03
2.488796999999999926e+00 1.229147000000000052e-02 -1.325811000000000090e-03 0.000000000000000000e+00 8.083890999999999299e-03 0.000000000000000000e+00 8.876538999999999263e-03 4.207579000000001221e-03
2.494985999999999926e+00 1.220542999999999975e-02 -1.256675000000000066e-03 0.000000000000000000e+00 8.010964000000000626e-03 0.000000000000000000e+00 8.848274999999999196e-03 4.194465999999999126e-03
2.501174999999999926e+00 1.211940000000000066e-02 -1.187539999999999950e-03 0.000000000000000000e+00 7.938037000000000218e-03 0.000000000000000000e+00 8.820012000000000338e-03 4.181363000000000441e-03
2.507363999999999926e+00 1.203327000000000042e-02 -1.118283000000000081e-03 0.000000000000000000e+00 7.865037000000000070e-03 0.000000000000000000e+00 8.791682999999999790e-03 4.168233000000000354e-03
2.513551999999999786e+00 1.195609000000000081e-02 -1.049480999999999895e-03 0.000000000000000000e+00 7.791979000000000093e-03 0.000000000000000000e+00 8.769986999999999921e-03 4.164111000000000722e-03
2.519740999999999786e+00 1.188158999999999917e-02 -9.809790999999999130e-04 0.000000000000000000e+00 7.719013999999999737e-03 0.000000000000000000e+00 8.750373999999999999e-03 4.162575999999999429e-03
2.525929999999999787e+00 1.180710999999999913e-02 -9.124940000000000221e-04 0.000000000000000000e+00 7.646061000000000003e-03 0.000000000000000000e+00 8.730777999999999803e-03 4.161048999999999130e-03
2.532118999999999787e+00 1.173253999999999964e-02 -8.437912999999999794e-04 0.000000000000000000e+00 7.572958999999999767e-03 0.000000000000000000e+00 8.710972000000000853e-03 4.159580999999999869e-03
2.538307000000000091e+00 1.166999999999999982e-02 -7.761953000000000255e-04 0.000000000000000000e+00 7.499165000000000345e-03 0.000000000000000000e+00 8.696046000000000678e-03 4.170834999999999473e-03
2.544496000000000091e+00 1.160989999999999939e-02 -7.088549999999999886e-04 0.000000000000000000e+00 7.425252999999999715e-03 0.000000000000000000e+00 8.682143999999999279e-03 4.184646999999999673e-03
2.550685000000000091e+00 1.154974999999999925e-02 -6.414720000000000274e-04 0.000000000000000000e+00 7.351317999999999915e-03 0.000000000000000000e+00 8.668178999999999815e-03 4.198431999999999338e-03
2.556874000000000091e+00 1.149124999999999973e-02 -5.742927000000000318e-04 0.000000000000000000e+00 7.277159000000000058e-03 0.000000000000000000e+00 8.654747000000000828e-03 4.214090999999999670e-03
2.563061999999999951e+00 1.144429999999999926e-02 -5.087915000000000363e-04 0.000000000000000000e+00 7.201626000000000034e-03 0.000000000000000000e+00 8.645353999999999192e-03 4.242673999999999231e-03
2.569250999999999951e+00 1.139709000000000035e-02 -4.431963000000000243e-04 0.000000000000000000e+00 7.126056999999999877e-03 0.000000000000000000e+00 8.635775999999999522e-03 4.271033000000000468e-03
2.575439999999999952e+00 1.135003000000000054e-02 -3.776564000000000049e-04 0.000000000000000000e+00 7.050510000000000284e-03 0.000000000000000000e+00 8.626306999999999725e-03 4.299520000000000251e-03
2.581628999999999952e+00 1.131026000000000080e-02 -3.134651999999999816e-04 0.000000000000000000e+00 6.974466000000000346e-03 0.000000000000000000e+00 8.620397000000000129e-03 4.335794000000000453e-03
2.587816999999999812e+00 1.127396999999999948e-02 -2.498895999999999800e-04 0.000000000000000000e+00 6.898154000000000091e-03 0.000000000000000000e+00 8.616218000000000141e-03 4.375815999999999387e-03
2.594005999999999812e+00 1.123760000000000037e-02 -1.862932999999999939e-04 0.000000000000000000e+00 6.821840000000000022e-03 0.000000000000000000e+00 8.612008000000000857e-03 4.415760000000000345e-03
2.600194999999999812e+00 1.120553000000000000e-02 -1.233060000000000015e-04 0.000000000000000000e+00 6.745410000000000295e-03 0.000000000000000000e+00 8.609979000000000243e-03 4.460119999999999710e-03
2.606383999999999812e+00 1.117867999999999987e-02 -6.097998000000000090e-05 0.000000000000000000e+00 6.668811999999999657e-03 0.000000000000000000e+00 8.610708999999999377e-03 4.509868000000000210e-03
2.612572000000000116e+00 1.115173000000000032e-02 1.369257000000000043e-06 0.000000000000000000e+00 6.592213999999999886e-03 0.000000000000000000e+00 8.611409000000000424e-03 4.559516000000000437e-03
2.618761000000000116e+00 1.112935999999999960e-02 6.279495999999999483e-05 0.000000000000000000e+00 6.515583000000000138e-03 0.000000000000000000e+00 8.613643000000000688e-03 4.613776999999999462e-03
2.624950000000000117e+00 1.111281000000000074e-02 1.230548999999999998e-04 0.000000000000000000e+00 6.438909999999999946e-03 0.000000000000000000e+00 8.617882999999999794e-03 4.673900000000000797e-03
2.631139000000000117e+00 1.109625000000000021e-02 1.833147999999999885e-04 0.000000000000000000e+00 6.362236999999999754e-03 0.000000000000000000e+00 8.622124000000000107e-03 4.734013000000000457e-03
2.637326999999999977e+00 1.108703999999999940e-02 2.424372999999999904e-04 0.000000000000000000e+00 6.285264999999999949e-03 0.000000000000000000e+00 8.627653000000000752e-03 4.801774999999999446e-03
2.643515999999999977e+00 1.108206999999999942e-02 3.007425000000000094e-04 0.000000000000000000e+00 6.208276000000000419e-03 0.000000000000000000e+00 8.634018000000000248e-03 4.873793999999999002e-03
2.649704999999999977e+00 1.107791999999999978e-02 3.586835999999999822e-04 0.000000000000000000e+00 6.131430000000000213e-03 0.000000000000000000e+00 8.640613000000000113e-03 4.946489999999999568e-03
2.655893999999999977e+00 1.108487000000000014e-02 4.144104000000000125e-04 0.000000000000000000e+00 6.054107000000000412e-03 0.000000000000000000e+00 8.648713000000000581e-03 5.030762999999999728e-03
2.662081999999999837e+00 1.109183000000000044e-02 4.701362000000000271e-04 0.000000000000000000e+00 5.976791000000000395e-03 0.000000000000000000e+00 8.656817000000000678e-03 5.115039000000000044e-03
2.668270999999999837e+00 1.110765000000000016e-02 5.249707999999999848e-04 0.000000000000000000e+00 5.898556999999999585e-03 0.000000000000000000e+00 8.665911999999999574e-03 5.209093000000000577e-03
2.674459999999999837e+00 1.112753000000000006e-02 5.794075999999999784e-04 0.000000000000000000e+00 5.820042000000000097e-03 0.000000000000000000e+00 8.675485999999999615e-03 5.307487999999999963e-03
2.680648999999999837e+00 1.115441999999999996e-02 6.329760999999999721e-04 0.000000000000000000e+00 5.740676999999999586e-03 0.000000000000000000e+00 8.686034999999999937e-03 5.413743000000000374e-03
2.686837000000000142e+00 1.118801999999999991e-02 6.858250999999999670e-04 0.000000000000000000e+00 5.660746999999999828e-03 0.000000000000000000e+00 8.697547999999999391e-03 5.527273000000000082e-03
2.693026000000000142e+00 1.123100999999999960e-02 7.382136000000000297e-04 0.000000000000000000e+00 5.580634999999999589e-03 0.000000000000000000e+00 8.712302999999999367e-03 5.650375000000000016e-03
2.699215000000000142e+00 1.128222000000000079e-02 7.902998000000000054e-04 0.000000000000000000e+00 5.500556000000000195e-03 0.000000000000000000e+00 8.729753999999999292e-03 5.781664000000000594e-03
2.705404000000000142e+00 1.134112999999999961e-02 8.416524999999999788e-04 0.000000000000000000e+00 5.418420999999999654e-03 0.000000000000000000e+00 8.748155000000000514e-03 5.922708999999999960e-03
2.711593000000000142e+00 1.140499000000000027e-02 8.925577000000000077e-04 0.000000000000000000e+00 5.335252000000000397e-03 0.000000000000000000e+00 8.767113999999999463e-03 6.069737999999999870e-03
2.717781000000000002e+00 1.147988999999999954e-02 9.434044000000000370e-04 0.000000000000000000e+00 5.249995999999999829e-03 0.000000000000000000e+00 8.788376999999999994e-03 6.229893999999999710e-03
2.723970000000000002e+00 1.155984000000000005e-02 9.942187000000000767e-04 0.000000000000000000e+00 5.163955999999999928e-03 0.000000000000000000e+00 8.810655000000000570e-03 6.395884000000000118e-03
2.730159000000000002e+00 1.165433999999999914e-02 1.044393000000000014e-03 0.000000000000000000e+00 5.075585999999999987e-03 0.000000000000000000e+00 8.835581999999999811e-03 6.578753999999999158e-03
2.736348000000000003e+00 1.175213999999999946e-02 1.094429999999999969e-03 0.000000000000000000e+00 4.986728999999999641e-03 0.000000000000000000e+00 8.861086000000000656e-03 6.765410999999999821e-03
2.742535999999999863e+00 1.186934000000000079e-02 1.144723999999999959e-03 0.000000000000000000e+00 4.894825999999999691e-03 0.000000000000000000e+00 8.888406999999999211e-03 6.974514000000001102e-03
2.748724999999999863e+00 1.199151000000000036e-02 1.195050999999999926e-03 0.000000000000000000e+00 4.802248000000000280e-03 0.000000000000000000e+00 8.915970999999999966e-03 7.189262000000000083e-03
2.754913999999999863e+00 1.212937000000000043e-02 1.245486000000000076e-03 0.000000000000000000e+00 4.707489999999999938e-03 0.000000000000000000e+00 8.944310000000000455e-03 7.421880000000000491e-03
2.761102999999999863e+00 1.227937999999999946e-02 1.295995999999999997e-03 0.000000000000000000e+00 4.611243000000000113e-03 0.000000000000000000e+00 8.972923000000000704e-03 7.668136999999999349e-03
2.767291000000000167e+00 1.243972999999999954e-02 1.346566999999999903e-03 0.000000000000000000e+00 4.513498999999999810e-03 0.000000000000000000e+00 9.001858999999999209e-03 7.926230999999998861e-03
2.773480000000000167e+00 1.262232999999999931e-02 1.397685999999999980e-03 0.000000000000000000e+00 4.413364000000000349e-03 0.000000000000000000e+00 9.030526000000000525e-03 8.208965999999998098e-03
2.779669000000000167e+00 1.281575000000000075e-02 1.448980000000000103e-03 0.000000000000000000e+00 4.312176000000000030e-03 0.000000000000000000e+00 9.058857999999999494e-03 8.503573999999999855e-03
2.785858000000000168e+00 1.303024000000000023e-02 1.500473999999999905e-03 0.000000000000000000e+00 4.208813999999999958e-03 0.000000000000000000e+00 9.086307000000000064e-03 8.821426000000000267e-03
2.792046000000000028e+00 1.326757999999999930e-02 1.552381999999999937e-03 0.000000000000000000e+00 4.103680000000000175e-03 0.000000000000000000e+00 9.112079000000000359e-03 9.163899999999999130e-03
2.798235000000000028e+00 1.352082999999999931e-02 1.604530000000000062e-03 0.000000000000000000e+00 3.997192000000000106e-03 0.000000000000000000e+00 9.136494999999999686e-03 9.523637999999999201e-03
2.804424000000000028e+00 1.380380999999999969e-02 1.657052000000000004e-03 0.000000000000000000e+00 3.888402000000000004e-03 0.000000000000000000e+00 9.157837000000000269e-03 9.915408000000000555e-03
2.810613000000000028e+00 1.411523999999999938e-02 1.709847000000000016e-03 0.000000000000000000e+00 3.777880999999999861e-03 0.000000000000000000e+00 9.175956000000000737e-03 1.033735899999999909e-02
2.816802000000000028e+00 1.445027999999999938e-02 1.762810999999999979e-03 0.000000000000000000e+00 3.665789000000000027e-03 0.000000000000000000e+00 9.191146000000000732e-03 1.078449100000000022e-02
2.822989999999999888e+00 1.481761000000000016e-02 1.815998000000000091e-03 0.000000000000000000e+00 3.551447000000000111e-03 0.000000000000000000e+00 9.202157000000000739e-03 1.126616299999999918e-02
2.829178999999999888e+00 1.522718999999999982e-02 1.869463000000000028e-03 0.000000000000000000e+00 3.435018000000000186e-03 0.000000000000000000e+00 9.207566999999999835e-03 1.179217200000000007e-02
2.835367999999999888e+00 1.567019999999999871e-02 1.922936999999999997e-03 0.000000000000000000e+00 3.316832000000000027e-03 0.000000000000000000e+00 9.208496999999999516e-03 1.235336799999999825e-02
2.841556999999999888e+00 1.614969000000000127e-02 1.976266999999999868e-03 0.000000000000000000e+00 3.196752000000000187e-03 0.000000000000000000e+00 9.204462999999999534e-03 1.295293800000000065e-02
2.847745000000000193e+00 1.667296999999999876e-02 2.029168000000000031e-03 0.000000000000000000e+00 3.074407999999999828e-03 0.000000000000000000e+00 9.194290000000000795e-03 1.359856199999999807e-02
2.853934000000000193e+00 1.724900999999999865e-02 2.081236000000000197e-03 0.000000000000000000e+00 2.950027000000000031e-03 0.000000000000000000e+00 9.175799999999999582e-03 1.429898299999999775e-02
2.860123000000000193e+00 1.787064999999999834e-02 2.132431000000000170e-03 0.000000000000000000e+00 2.823765000000000216e-03 0.000000000000000000e+00 9.149265999999999649e-03 1.504688499999999769e-02
2.866312000000000193e+00 1.854157999999999848e-02 2.182583000000000092e-03 0.000000000000000000e+00 2.695757000000000014e-03 0.000000000000000000e+00 9.113269999999999704e-03 1.584582299999999846e-02
2.872500000000000053e+00 1.926539999999999850e-02 2.231045999999999984e-03 0.000000000000000000e+00 2.566173000000000152e-03 0.000000000000000000e+00 9.066674999999999734e-03 1.669922699999999705e-02
2.878689000000000053e+00 2.004689000000000124e-02 2.277365999999999852e-03 0.000000000000000000e+00 2.434960999999999810e-03 0.000000000000000000e+00 9.007710999999999843e-03 1.761192900000000186e-02
2.884878000000000053e+00 2.089039999999999994e-02 2.321127000000000086e-03 0.000000000000000000e+00 2.302275999999999802e-03 0.000000000000000000e+00 8.934254000000000848e-03 1.858812400000000101e-02
2.891067000000000053e+00 2.179671000000000039e-02 2.361228999999999845e-03 0.000000000000000000e+00 2.168461999999999907e-03 0.000000000000000000e+00 8.844373000000000859e-03 1.962824800000000092e-02
2.897254999999999914e+00 2.276714000000000168e-02 2.396807999999999838e-03 0.000000000000000000e+00 2.033551000000000195e-03 0.000000000000000000e+00 8.735758999999999191e-03 2.073358900000000019e-02
2.903443999999999914e+00 2.379639999999999880e-02 2.426105000000000015e-03 0.000000000000000000e+00 1.897999000000000040e-03 0.000000000000000000e+00 8.606722000000000677e-03 2.189840099999999790e-02
2.909632999999999914e+00 2.487889000000000073e-02 2.447888000000000060e-03 0.000000000000000000e+00 1.762071000000000037e-03 0.000000000000000000e+00 8.454954000000000636e-03 2.311681900000000026e-02
2.915821999999999914e+00 2.600324999999999859e-02 2.460045000000000114e-03 0.000000000000000000e+00 1.626332000000000081e-03 0.000000000000000000e+00 8.279616000000000059e-03 2.437691799999999742e-02
2.922010000000000218e+00 2.715040000000000162e-02 2.460685000000000216e-03 0.000000000000000000e+00 1.491125000000000046e-03 0.000000000000000000e+00 8.078326000000000257e-03 2.565927500000000222e-02
2.928199000000000218e+00 2.829639000000000112e-02 2.447341999999999920e-03 0.000000000000000000e+00 1.356896999999999921e-03 0.000000000000000000e+00 7.849310999999999441e-03 2.693949300000000185e-02
2.934388000000000218e+00 2.940583999999999906e-02 2.417320000000000146e-03 0.000000000000000000e+00 1.224379000000000049e-03 0.000000000000000000e+00 7.591478999999999935e-03 2.818146099999999793e-02
2.940577000000000218e+00 3.043527000000000038e-02 2.367651000000000130e-03 0.000000000000000000e+00 1.094073000000000094e-03 0.000000000000000000e+00 7.303544000000000355e-03 2.934119699999999942e-02
2.946765000000000079e+00 3.132710999999999829e-02 2.295217999999999911e-03 0.000000000000000000e+00 9.667178000000000229e-04 0.000000000000000000e+00 6.985021999999999585e-03 3.036039219999999914e-02
2.952954000000000079e+00 3.200718999999999786e-02 2.196758000000000044e-03 0.000000000000000000e+00 8.432080999999999474e-04 0.000000000000000000e+00 6.635326999999999892e-03 3.116398189999999846e-02
2.959143000000000079e+00 3.233454000000000189e-02 2.065324999999999800e-03 0.000000000000000000e+00 7.249363000000000204e-04 0.000000000000000000e+00 6.250223000000000063e-03 3.160960370000000241e-02
2.965332000000000079e+00 3.223981000000000069e-02 1.903469999999999988e-03 0.000000000000000000e+00 6.120685999999999965e-04 0.000000000000000000e+00 5.834866999999999658e-03 3.162774139999999928e-02
2.971519999999999939e+00 3.161629999999999996e-02 1.711290000000000077e-03 0.000000000000000000e+00 5.052567999999999903e-04 0.000000000000000000e+00 5.390403000000000208e-03 3.111104320000000062e-02
2.977708999999999939e+00 3.023516000000000051e-02 1.487082000000000031e-03 0.000000000000000000e+00 4.065973999999999977e-04 0.000000000000000000e+00 4.914606999999999656e-03 2.982856260000000051e-02
2.983897999999999939e+00 2.807000000000000120e-02 1.239887000000000064e-03 0.000000000000000000e+00 3.159581999999999864e-04 0.000000000000000000e+00 4.412148999999999759e-03 2.775404180000000040e-02
2.990086999999999939e+00 2.504841999999999833e-02 9.791699000000000930e-04 0.000000000000000000e+00 2.347101999999999945e-04 0.000000000000000000e+00 3.883783000000000027e-03 2.481370980000000004e-02
2.996274999999999800e+00 2.118133000000000168e-02 7.191079999999999868e-04 0.000000000000000000e+00 1.642473999999999887e-04 0.000000000000000000e+00 3.329448999999999950e-03 2.101708260000000050e-02
3.002463999999999800e+00 1.670606999999999995e-02 4.787017999999999981e-04 0.000000000000000000e+00 1.054093999999999940e-04 0.000000000000000000e+00 2.750462999999999866e-03 1.660066060000000079e-02
3.008652999999999800e+00 1.195937000000000042e-02 2.763951000000000060e-04 0.000000000000000000e+00 5.933749999999999897e-05 0.000000000000000000e+00 2.147786999999999960e-03 1.190003250000000110e-02
3.014841999999999800e+00 7.476794000000000148e-03 1.312970000000000001e-04 0.000000000000000000e+00 2.760419999999999907e-05 0.000000000000000000e+00 1.526620000000000017e-03 7.449189800000000430e-03
3.021030000000000104e+00 3.753522000000000022e-03 4.395088999999999891e-05 0.000000000000000000e+00 8.850265999999999266e-06 0.000000000000000000e+00 9.112438000000000048e-04 3.744671733999999867e-03
3.027219000000000104e+00 1.199163000000000052e-03 6.979073000000000121e-06 0.000000000000000000e+00 1.196575000000000059e-06 0.000000000000000000e+00 3.619674000000000134e-04 1.197966424999999998e-03
3.033408000000000104e+00 5.101641000000000238e-05 5.646261999999999708e-09 0.000000000000000000e+00 9.934401000000000672e-10 0.000000000000000000e+00 2.065054000000000100e-05 5.101541655990000294e-05
