9.169999999999999549e-04 5.554443999999999907e-05 -2.374266000000000040e-07 0.000000000000000000e+00 4.003075000000000262e-09 0.000000000000000000e+00 7.286324000000000002e-05 5.554043692499999852e-05
7.106000000000000337e-03 2.510641000000000088e-03 -1.482393999999999990e-05 0.000000000000000000e+00 1.159823000000000059e-05 0.000000000000000000e+00 3.155261999999999824e-03 2.499042769999999889e-03
1.329499999999999953e-02 6.762968999999999752e-03 -8.588271999999999822e-05 0.000000000000000000e+00 1.024640999999999936e-04 0.000000000000000000e+00 8.257027000000000116e-03 6.660504900000000124e-03
1.948300000000000032e-02 1.106279999999999937e-02 -2.225135000000000101e-04 0.000000000000000000e+00 3.393084999999999786e-04 0.000000000000000000e+00 1.330307000000000017e-02 1.072349149999999966e-02
2.567200000000000037e-02 1.473871000000000035e-02 -4.055360000000000150e-04 0.000000000000000000e+00 7.345596999999999934e-04 0.000000000000000000e+00 1.759929000000000007e-02 1.400415030000000047e-02
3.186100000000000043e-02 1.764438000000000117e-02 -6.191871999999999524e-04 0.000000000000000000e+00 1.283187999999999994e-03 0.000000000000000000e+00 2.101126000000000035e-02 1.636119200000000010e-02
3.805000000000000049e-02 1.992705999999999991e-02 -8.507929999999999703e-04 0.000000000000000000e+00 1.949999000000000003e-03 0.000000000000000000e+00 2.371623000000000134e-02 1.797706099999999904e-02
4.423799999999999955e-02 2.171502999999999975e-02 -1.095016999999999996e-03 0.000000000000000000e+00 2.707272000000000151e-03 0.000000000000000000e+00 2.585314000000000015e-02 1.900775799999999960e-02
5.042699999999999960e-02 2.312379999999999991e-02 -1.348805999999999920e-03 0.000000000000000000e+00 3.530146999999999972e-03 0.000000000000000000e+00 2.754701999999999845e-02 1.959365299999999907e-02
5.661599999999999966e-02 2.424515000000000003e-02 -1.610447000000000094e-03 0.000000000000000000e+00 4.397113999999999710e-03 0.000000000000000000e+00 2.889660999999999966e-02 1.984803599999999946e-02
6.280499999999999972e-02 2.515092000000000022e-02 -1.878806000000000009e-03 0.000000000000000000e+00 5.290356999999999872e-03 0.000000000000000000e+00 2.997560000000000155e-02 1.986056300000000122e-02
6.899299999999999877e-02 2.589641999999999986e-02 -2.152770999999999938e-03 0.000000000000000000e+00 6.195744000000000425e-03 0.000000000000000000e+00 3.083980999999999875e-02 1.970067600000000030e-02
7.518199999999999883e-02 2.652080999999999883e-02 -2.431294000000000077e-03 0.000000000000000000e+00 7.103947000000000213e-03 0.000000000000000000e+00 3.153215999999999658e-02 1.941686299999999948e-02
8.137099999999999889e-02 2.705282000000000173e-02 -2.713624999999999891e-03 0.000000000000000000e+00 8.008025000000000213e-03 0.000000000000000000e+00 3.207942999999999906e-02 1.904479500000000325e-02
8.755999999999999894e-02 2.751655000000000073e-02 -2.998816000000000068e-03 0.000000000000000000e+00 8.899450999999999196e-03 0.000000000000000000e+00 3.250837000000000171e-02 1.861709900000000154e-02
9.374799999999999800e-02 2.793261000000000008e-02 -3.285981999999999792e-03 0.000000000000000000e+00 9.777730999999999575e-03 0.000000000000000000e+00 3.284762000000000098e-02 1.815487899999999877e-02
9.993699999999999806e-02 2.830496000000000054e-02 -3.574914000000000217e-03 0.000000000000000000e+00 1.063526000000000055e-02 0.000000000000000000e+00 3.310151000000000066e-02 1.766969999999999999e-02
1.061259999999999981e-01 2.865024000000000043e-02 -3.865255000000000166e-03 0.000000000000000000e+00 1.147548999999999965e-02 0.000000000000000000e+00 3.329640999999999851e-02 1.717475000000000251e-02
1.123149999999999982e-01 2.896997999999999934e-02 -4.157155000000000052e-03 0.000000000000000000e+00 1.229145000000000064e-02 0.000000000000000000e+00 3.343933000000000322e-02 1.667852999999999697e-02
1.185029999999999972e-01 2.927385999999999877e-02 -4.450481000000000055e-03 0.000000000000000000e+00 1.308574000000000022e-02 0.000000000000000000e+00 3.354134999999999756e-02 1.618812000000000029e-02
1.246919999999999973e-01 2.956780999999999993e-02 -4.744863999999999679e-03 0.000000000000000000e+00 1.385843999999999965e-02 0.000000000000000000e+00 3.361524999999999930e-02 1.570937000000000028e-02
1.308809999999999973e-01 2.985406000000000171e-02 -5.040389000000000154e-03 0.000000000000000000e+00 1.460732999999999997e-02 0.000000000000000000e+00 3.366708000000000200e-02 1.524673000000000174e-02
1.370699999999999974e-01 3.013930999999999902e-02 -5.336724000000000155e-03 0.000000000000000000e+00 1.533144999999999994e-02 0.000000000000000000e+00 3.370296999999999876e-02 1.480785999999999908e-02
1.432579999999999965e-01 3.042674999999999894e-02 -5.633624999999999744e-03 0.000000000000000000e+00 1.603274999999999839e-02 0.000000000000000000e+00 3.373022999999999993e-02 1.439400000000000054e-02
1.494469999999999965e-01 3.071810000000000165e-02 -5.930865999999999916e-03 0.000000000000000000e+00 1.671243000000000034e-02 0.000000000000000000e+00 3.375283999999999923e-02 1.400567000000000131e-02
1.556359999999999966e-01 3.101425999999999836e-02 -6.228257000000000064e-03 0.000000000000000000e+00 1.737079999999999874e-02 0.000000000000000000e+00 3.377320000000000322e-02 1.364345999999999962e-02
1.618249999999999966e-01 3.131557000000000091e-02 -6.525943999999999669e-03 0.000000000000000000e+00 1.800830999999999960e-02 0.000000000000000000e+00 3.379133000000000137e-02 1.330726000000000131e-02
1.680129999999999957e-01 3.162225999999999926e-02 -6.823784000000000273e-03 0.000000000000000000e+00 1.862573000000000006e-02 0.000000000000000000e+00 3.380732999999999655e-02 1.299652999999999919e-02
1.742019999999999957e-01 3.193377000000000021e-02 -7.121694999999999935e-03 0.000000000000000000e+00 1.922366000000000005e-02 0.000000000000000000e+00 3.382095999999999714e-02 1.271011000000000016e-02
1.803909999999999958e-01 3.224934000000000134e-02 -7.419643000000000072e-03 0.000000000000000000e+00 1.980298999999999948e-02 0.000000000000000000e+00 3.383255000000000290e-02 1.244635000000000186e-02
1.865799999999999959e-01 3.256843999999999711e-02 -7.717803999999999984e-03 0.000000000000000000e+00 2.036481999999999876e-02 0.000000000000000000e+00 3.384328999999999810e-02 1.220361999999999836e-02
1.927679999999999949e-01 3.289054000000000283e-02 -8.015987999999999933e-03 0.000000000000000000e+00 2.091016000000000055e-02 0.000000000000000000e+00 3.385524000000000172e-02 1.198038000000000228e-02
1.989569999999999950e-01 3.321498999999999979e-02 -8.314201999999999704e-03 0.000000000000000000e+00 2.143955999999999987e-02 0.000000000000000000e+00 3.387160000000000171e-02 1.177542999999999992e-02
2.051459999999999950e-01 3.354373000000000077e-02 -8.612453000000000816e-03 0.000000000000000000e+00 2.195481000000000169e-02 0.000000000000000000e+00 3.389649000000000134e-02 1.158891999999999908e-02
2.113349999999999951e-01 3.387972000000000206e-02 -8.909184000000000547e-03 0.000000000000000000e+00 2.245778999999999831e-02 0.000000000000000000e+00 3.393577999999999872e-02 1.142193000000000375e-02
2.175239999999999951e-01 3.421620000000000217e-02 -9.206285999999999289e-03 0.000000000000000000e+00 2.294610000000000052e-02 0.000000000000000000e+00 3.398414999999999769e-02 1.127010000000000164e-02
2.237119999999999942e-01 3.455525000000000263e-02 -9.501218000000000510e-03 0.000000000000000000e+00 2.341936999999999838e-02 0.000000000000000000e+00 3.404689000000000326e-02 1.113588000000000425e-02
2.299009999999999942e-01 3.489791999999999894e-02 -9.795305000000000678e-03 0.000000000000000000e+00 2.388250999999999916e-02 0.000000000000000000e+00 3.411912999999999752e-02 1.101540999999999978e-02
2.360899999999999943e-01 3.524421999999999972e-02 -1.008892999999999943e-02 0.000000000000000000e+00 2.433451000000000017e-02 0.000000000000000000e+00 3.420286000000000159e-02 1.090970999999999955e-02
2.422789999999999944e-01 3.559605999999999881e-02 -1.038089000000000026e-02 0.000000000000000000e+00 2.477209000000000008e-02 0.000000000000000000e+00 3.429694999999999966e-02 1.082396999999999873e-02
2.484669999999999934e-01 3.595336999999999839e-02 -1.067191999999999967e-02 0.000000000000000000e+00 2.519752999999999923e-02 0.000000000000000000e+00 3.439848000000000211e-02 1.075583999999999915e-02
2.546559999999999935e-01 3.631588000000000177e-02 -1.096222999999999989e-02 0.000000000000000000e+00 2.561389999999999847e-02 0.000000000000000000e+00 3.450721999999999817e-02 1.070198000000000330e-02
2.608449999999999935e-01 3.668731000000000075e-02 -1.125122999999999922e-02 0.000000000000000000e+00 2.601857999999999949e-02 0.000000000000000000e+00 3.462757000000000335e-02 1.066873000000000127e-02
2.670339999999999936e-01 3.706668999999999936e-02 -1.154097999999999929e-02 0.000000000000000000e+00 2.641156999999999880e-02 0.000000000000000000e+00 3.475581999999999977e-02 1.065512000000000056e-02
2.732220000000000204e-01 3.745024999999999743e-02 -1.183014999999999935e-02 0.000000000000000000e+00 2.679828999999999892e-02 0.000000000000000000e+00 3.488738999999999729e-02 1.065195999999999851e-02
2.794110000000000205e-01 3.784080000000000082e-02 -1.211686000000000013e-02 0.000000000000000000e+00 2.717001000000000138e-02 0.000000000000000000e+00 3.502388000000000029e-02 1.067078999999999944e-02
2.856000000000000205e-01 3.823584000000000011e-02 -1.240407999999999962e-02 0.000000000000000000e+00 2.753333000000000169e-02 0.000000000000000000e+00 3.516170999999999880e-02 1.070250999999999841e-02
2.917890000000000206e-01 3.863575999999999816e-02 -1.268919999999999944e-02 0.000000000000000000e+00 2.788873999999999867e-02 0.000000000000000000e+00 3.530010000000000092e-02 1.074701999999999949e-02
2.979769999999999919e-01 3.904244999999999938e-02 -1.297370999999999941e-02 0.000000000000000000e+00 2.823105999999999879e-02 0.000000000000000000e+00 3.543978999999999879e-02 1.081139000000000058e-02
3.041659999999999919e-01 3.945317000000000268e-02 -1.325555999999999957e-02 0.000000000000000000e+00 2.856873999999999872e-02 0.000000000000000000e+00 3.558207000000000036e-02 1.088443000000000396e-02
3.103549999999999920e-01 3.987227000000000132e-02 -1.353751000000000086e-02 0.000000000000000000e+00 2.889016000000000153e-02 0.000000000000000000e+00 3.573160000000000225e-02 1.098210999999999979e-02
3.165439999999999920e-01 4.029287000000000146e-02 -1.381899999999999969e-02 0.000000000000000000e+00 2.920930999999999875e-02 0.000000000000000000e+00 3.588327000000000183e-02 1.108356000000000272e-02
3.227320000000000189e-01 4.072036999999999879e-02 -1.409865000000000076e-02 0.000000000000000000e+00 2.951089000000000143e-02 0.000000000000000000e+00 3.605400999999999745e-02 1.120947999999999736e-02
3.289210000000000189e-01 4.114806000000000019e-02 -1.437843999999999928e-02 0.000000000000000000e+00 2.981115999999999974e-02 0.000000000000000000e+00 3.622539000000000314e-02 1.133690000000000045e-02
3.351100000000000190e-01 4.158254000000000117e-02 -1.465596000000000086e-02 0.000000000000000000e+00 3.009505000000000166e-02 0.000000000000000000e+00 3.641847000000000140e-02 1.148748999999999951e-02
3.412990000000000190e-01 4.201764999999999667e-02 -1.493352000000000047e-02 0.000000000000000000e+00 3.037805000000000019e-02 0.000000000000000000e+00 3.661107000000000250e-02 1.163959999999999648e-02
3.474869999999999903e-01 4.245808000000000221e-02 -1.520783000000000031e-02 0.000000000000000000e+00 3.064576000000000106e-02 0.000000000000000000e+00 3.681783999999999751e-02 1.181232000000000115e-02
3.536759999999999904e-01 4.289918000000000203e-02 -1.548216000000000002e-02 0.000000000000000000e+00 3.091309000000000071e-02 0.000000000000000000e+00 3.702450999999999659e-02 1.198609000000000133e-02
3.598649999999999904e-01 4.334149000000000335e-02 -1.575338000000000085e-02 0.000000000000000000e+00 3.116618999999999987e-02 0.000000000000000000e+00 3.723826000000000219e-02 1.217530000000000348e-02
3.660539999999999905e-01 4.378329999999999722e-02 -1.602452000000000043e-02 0.000000000000000000e+00 3.141908000000000201e-02 0.000000000000000000e+00 3.745205000000000062e-02 1.236421999999999521e-02
3.722420000000000173e-01 4.422682000000000002e-02 -1.629078999999999944e-02 0.000000000000000000e+00 3.165899999999999964e-02 0.000000000000000000e+00 3.766710999999999671e-02 1.256782000000000038e-02
3.784310000000000174e-01 4.466744999999999743e-02 -1.655672000000000046e-02 0.000000000000000000e+00 3.189742999999999745e-02 0.000000000000000000e+00 3.788223000000000285e-02 1.277001999999999998e-02
3.846200000000000174e-01 4.511638999999999927e-02 -1.681817999999999855e-02 0.000000000000000000e+00 3.212682000000000038e-02 0.000000000000000000e+00 3.809368999999999950e-02 1.298956999999999889e-02
3.908090000000000175e-01 4.556129999999999902e-02 -1.707935999999999829e-02 0.000000000000000000e+00 3.235244999999999788e-02 0.000000000000000000e+00 3.830597000000000169e-02 1.320885000000000115e-02
3.969969999999999888e-01 4.601428999999999936e-02 -1.733486999999999875e-02 0.000000000000000000e+00 3.257307000000000258e-02 0.000000000000000000e+00 3.851038999999999851e-02 1.344121999999999678e-02
4.031859999999999888e-01 4.646432000000000340e-02 -1.758946000000000121e-02 0.000000000000000000e+00 3.278891999999999918e-02 0.000000000000000000e+00 3.871523999999999799e-02 1.367540000000000422e-02
4.093749999999999889e-01 4.691859000000000307e-02 -1.784000000000000169e-02 0.000000000000000000e+00 3.300178000000000139e-02 0.000000000000000000e+00 3.891261000000000025e-02 1.391681000000000168e-02
4.155639999999999890e-01 4.737297000000000036e-02 -1.808828000000000172e-02 0.000000000000000000e+00 3.320992999999999862e-02 0.000000000000000000e+00 3.910634000000000332e-02 1.416304000000000174e-02
4.217529999999999890e-01 4.782829000000000247e-02 -1.833330000000000029e-02 0.000000000000000000e+00 3.341598999999999958e-02 0.000000000000000000e+00 3.929731999999999670e-02 1.441230000000000289e-02
4.279410000000000158e-01 4.828414000000000317e-02 -1.856870000000000048e-02 0.000000000000000000e+00 3.361454999999999999e-02 0.000000000000000000e+00 3.948176999999999937e-02 1.466959000000000318e-02
4.341300000000000159e-01 4.874002000000000195e-02 -1.880408999999999900e-02 0.000000000000000000e+00 3.381309999999999871e-02 0.000000000000000000e+00 3.966622000000000203e-02 1.492692000000000324e-02
4.403190000000000159e-01 4.920386999999999678e-02 -1.903316000000000036e-02 0.000000000000000000e+00 3.400472000000000217e-02 0.000000000000000000e+00 3.984225999999999740e-02 1.519914999999999461e-02
4.465080000000000160e-01 4.966812999999999784e-02 -1.926191999999999835e-02 0.000000000000000000e+00 3.419624999999999748e-02 0.000000000000000000e+00 4.001783999999999897e-02 1.547188000000000035e-02
4.526959999999999873e-01 5.012687999999999866e-02 -1.947727000000000139e-02 0.000000000000000000e+00 3.437768000000000074e-02 0.000000000000000000e+00 4.018904000000000226e-02 1.574919999999999792e-02
4.588849999999999874e-01 5.058205999999999813e-02 -1.968512000000000040e-02 0.000000000000000000e+00 3.455384000000000233e-02 0.000000000000000000e+00 4.035818000000000044e-02 1.602821999999999580e-02
4.650739999999999874e-01 5.103197999999999762e-02 -1.989097000000000087e-02 0.000000000000000000e+00 3.472596000000000016e-02 0.000000000000000000e+00 4.052129000000000147e-02 1.630601999999999746e-02
4.712629999999999875e-01 5.148078999999999850e-02 -2.009595000000000131e-02 0.000000000000000000e+00 3.489339000000000329e-02 0.000000000000000000e+00 4.067616999999999761e-02 1.658739999999999520e-02
4.774510000000000143e-01 5.192176999999999903e-02 -2.029467999999999897e-02 0.000000000000000000e+00 3.505686999999999692e-02 0.000000000000000000e+00 4.083106000000000235e-02 1.686490000000000211e-02
4.836400000000000143e-01 5.235063000000000216e-02 -2.047629999999999936e-02 0.000000000000000000e+00 3.520684000000000313e-02 0.000000000000000000e+00 4.097361000000000059e-02 1.714378999999999903e-02
4.898290000000000144e-01 5.277762999999999899e-02 -2.065726000000000021e-02 0.000000000000000000e+00 3.535664000000000168e-02 0.000000000000000000e+00 4.111878000000000061e-02 1.742098999999999731e-02
4.960180000000000144e-01 5.319647999999999738e-02 -2.084632000000000152e-02 0.000000000000000000e+00 3.550079999999999902e-02 0.000000000000000000e+00 4.124619000000000202e-02 1.769567999999999836e-02
5.022060000000000413e-01 5.361562999999999746e-02 -2.103539999999999924e-02 0.000000000000000000e+00 3.564493999999999996e-02 0.000000000000000000e+00 4.137252999999999764e-02 1.797068999999999750e-02
5.083950000000000413e-01 5.401022999999999935e-02 -2.119605999999999921e-02 0.000000000000000000e+00 3.576801999999999759e-02 0.000000000000000000e+00 4.149859000000000187e-02 1.824221000000000176e-02
5.145840000000000414e-01 5.440115000000000228e-02 -2.135062000000000071e-02 0.000000000000000000e+00 3.588652999999999982e-02 0.000000000000000000e+00 4.162032000000000231e-02 1.851462000000000246e-02
5.207730000000000414e-01 5.478700999999999710e-02 -2.152518999999999960e-02 0.000000000000000000e+00 3.601081999999999894e-02 0.000000000000000000e+00 4.174006999999999717e-02 1.877618999999999816e-02
5.269610000000000127e-01 5.517303999999999958e-02 -2.170601999999999948e-02 0.000000000000000000e+00 3.613646000000000219e-02 0.000000000000000000e+00 4.185392000000000279e-02 1.903657999999999739e-02
5.331500000000000128e-01 5.553654000000000229e-02 -2.185708000000000095e-02 0.000000000000000000e+00 3.623453000000000090e-02 0.000000000000000000e+00 4.197465000000000224e-02 1.930201000000000139e-02
5.393390000000000128e-01 5.588917999999999664e-02 -2.198463000000000153e-02 0.000000000000000000e+00 3.631300999999999973e-02 0.000000000000000000e+00 4.209783999999999748e-02 1.957616999999999691e-02
5.455280000000000129e-01 5.624215999999999938e-02 -2.214551999999999840e-02 0.000000000000000000e+00 3.641682999999999726e-02 0.000000000000000000e+00 4.221049000000000329e-02 1.982533000000000212e-02
5.517159999999999842e-01 5.659927000000000014e-02 -2.232285000000000172e-02 0.000000000000000000e+00 3.653383000000000325e-02 0.000000000000000000e+00 4.231896000000000269e-02 2.006543999999999689e-02
5.579049999999999843e-01 5.693874000000000157e-02 -2.246033999999999878e-02 0.000000000000000000e+00 3.662678999999999935e-02 0.000000000000000000e+00 4.244749999999999912e-02 2.031195000000000223e-02
5.640939999999999843e-01 5.727308999999999872e-02 -2.257390000000000091e-02 0.000000000000000000e+00 3.670467000000000174e-02 0.000000000000000000e+00 4.259016999999999664e-02 2.056841999999999698e-02
5.702829999999999844e-01 5.762247999999999676e-02 -2.273013000000000117e-02 0.000000000000000000e+00 3.679216999999999904e-02 0.000000000000000000e+00 4.270840000000000053e-02 2.083030999999999772e-02
5.764709999999999557e-01 5.797741000000000006e-02 -2.289572999999999955e-02 0.000000000000000000e+00 3.688049000000000188e-02 0.000000000000000000e+00 4.282347999999999710e-02 2.109691999999999817e-02
5.826599999999999557e-01 5.831461000000000283e-02 -2.302658999999999956e-02 0.000000000000000000e+00 3.695691999999999727e-02 0.000000000000000000e+00 4.294127999999999834e-02 2.135769000000000556e-02
5.888489999999999558e-01 5.864803999999999851e-02 -2.314766000000000046e-02 0.000000000000000000e+00 3.702910999999999703e-02 0.000000000000000000e+00 4.306353999999999738e-02 2.161893000000000148e-02
5.950379999999999558e-01 5.899578999999999934e-02 -2.329221999999999890e-02 0.000000000000000000e+00 3.709719000000000211e-02 0.000000000000000000e+00 4.316165000000000279e-02 2.189859999999999723e-02
6.012260000000000382e-01 5.934749000000000274e-02 -2.344268999999999867e-02 0.000000000000000000e+00 3.716379000000000210e-02 0.000000000000000000e+00 4.325418999999999792e-02 2.218370000000000064e-02
6.074150000000000382e-01 5.968721999999999916e-02 -2.357503000000000029e-02 0.000000000000000000e+00 3.722417000000000087e-02 0.000000000000000000e+00 4.334281999999999718e-02 2.246304999999999830e-02
6.136040000000000383e-01 6.002226000000000089e-02 -2.369949999999999835e-02 0.000000000000000000e+00 3.728232000000000074e-02 0.000000000000000000e+00 4.342618000000000172e-02 2.273994000000000015e-02
6.197930000000000383e-01 6.035747000000000334e-02 -2.382861999999999827e-02 0.000000000000000000e+00 3.733525000000000038e-02 0.000000000000000000e+00 4.350526999999999866e-02 2.302222000000000296e-02
6.259810000000000096e-01 6.069667000000000118e-02 -2.396428999999999920e-02 0.000000000000000000e+00 3.738418000000000296e-02 0.000000000000000000e+00 4.356999000000000288e-02 2.331248999999999821e-02
6.321700000000000097e-01 6.102542999999999856e-02 -2.409388999999999975e-02 0.000000000000000000e+00 3.743069999999999731e-02 0.000000000000000000e+00 4.363906000000000035e-02 2.359473000000000126e-02
6.383590000000000098e-01 6.133576000000000306e-02 -2.421070000000000166e-02 0.000000000000000000e+00 3.747162999999999883e-02 0.000000000000000000e+00 4.369802999999999882e-02 2.386413000000000423e-02
6.445480000000000098e-01 6.164597000000000132e-02 -2.432747000000000034e-02 0.000000000000000000e+00 3.751254999999999867e-02 0.000000000000000000e+00 4.375712999999999825e-02 2.413342000000000265e-02
6.507370000000000099e-01 6.194468999999999670e-02 -2.444276000000000088e-02 0.000000000000000000e+00 3.754458000000000101e-02 0.000000000000000000e+00 4.381192999999999893e-02 2.440010999999999569e-02
6.569249999999999812e-01 6.224927000000000238e-02 -2.455981999999999957e-02 0.000000000000000000e+00 3.757564000000000043e-02 0.000000000000000000e+00 4.386415999999999926e-02 2.467363000000000195e-02
6.631139999999999812e-01 6.253491999999999384e-02 -2.466606000000000007e-02 0.000000000000000000e+00 3.760174000000000155e-02 0.000000000000000000e+00 4.392063000000000217e-02 2.493317999999999229e-02
6.693029999999999813e-01 6.281401999999999819e-02 -2.476615000000000066e-02 0.000000000000000000e+00 3.762320000000000247e-02 0.000000000000000000e+00 4.398157999999999929e-02 2.519081999999999572e-02
6.754919999999999813e-01 6.309204999999999675e-02 -2.486562000000000147e-02 0.000000000000000000e+00 3.764452000000000076e-02 0.000000000000000000e+00 4.404178000000000259e-02 2.544752999999999599e-02
6.816799999999999526e-01 6.335082999999999687e-02 -2.495570999999999900e-02 0.000000000000000000e+00 3.765601999999999838e-02 0.000000000000000000e+00 4.411450000000000093e-02 2.569480999999999848e-02
6.878689999999999527e-01 6.360999999999999988e-02 -2.504647999999999944e-02 0.000000000000000000e+00 3.766786999999999913e-02 0.000000000000000000e+00 4.419010000000000299e-02 2.594213000000000074e-02
6.940579999999999528e-01 6.385607000000000089e-02 -2.513053999999999982e-02 0.000000000000000000e+00 3.767485000000000278e-02 0.000000000000000000e+00 4.426809000000000299e-02 2.618121999999999810e-02
7.002469999999999528e-01 6.408328000000000635e-02 -2.520665000000000058e-02 0.000000000000000000e+00 3.767587000000000019e-02 0.000000000000000000e+00 4.435344000000000092e-02 2.640741000000000616e-02
7.064350000000000351e-01 6.431051000000000128e-02 -2.528284000000000087e-02 0.000000000000000000e+00 3.767696000000000239e-02 0.000000000000000000e+00 4.443890000000000340e-02 2.663354999999999889e-02
7.126240000000000352e-01 6.453167999999999405e-02 -2.535224999999999979e-02 0.000000000000000000e+00 3.767082000000000069e-02 0.000000000000000000e+00 4.451485000000000164e-02 2.686085999999999335e-02
7.188130000000000353e-01 6.474402999999999408e-02 -2.541732000000000019e-02 0.000000000000000000e+00 3.766143000000000268e-02 0.000000000000000000e+00 4.458667999999999659e-02 2.708259999999999140e-02
7.250020000000000353e-01 6.496216000000000490e-02 -2.548376000000000113e-02 0.000000000000000000e+00 3.765235000000000110e-02 0.000000000000000000e+00 4.465974000000000332e-02 2.730981000000000380e-02
7.311900000000000066e-01 6.517141999999999380e-02 -2.553578000000000098e-02 0.000000000000000000e+00 3.763505000000000322e-02 0.000000000000000000e+00 4.472464999999999774e-02 2.753636999999999058e-02
7.373790000000000067e-01 6.537874999999999936e-02 -2.558573999999999918e-02 0.000000000000000000e+00 3.761794000000000249e-02 0.000000000000000000e+00 4.478858000000000145e-02 2.776080999999999688e-02
7.435680000000000067e-01 6.558650000000000591e-02 -2.563624000000000111e-02 0.000000000000000000e+00 3.759905000000000191e-02 0.000000000000000000e+00 4.485292999999999919e-02 2.798745000000000399e-02
7.497570000000000068e-01 6.578183999999999421e-02 -2.566956000000000099e-02 0.000000000000000000e+00 3.757168999999999787e-02 0.000000000000000000e+00 4.491404000000000230e-02 2.821014999999999634e-02
7.559449999999999781e-01 6.598423000000000482e-02 -2.570120000000000043e-02 0.000000000000000000e+00 3.754615000000000036e-02 0.000000000000000000e+00 4.497758999999999785e-02 2.843808000000000447e-02
7.621339999999999781e-01 6.617343000000000530e-02 -2.573376000000000136e-02 0.000000000000000000e+00 3.751655999999999741e-02 0.000000000000000000e+00 4.503618999999999678e-02 2.865687000000000789e-02
7.683229999999999782e-01 6.634399000000000546e-02 -2.575057999999999861e-02 0.000000000000000000e+00 3.747633999999999688e-02 0.000000000000000000e+00 4.508486999999999911e-02 2.886765000000000858e-02
7.745119999999999783e-01 6.651896999999999671e-02 -2.576743999999999910e-02 0.000000000000000000e+00 3.743691999999999853e-02 0.000000000000000000e+00 4.513476999999999767e-02 2.908204999999999818e-02
7.806999999999999496e-01 6.668567999999999718e-02 -2.578396000000000160e-02 0.000000000000000000e+00 3.739586999999999772e-02 0.000000000000000000e+00 4.518185000000000257e-02 2.928980999999999946e-02
7.868889999999999496e-01 6.682536999999999505e-02 -2.578611999999999918e-02 0.000000000000000000e+00 3.734218000000000259e-02 0.000000000000000000e+00 4.519282000000000160e-02 2.948318999999999246e-02
7.930779999999999497e-01 6.696085000000000231e-02 -2.578677999999999873e-02 0.000000000000000000e+00 3.728809000000000290e-02 0.000000000000000000e+00 4.520364000000000326e-02 2.967275999999999941e-02
7.992669999999999497e-01 6.709803000000000295e-02 -2.578804000000000166e-02 0.000000000000000000e+00 3.723416999999999699e-02 0.000000000000000000e+00 4.521453000000000277e-02 2.986386000000000596e-02
8.054550000000000320e-01 6.721734000000000042e-02 -2.578166000000000138e-02 0.000000000000000000e+00 3.717165000000000052e-02 0.000000000000000000e+00 4.518215999999999899e-02 3.004568999999999990e-02
8.116440000000000321e-01 6.732507000000000075e-02 -2.576992999999999992e-02 0.000000000000000000e+00 3.710717000000000182e-02 0.000000000000000000e+00 4.514395999999999687e-02 3.021789999999999893e-02
8.178330000000000322e-01 6.743391999999999442e-02 -2.575873999999999872e-02 0.000000000000000000e+00 3.704273000000000288e-02 0.000000000000000000e+00 4.510534000000000071e-02 3.039118999999999154e-02
8.240220000000000322e-01 6.754166999999999810e-02 -2.574525000000000077e-02 0.000000000000000000e+00 3.697306999999999677e-02 0.000000000000000000e+00 4.504982999999999904e-02 3.056860000000000133e-02
8.302100000000000035e-01 6.764156000000000335e-02 -2.572742999999999905e-02 0.000000000000000000e+00 3.690020000000000105e-02 0.000000000000000000e+00 4.498160999999999826e-02 3.074136000000000229e-02
8.363990000000000036e-01 6.774006999999999945e-02 -2.570938000000000043e-02 0.000000000000000000e+00 3.682798999999999795e-02 0.000000000000000000e+00 4.491375999999999702e-02 3.091208000000000150e-02
8.425880000000000036e-01 6.784005999999999370e-02 -2.569021999999999972e-02 0.000000000000000000e+00 3.675322000000000311e-02 0.000000000000000000e+00 4.484475999999999740e-02 3.108683999999999059e-02
8.487770000000000037e-01 6.793399999999999439e-02 -2.565972000000000044e-02 0.000000000000000000e+00 3.666711000000000276e-02 0.000000000000000000e+00 4.477584999999999898e-02 3.126688999999999163e-02
8.549660000000000037e-01 6.802787999999999891e-02 -2.562916999999999973e-02 0.000000000000000000e+00 3.658097999999999905e-02 0.000000000000000000e+00 4.470912999999999971e-02 3.144689999999999985e-02
8.611539999999999750e-01 6.812178000000000677e-02 -2.559861999999999901e-02 0.000000000000000000e+00 3.649485000000000229e-02 0.000000000000000000e+00 4.464241000000000043e-02 3.162693000000000448e-02
8.673429999999999751e-01 6.819463000000000608e-02 -2.556109000000000159e-02 0.000000000000000000e+00 3.640527000000000346e-02 0.000000000000000000e+00 4.457070999999999950e-02 3.178936000000000262e-02
8.735319999999999752e-01 6.824982000000000271e-02 -2.551867999999999845e-02 0.000000000000000000e+00 3.631532999999999983e-02 0.000000000000000000e+00 4.449440000000000339e-02 3.193449000000000287e-02
8.797209999999999752e-01 6.830500999999999934e-02 -2.547626000000000057e-02 0.000000000000000000e+00 3.622538000000000147e-02 0.000000000000000000e+00 4.441811999999999844e-02 3.207962999999999787e-02
8.859089999999999465e-01 6.836066000000000364e-02 -2.543418999999999888e-02 0.000000000000000000e+00 3.613502999999999854e-02 0.000000000000000000e+00 4.434159000000000017e-02 3.222563000000000510e-02
8.920979999999999466e-01 6.838347999999999649e-02 -2.537676000000000168e-02 0.000000000000000000e+00 3.602756000000000014e-02 0.000000000000000000e+00 4.423040000000000305e-02 3.235591999999999635e-02
8.982869999999999466e-01 6.839982000000000006e-02 -2.531867000000000145e-02 0.000000000000000000e+00 3.591790000000000260e-02 0.000000000000000000e+00 4.411194000000000226e-02 3.248191999999999746e-02
9.044759999999999467e-01 6.841661999999999744e-02 -2.526049000000000003e-02 0.000000000000000000e+00 3.580835000000000268e-02 0.000000000000000000e+00 4.399402000000000174e-02 3.260826999999999476e-02
9.106640000000000290e-01 6.844119999999999371e-02 -2.520108000000000070e-02 0.000000000000000000e+00 3.569960999999999968e-02 0.000000000000000000e+00 4.388119000000000047e-02 3.274158999999999403e-02
9.168530000000000291e-01 6.846810000000000396e-02 -2.514233000000000093e-02 0.000000000000000000e+00 3.558547000000000099e-02 0.000000000000000000e+00 4.374428999999999818e-02 3.288263000000000297e-02
9.230420000000000291e-01 6.849191000000000307e-02 -2.508385000000000128e-02 0.000000000000000000e+00 3.547217999999999899e-02 0.000000000000000000e+00 4.360214999999999924e-02 3.301973000000000408e-02
9.292310000000000292e-01 6.851870000000000183e-02 -2.502510999999999972e-02 0.000000000000000000e+00 3.535808000000000006e-02 0.000000000000000000e+00 4.346504999999999813e-02 3.316062000000000176e-02
9.354190000000000005e-01 6.854100999999999944e-02 -2.496048999999999837e-02 0.000000000000000000e+00 3.523881000000000235e-02 0.000000000000000000e+00 4.332993000000000261e-02 3.330219999999999708e-02
9.416080000000000005e-01 6.854198000000000235e-02 -2.487566000000000083e-02 0.000000000000000000e+00 3.510284000000000321e-02 0.000000000000000000e+00 4.319234000000000268e-02 3.343913999999999914e-02
9.477970000000000006e-01 6.854387000000000674e-02 -2.479084000000000149e-02 0.000000000000000000e+00 3.496669000000000166e-02 0.000000000000000000e+00 4.305541999999999703e-02 3.357718000000000508e-02
9.539860000000000007e-01 6.854596999999999773e-02 -2.470603000000000035e-02 0.000000000000000000e+00 3.483050000000000035e-02 0.000000000000000000e+00 4.291866999999999904e-02 3.371546999999999739e-02
9.601739999999999720e-01 6.854652999999999441e-02 -2.462287000000000156e-02 0.000000000000000000e+00 3.469418999999999975e-02 0.000000000000000000e+00 4.277634999999999771e-02 3.385233999999999466e-02
9.663629999999999720e-01 6.853937000000000224e-02 -2.454790999999999918e-02 0.000000000000000000e+00 3.455728000000000272e-02 0.000000000000000000e+00 4.260643000000000069e-02 3.398208999999999952e-02
9.725519999999999721e-01 6.853844000000000602e-02 -2.447374999999999898e-02 0.000000000000000000e+00 3.441769000000000078e-02 0.000000000000000000e+00 4.243761000000000061e-02 3.412075000000000524e-02
9.787409999999999721e-01 6.853918999999999984e-02 -2.439981000000000094e-02 0.000000000000000000e+00 3.427738000000000312e-02 0.000000000000000000e+00 4.226910999999999863e-02 3.426180999999999671e-02
9.849290000000000544e-01 6.853446000000000538e-02 -2.432515999999999845e-02 0.000000000000000000e+00 3.413941999999999671e-02 0.000000000000000000e+00 4.209961000000000259e-02 3.439504000000000866e-02
9.911180000000000545e-01 6.845276000000000138e-02 -2.421390000000000001e-02 0.000000000000000000e+00 3.398464000000000346e-02 0.000000000000000000e+00 4.192639000000000088e-02 3.446811999999999793e-02
9.973070000000000546e-01 6.837453999999999754e-02 -2.410440999999999973e-02 0.000000000000000000e+00 3.382898000000000155e-02 0.000000000000000000e+00 4.175000999999999712e-02 3.454555999999999599e-02
1.003495999999999944e+00 6.829633000000000231e-02 -2.399491000000000124e-02 0.000000000000000000e+00 3.367330999999999797e-02 0.000000000000000000e+00 4.157364000000000198e-02 3.462302000000000435e-02
1.009684000000000026e+00 6.821810999999999847e-02 -2.388542000000000096e-02 0.000000000000000000e+00 3.351764000000000132e-02 0.000000000000000000e+00 4.139725999999999823e-02 3.470046999999999715e-02
1.015873000000000026e+00 6.813961000000000323e-02 -2.379523999999999875e-02 0.000000000000000000e+00 3.337574000000000096e-02 0.000000000000000000e+00 4.121185000000000126e-02 3.476387000000000227e-02
1.022062000000000026e+00 6.806413000000000046e-02 -2.371830000000000119e-02 0.000000000000000000e+00 3.324333000000000149e-02 0.000000000000000000e+00 4.102299000000000223e-02 3.482079999999999897e-02
1.028251000000000026e+00 6.798866000000000631e-02 -2.364134999999999848e-02 0.000000000000000000e+00 3.311092000000000202e-02 0.000000000000000000e+00 4.083410999999999985e-02 3.487774000000000429e-02
1.034439000000000108e+00 6.791318999999999828e-02 -2.356441000000000091e-02 0.000000000000000000e+00 3.297851000000000254e-02 0.000000000000000000e+00 4.064523999999999915e-02 3.493467999999999574e-02
1.040628000000000108e+00 6.782596999999999932e-02 -2.347642999999999952e-02 0.000000000000000000e+00 3.283948999999999896e-02 0.000000000000000000e+00 4.045982000000000051e-02 3.498648000000000036e-02
1.046817000000000109e+00 6.765200000000000380e-02 -2.331425999999999985e-02 0.000000000000000000e+00 3.267628000000000199e-02 0.000000000000000000e+00 4.028791999999999790e-02 3.497572000000000181e-02
1.053006000000000109e+00 6.747981999999999592e-02 -2.315209000000000017e-02 0.000000000000000000e+00 3.251277999999999807e-02 0.000000000000000000e+00 4.011130000000000251e-02 3.496703999999999785e-02
1.059193999999999969e+00 6.730764000000000191e-02 -2.298992000000000049e-02 0.000000000000000000e+00 3.234928000000000109e-02 0.000000000000000000e+00 3.993468000000000018e-02 3.495836000000000082e-02
1.065382999999999969e+00 6.713254999999999917e-02 -2.282773999999999914e-02 0.000000000000000000e+00 3.218623999999999791e-02 0.000000000000000000e+00 3.976575000000000248e-02 3.494631000000000126e-02
1.071571999999999969e+00 6.695115000000000094e-02 -2.270263999999999963e-02 0.000000000000000000e+00 3.204275000000000179e-02 0.000000000000000000e+00 3.956554000000000321e-02 3.490839999999999915e-02
1.077760999999999969e+00 6.676321000000000339e-02 -2.261664999999999856e-02 0.000000000000000000e+00 3.191987999999999770e-02 0.000000000000000000e+00 3.933198000000000250e-02 3.484333000000000569e-02
1.083949000000000051e+00 6.657530000000000392e-02 -2.253060999999999953e-02 0.000000000000000000e+00 3.179698000000000246e-02 0.000000000000000000e+00 3.909859000000000251e-02 3.477832000000000146e-02
1.090138000000000051e+00 6.638765000000000638e-02 -2.244403000000000023e-02 0.000000000000000000e+00 3.167384000000000172e-02 0.000000000000000000e+00 3.886792000000000025e-02 3.471381000000000466e-02
1.096327000000000051e+00 6.619999999999999496e-02 -2.235743999999999926e-02 0.000000000000000000e+00 3.155071000000000264e-02 0.000000000000000000e+00 3.863723000000000157e-02 3.464928999999999232e-02
1.102516000000000052e+00 6.596770999999999885e-02 -2.219956000000000013e-02 0.000000000000000000e+00 3.136805000000000149e-02 0.000000000000000000e+00 3.843890999999999974e-02 3.459965999999999736e-02
1.108705000000000052e+00 6.571391000000000038e-02 -2.200730999999999868e-02 0.000000000000000000e+00 3.115671000000000065e-02 0.000000000000000000e+00 3.825616999999999907e-02 3.455719999999999625e-02
1.114892999999999912e+00 6.546328999999999343e-02 -2.181579999999999978e-02 0.000000000000000000e+00 3.094585999999999865e-02 0.000000000000000000e+00 3.807201999999999809e-02 3.451742999999999478e-02
1.121081999999999912e+00 6.521282000000000467e-02 -2.162433000000000063e-02 0.000000000000000000e+00 3.073504000000000166e-02 0.000000000000000000e+00 3.788779999999999926e-02 3.447777999999999954e-02
1.127270999999999912e+00 6.496029999999999860e-02 -2.143238999999999908e-02 0.000000000000000000e+00 3.052389999999999964e-02 0.000000000000000000e+00 3.770450000000000190e-02 3.443639999999999896e-02
1.133459999999999912e+00 6.468693000000000359e-02 -2.127650000000000027e-02 0.000000000000000000e+00 3.034651999999999836e-02 0.000000000000000000e+00 3.748718999999999663e-02 3.434041000000000177e-02
1.139647999999999994e+00 6.439520999999999440e-02 -2.115596999999999964e-02 0.000000000000000000e+00 3.020182999999999895e-02 0.000000000000000000e+00 3.723902999999999935e-02 3.419337999999999544e-02
1.145836999999999994e+00 6.410443000000000391e-02 -2.103765999999999969e-02 0.000000000000000000e+00 3.005868999999999902e-02 0.000000000000000000e+00 3.699207999999999663e-02 3.404574000000000489e-02
1.152025999999999994e+00 6.381364999999999954e-02 -2.091934999999999975e-02 0.000000000000000000e+00 2.991554000000000088e-02 0.000000000000000000e+00 3.674510999999999750e-02 3.389810999999999519e-02
1.158214999999999995e+00 6.352286999999999517e-02 -2.080103999999999981e-02 0.000000000000000000e+00 2.977240000000000095e-02 0.000000000000000000e+00 3.649813999999999836e-02 3.375046999999999076e-02
1.164403000000000077e+00 6.322495999999999672e-02 -2.067259999999999931e-02 0.000000000000000000e+00 2.962205000000000046e-02 0.000000000000000000e+00 3.625036000000000230e-02 3.360290999999999972e-02
1.170592000000000077e+00 6.287705999999999851e-02 -2.047635999999999901e-02 0.000000000000000000e+00 2.942354999999999970e-02 0.000000000000000000e+00 3.600914999999999672e-02 3.345350999999999880e-02
1.176781000000000077e+00 6.253206000000000042e-02 -2.027970000000000120e-02 0.000000000000000000e+00 2.922498999999999930e-02 0.000000000000000000e+00 3.576974000000000126e-02 3.330707000000000112e-02
1.182970000000000077e+00 6.218706000000000234e-02 -2.008305000000000159e-02 0.000000000000000000e+00 2.902644000000000057e-02 0.000000000000000000e+00 3.553032999999999886e-02 3.316062000000000176e-02
1.189157999999999937e+00 6.184205999999999731e-02 -1.988639000000000032e-02 0.000000000000000000e+00 2.882788999999999838e-02 0.000000000000000000e+00 3.529092000000000340e-02 3.301416999999999546e-02
1.195346999999999937e+00 6.149704999999999755e-02 -1.968972999999999904e-02 0.000000000000000000e+00 2.862933999999999965e-02 0.000000000000000000e+00 3.505151000000000100e-02 3.286770999999999443e-02
1.201535999999999937e+00 6.113845999999999864e-02 -1.952976999999999838e-02 0.000000000000000000e+00 2.846092000000000066e-02 0.000000000000000000e+00 3.478798999999999780e-02 3.267753999999999798e-02
1.207724999999999937e+00 6.077507000000000048e-02 -1.938673000000000132e-02 0.000000000000000000e+00 2.830637000000000084e-02 0.000000000000000000e+00 3.451388999999999846e-02 3.246870000000000311e-02
1.213913000000000020e+00 6.041168000000000232e-02 -1.924369999999999900e-02 0.000000000000000000e+00 2.815180999999999933e-02 0.000000000000000000e+00 3.423978999999999911e-02 3.225987000000000299e-02
1.220102000000000020e+00 6.004828999999999722e-02 -1.910065999999999847e-02 0.000000000000000000e+00 2.799725999999999951e-02 0.000000000000000000e+00 3.396567999999999810e-02 3.205102999999999425e-02
1.226291000000000020e+00 5.968488999999999739e-02 -1.895762999999999962e-02 0.000000000000000000e+00 2.784270999999999968e-02 0.000000000000000000e+00 3.369157999999999875e-02 3.184217999999999771e-02
1.232480000000000020e+00 5.930682000000000315e-02 -1.880276999999999990e-02 0.000000000000000000e+00 2.768154000000000101e-02 0.000000000000000000e+00 3.342110999999999693e-02 3.162528000000000561e-02
1.238668000000000102e+00 5.888489000000000223e-02 -1.861271000000000106e-02 0.000000000000000000e+00 2.749764999999999848e-02 0.000000000000000000e+00 3.316059999999999841e-02 3.138724000000000375e-02
1.244857000000000102e+00 5.846271000000000106e-02 -1.842217999999999981e-02 0.000000000000000000e+00 2.731325000000000072e-02 0.000000000000000000e+00 3.290093999999999658e-02 3.114946000000000034e-02
1.251046000000000102e+00 5.804052999999999990e-02 -1.823164999999999855e-02 0.000000000000000000e+00 2.712884999999999949e-02 0.000000000000000000e+00 3.264128000000000168e-02 3.091168000000000041e-02
1.257235000000000102e+00 5.761836000000000041e-02 -1.804112000000000077e-02 0.000000000000000000e+00 2.694445000000000173e-02 0.000000000000000000e+00 3.238160999999999817e-02 3.067390999999999868e-02
1.263422999999999963e+00 5.719707000000000263e-02 -1.785223999999999839e-02 0.000000000000000000e+00 2.676183999999999855e-02 0.000000000000000000e+00 3.211895000000000028e-02 3.043523000000000409e-02
1.269611999999999963e+00 5.679026000000000213e-02 -1.768882000000000093e-02 0.000000000000000000e+00 2.659020999999999954e-02 0.000000000000000000e+00 3.185939000000000132e-02 3.020005000000000259e-02
1.275800999999999963e+00 5.638247999999999871e-02 -1.752804000000000167e-02 0.000000000000000000e+00 2.641895999999999828e-02 0.000000000000000000e+00 3.160249999999999865e-02 2.996352000000000043e-02
1.281989999999999963e+00 5.597309000000000312e-02 -1.736675000000000024e-02 0.000000000000000000e+00 2.624711000000000058e-02 0.000000000000000000e+00 3.134677000000000296e-02 2.972598000000000254e-02
1.288178000000000045e+00 5.556370000000000059e-02 -1.720547000000000049e-02 0.000000000000000000e+00 2.607525000000000120e-02 0.000000000000000000e+00 3.109104999999999855e-02 2.948844999999999938e-02
1.294367000000000045e+00 5.515986999999999973e-02 -1.704589999999999925e-02 0.000000000000000000e+00 2.590548999999999977e-02 0.000000000000000000e+00 3.083129000000000078e-02 2.925437999999999997e-02
1.300556000000000045e+00 5.474364999999999787e-02 -1.688080999999999957e-02 0.000000000000000000e+00 2.573169000000000151e-02 0.000000000000000000e+00 3.057761000000000159e-02 2.901195999999999636e-02
1.306745000000000045e+00 5.431364000000000331e-02 -1.670960000000000154e-02 0.000000000000000000e+00 2.555338000000000054e-02 0.000000000000000000e+00 3.033071999999999852e-02 2.876026000000000277e-02
1.312932999999999906e+00 5.388124999999999859e-02 -1.653891000000000042e-02 0.000000000000000000e+00 2.537500000000000172e-02 0.000000000000000000e+00 3.008515000000000147e-02 2.850624999999999687e-02
1.319121999999999906e+00 5.344775999999999694e-02 -1.636846000000000134e-02 0.000000000000000000e+00 2.519657000000000147e-02 0.000000000000000000e+00 2.984020000000000075e-02 2.825118999999999547e-02
1.325310999999999906e+00 5.301871999999999835e-02 -1.619703000000000115e-02 0.000000000000000000e+00 2.501830000000000026e-02 0.000000000000000000e+00 2.959277999999999909e-02 2.800041999999999809e-02
1.331499999999999906e+00 5.258895000000000236e-02 -1.602668999999999969e-02 0.000000000000000000e+00 2.484046000000000171e-02 0.000000000000000000e+00 2.934722999999999846e-02 2.774849000000000065e-02
1.337688999999999906e+00 5.215087999999999668e-02 -1.586848000000000078e-02 0.000000000000000000e+00 2.466741000000000072e-02 0.000000000000000000e+00 2.912280999999999898e-02 2.748346999999999596e-02
1.343876999999999988e+00 5.171281999999999962e-02 -1.571028000000000008e-02 0.000000000000000000e+00 2.449437000000000142e-02 0.000000000000000000e+00 2.889838000000000129e-02 2.721844999999999820e-02
1.350065999999999988e+00 5.127413000000000110e-02 -1.555219000000000046e-02 0.000000000000000000e+00 2.432141000000000164e-02 0.000000000000000000e+00 2.867346999999999951e-02 2.695271999999999946e-02
1.356254999999999988e+00 5.083665999999999879e-02 -1.539389000000000035e-02 0.000000000000000000e+00 2.414828999999999934e-02 0.000000000000000000e+00 2.844949999999999909e-02 2.668836999999999945e-02
1.362443999999999988e+00 5.039919000000000343e-02 -1.523559000000000024e-02 0.000000000000000000e+00 2.397517000000000051e-02 0.000000000000000000e+00 2.822552999999999868e-02 2.642402000000000292e-02
1.368632000000000071e+00 4.998098000000000124e-02 -1.507890999999999919e-02 0.000000000000000000e+00 2.380010999999999932e-02 0.000000000000000000e+00 2.800201999999999899e-02 2.618087000000000192e-02
1.374821000000000071e+00 4.957132000000000205e-02 -1.492295000000000080e-02 0.000000000000000000e+00 2.362420000000000145e-02 0.000000000000000000e+00 2.777871999999999980e-02 2.594712000000000060e-02
1.381010000000000071e+00 4.916091999999999684e-02 -1.476737000000000015e-02 0.000000000000000000e+00 2.344865999999999964e-02 0.000000000000000000e+00 2.755751999999999854e-02 2.571225999999999720e-02
1.387199000000000071e+00 4.875008000000000119e-02 -1.461199999999999999e-02 0.000000000000000000e+00 2.327332000000000012e-02 0.000000000000000000e+00 2.733752999999999878e-02 2.547676000000000107e-02
1.393386999999999931e+00 4.834004000000000079e-02 -1.445624000000000041e-02 0.000000000000000000e+00 2.309759999999999938e-02 0.000000000000000000e+00 2.711531999999999831e-02 2.524244000000000140e-02
1.399575999999999931e+00 4.793776999999999761e-02 -1.430316000000000053e-02 0.000000000000000000e+00 2.292374000000000148e-02 0.000000000000000000e+00 2.688729999999999939e-02 2.501402999999999613e-02
1.405764999999999931e+00 4.755293000000000020e-02 -1.415608999999999965e-02 0.000000000000000000e+00 2.275403999999999968e-02 0.000000000000000000e+00 2.664628999999999956e-02 2.479889000000000052e-02
1.411953999999999931e+00 4.716752999999999918e-02 -1.400906000000000026e-02 0.000000000000000000e+00 2.258494999999999947e-02 0.000000000000000000e+00 2.640529999999999961e-02 2.458257999999999971e-02
1.418142000000000014e+00 4.678163999999999934e-02 -1.386204000000000082e-02 0.000000000000000000e+00 2.241641000000000120e-02 0.000000000000000000e+00 2.616432999999999953e-02 2.436522999999999814e-02
1.424331000000000014e+00 4.639613000000000070e-02 -1.371499999999999976e-02 0.000000000000000000e+00 2.224744000000000027e-02 0.000000000000000000e+00 2.592335000000000125e-02 2.414869000000000043e-02
1.430520000000000014e+00 4.601108000000000281e-02 -1.356795000000000050e-02 0.000000000000000000e+00 2.207796000000000064e-02 0.000000000000000000e+00 2.568234999999999962e-02 2.393312000000000217e-02
1.436709000000000014e+00 4.563543999999999934e-02 -1.343003000000000079e-02 0.000000000000000000e+00 2.191649000000000028e-02 0.000000000000000000e+00 2.545665999999999901e-02 2.371894999999999906e-02
1.442897000000000096e+00 4.526299999999999768e-02 -1.329197000000000017e-02 0.000000000000000000e+00 2.175521000000000052e-02 0.000000000000000000e+00 2.523098000000000007e-02 2.350778999999999716e-02
1.449086000000000096e+00 4.489168000000000325e-02 -1.315354000000000002e-02 0.000000000000000000e+00 2.159374000000000016e-02 0.000000000000000000e+00 2.500478000000000076e-02 2.329794000000000309e-02
1.455275000000000096e+00 4.452036000000000188e-02 -1.301509999999999993e-02 0.000000000000000000e+00 2.143228000000000147e-02 0.000000000000000000e+00 2.477858000000000144e-02 2.308808000000000041e-02
1.461464000000000096e+00 4.414781999999999734e-02 -1.287708000000000082e-02 0.000000000000000000e+00 2.127100999999999992e-02 0.000000000000000000e+00 2.455293999999999879e-02 2.287680999999999742e-02
1.467651999999999957e+00 4.378019999999999828e-02 -1.274605000000000009e-02 0.000000000000000000e+00 2.111253000000000088e-02 0.000000000000000000e+00 2.433783999999999947e-02 2.266766999999999740e-02
1.473840999999999957e+00 4.342023999999999884e-02 -1.262004000000000077e-02 0.000000000000000000e+00 2.095624999999999918e-02 0.000000000000000000e+00 2.413146999999999862e-02 2.246398999999999965e-02
1.480029999999999957e+00 4.306068999999999869e-02 -1.249400999999999984e-02 0.000000000000000000e+00 2.080001999999999893e-02 0.000000000000000000e+00 2.392526999999999848e-02 2.226066999999999976e-02
1.486218999999999957e+00 4.270113999999999854e-02 -1.236798000000000064e-02 0.000000000000000000e+00 2.064378000000000046e-02 0.000000000000000000e+00 2.371906999999999835e-02 2.205735999999999808e-02
1.492407000000000039e+00 4.234158999999999839e-02 -1.224194999999999971e-02 0.000000000000000000e+00 2.048755000000000021e-02 0.000000000000000000e+00 2.351287000000000169e-02 2.185403999999999819e-02
1.498596000000000039e+00 4.198033000000000320e-02 -1.211821000000000079e-02 0.000000000000000000e+00 2.033242999999999856e-02 0.000000000000000000e+00 2.330642000000000130e-02 2.164790000000000464e-02
1.504785000000000039e+00 4.161394999999999678e-02 -1.200384999999999994e-02 0.000000000000000000e+00 2.018286000000000038e-02 0.000000000000000000e+00 2.310154999999999847e-02 2.143108999999999639e-02
1.510974000000000039e+00 4.124749999999999944e-02 -1.188958000000000029e-02 0.000000000000000000e+00 2.003336000000000006e-02 0.000000000000000000e+00 2.289667999999999912e-02 2.121413999999999939e-02
1.517161999999999900e+00 4.088100000000000067e-02 -1.177537000000000028e-02 0.000000000000000000e+00 1.988391999999999937e-02 0.000000000000000000e+00 2.269182999999999964e-02 2.099708000000000130e-02
1.523350999999999900e+00 4.051450999999999664e-02 -1.166116000000000028e-02 0.000000000000000000e+00 1.973447999999999869e-02 0.000000000000000000e+00 2.248696000000000028e-02 2.078002999999999795e-02
1.529539999999999900e+00 4.014816999999999692e-02 -1.154669000000000008e-02 0.000000000000000000e+00 1.958510000000000112e-02 0.000000000000000000e+00 2.228242999999999890e-02 2.056306999999999580e-02
1.535728999999999900e+00 3.978086000000000122e-02 -1.143404999999999942e-02 0.000000000000000000e+00 1.944175999999999890e-02 0.000000000000000000e+00 2.208227000000000106e-02 2.033910000000000232e-02
1.541917999999999900e+00 3.941275999999999807e-02 -1.132221999999999916e-02 0.000000000000000000e+00 1.929963999999999985e-02 0.000000000000000000e+00 2.188266000000000169e-02 2.011311999999999822e-02
1.548105999999999982e+00 3.904466000000000186e-02 -1.121038000000000069e-02 0.000000000000000000e+00 1.915750999999999912e-02 0.000000000000000000e+00 2.168304999999999885e-02 1.988715000000000274e-02
1.554294999999999982e+00 3.867654999999999704e-02 -1.109854000000000049e-02 0.000000000000000000e+00 1.901539000000000007e-02 0.000000000000000000e+00 2.148343999999999948e-02 1.966115999999999697e-02
1.560483999999999982e+00 3.830884999999999846e-02 -1.098650999999999968e-02 0.000000000000000000e+00 1.887323999999999946e-02 0.000000000000000000e+00 2.128390000000000143e-02 1.943560999999999900e-02
1.566672999999999982e+00 3.795243999999999701e-02 -1.087675999999999921e-02 0.000000000000000000e+00 1.873547999999999880e-02 0.000000000000000000e+00 2.109093000000000079e-02 1.921695999999999821e-02
1.572861000000000065e+00 3.760813999999999824e-02 -1.076973999999999987e-02 0.000000000000000000e+00 1.860252999999999907e-02 0.000000000000000000e+00 2.090540000000000107e-02 1.900560999999999917e-02
1.579050000000000065e+00 3.726436999999999805e-02 -1.066242000000000058e-02 0.000000000000000000e+00 1.846930999999999920e-02 0.000000000000000000e+00 2.072047999999999945e-02 1.879505999999999885e-02
1.585239000000000065e+00 3.692060999999999954e-02 -1.055509999999999955e-02 0.000000000000000000e+00 1.833608999999999933e-02 0.000000000000000000e+00 2.053556000000000131e-02 1.858452000000000021e-02
1.591428000000000065e+00 3.657627000000000100e-02 -1.044809000000000015e-02 0.000000000000000000e+00 1.820315999999999948e-02 0.000000000000000000e+00 2.034998999999999836e-02 1.837311000000000152e-02
1.597615999999999925e+00 3.623436000000000018e-02 -1.034159999999999940e-02 0.000000000000000000e+00 1.807076999999999989e-02 0.000000000000000000e+00 2.016501999999999878e-02 1.816359000000000029e-02
1.603804999999999925e+00 3.591252999999999806e-02 -1.023716000000000036e-02 0.000000000000000000e+00 1.794081999999999968e-02 0.000000000000000000e+00 1.998760000000000120e-02 1.797170999999999838e-02
1.609993999999999925e+00 3.559124000000000315e-02 -1.013264999999999999e-02 0.000000000000000000e+00 1.781077000000000007e-02 0.000000000000000000e+00 1.981012999999999871e-02 1.778047000000000308e-02
1.616182999999999925e+00 3.527141000000000304e-02 -1.002800000000000046e-02 0.000000000000000000e+00 1.768049999999999830e-02 0.000000000000000000e+00 1.963256000000000029e-02 1.759091000000000474e-02
1.622371000000000008e+00 3.494959999999999734e-02 -9.923549000000000259e-03 0.000000000000000000e+00 1.755053999999999989e-02 0.000000000000000000e+00 1.945513999999999924e-02 1.739905999999999744e-02
1.628560000000000008e+00 3.462724999999999831e-02 -9.819158999999999179e-03 0.000000000000000000e+00 1.742066000000000101e-02 0.000000000000000000e+00 1.927776000000000142e-02 1.720658999999999730e-02
1.634749000000000008e+00 3.432353999999999961e-02 -9.721386999999999737e-03 0.000000000000000000e+00 1.729612999999999984e-02 0.000000000000000000e+00 1.910888000000000170e-02 1.702740999999999977e-02
1.640938000000000008e+00 3.402506000000000280e-02 -9.625474000000000183e-03 0.000000000000000000e+00 1.717308999999999850e-02 0.000000000000000000e+00 1.894238999999999992e-02 1.685197000000000431e-02
1.647126000000000090e+00 3.372663000000000050e-02 -9.529564000000000784e-03 0.000000000000000000e+00 1.705013999999999835e-02 0.000000000000000000e+00 1.877608999999999875e-02 1.667649000000000215e-02
1.653315000000000090e+00 3.342810999999999699e-02 -9.433647999999999340e-03 0.000000000000000000e+00 1.692700000000000107e-02 0.000000000000000000e+00 1.860940000000000163e-02 1.650110999999999592e-02
1.659504000000000090e+00 3.312957999999999875e-02 -9.337731999999999630e-03 0.000000000000000000e+00 1.680386000000000032e-02 0.000000000000000000e+00 1.844269999999999937e-02 1.632571999999999843e-02
1.665693000000000090e+00 3.284365999999999675e-02 -9.245949999999999308e-03 0.000000000000000000e+00 1.668313000000000088e-02 0.000000000000000000e+00 1.827871999999999830e-02 1.616052999999999587e-02
1.671880999999999950e+00 3.257362999999999925e-02 -9.159376000000000323e-03 0.000000000000000000e+00 1.656544999999999893e-02 0.000000000000000000e+00 1.811816000000000121e-02 1.600818000000000033e-02
1.678069999999999951e+00 3.230352000000000223e-02 -9.072741000000000486e-03 0.000000000000000000e+00 1.644763999999999948e-02 0.000000000000000000e+00 1.795779999999999946e-02 1.585588000000000275e-02
1.684258999999999951e+00 3.203319000000000305e-02 -8.985922000000000354e-03 0.000000000000000000e+00 1.632944000000000062e-02 0.000000000000000000e+00 1.779800000000000132e-02 1.570375000000000243e-02
1.690447999999999951e+00 3.176307999999999909e-02 -8.899287000000000517e-03 0.000000000000000000e+00 1.621163000000000118e-02 0.000000000000000000e+00 1.763763000000000136e-02 1.555144999999999791e-02
1.696636000000000033e+00 3.149708999999999842e-02 -8.813717000000000426e-03 0.000000000000000000e+00 1.609427999999999900e-02 0.000000000000000000e+00 1.747748000000000010e-02 1.540280999999999942e-02
1.702825000000000033e+00 3.126422999999999702e-02 -8.736717999999999221e-03 0.000000000000000000e+00 1.598064000000000082e-02 0.000000000000000000e+00 1.731912000000000035e-02 1.528358999999999621e-02
1.709014000000000033e+00 3.103097000000000147e-02 -8.659464000000000397e-03 0.000000000000000000e+00 1.586697000000000107e-02 0.000000000000000000e+00 1.716093000000000132e-02 1.516400000000000040e-02
1.715203000000000033e+00 3.079716000000000051e-02 -8.581867999999999441e-03 0.000000000000000000e+00 1.575323000000000001e-02 0.000000000000000000e+00 1.700296000000000099e-02 1.504393000000000050e-02
1.721390999999999893e+00 3.056350000000000039e-02 -8.504365999999999315e-03 0.000000000000000000e+00 1.563950999999999883e-02 0.000000000000000000e+00 1.684491999999999934e-02 1.492399000000000156e-02
1.727579999999999893e+00 3.033044999999999838e-02 -8.427244999999999875e-03 0.000000000000000000e+00 1.552585000000000076e-02 0.000000000000000000e+00 1.668665000000000079e-02 1.480459999999999762e-02
1.733768999999999894e+00 3.011377000000000151e-02 -8.354316999999999993e-03 0.000000000000000000e+00 1.541360999999999946e-02 0.000000000000000000e+00 1.653755000000000155e-02 1.470016000000000204e-02
1.739957999999999894e+00 2.990080999999999989e-02 -8.282117999999999772e-03 0.000000000000000000e+00 1.530240000000000072e-02 0.000000000000000000e+00 1.639010000000000120e-02 1.459840999999999916e-02
1.746145999999999976e+00 2.968745000000000064e-02 -8.209690000000000390e-03 0.000000000000000000e+00 1.519153999999999990e-02 0.000000000000000000e+00 1.624217999999999842e-02 1.449591000000000074e-02
1.752334999999999976e+00 2.947409000000000140e-02 -8.137263000000000482e-03 0.000000000000000000e+00 1.508066999999999915e-02 0.000000000000000000e+00 1.609425999999999912e-02 1.439342000000000225e-02
1.758523999999999976e+00 2.926091000000000109e-02 -8.064932000000000351e-03 0.000000000000000000e+00 1.496965999999999922e-02 0.000000000000000000e+00 1.594653000000000043e-02 1.429125000000000187e-02
1.764712999999999976e+00 2.905701000000000117e-02 -7.994506999999999655e-03 0.000000000000000000e+00 1.485960000000000059e-02 0.000000000000000000e+00 1.580459999999999851e-02 1.419741000000000059e-02
1.770901999999999976e+00 2.886346000000000050e-02 -7.925863000000000005e-03 0.000000000000000000e+00 1.475180000000000068e-02 0.000000000000000000e+00 1.566793000000000005e-02 1.411165999999999983e-02
1.777090000000000058e+00 2.866998000000000116e-02 -7.857228000000000823e-03 0.000000000000000000e+00 1.464406000000000041e-02 0.000000000000000000e+00 1.553119000000000027e-02 1.402592000000000075e-02
1.783279000000000059e+00 2.847649000000000014e-02 -7.788592000000000432e-03 0.000000000000000000e+00 1.453632000000000014e-02 0.000000000000000000e+00 1.539446000000000044e-02 1.394016999999999999e-02
1.789468000000000059e+00 2.828301000000000079e-02 -7.719957000000000381e-03 0.000000000000000000e+00 1.442856999999999994e-02 0.000000000000000000e+00 1.525773000000000060e-02 1.385444000000000085e-02
1.795657000000000059e+00 2.809062000000000017e-02 -7.651864999999999882e-03 0.000000000000000000e+00 1.432152000000000078e-02 0.000000000000000000e+00 1.512293999999999965e-02 1.376909999999999940e-02
1.801844999999999919e+00 2.790470999999999924e-02 -7.586955999999999735e-03 0.000000000000000000e+00 1.421838999999999915e-02 0.000000000000000000e+00 1.499918000000000085e-02 1.368632000000000008e-02
1.808033999999999919e+00 2.771879999999999830e-02 -7.522046999999999588e-03 0.000000000000000000e+00 1.411526999999999921e-02 0.000000000000000000e+00 1.487541000000000037e-02 1.360352999999999909e-02
1.814222999999999919e+00 2.753287999999999916e-02 -7.457138999999999782e-03 0.000000000000000000e+00 1.401213999999999932e-02 0.000000000000000000e+00 1.475164999999999983e-02 1.352073999999999984e-02
1.820411999999999919e+00 2.734697000000000169e-02 -7.392229999999999634e-03 0.000000000000000000e+00 1.390901999999999937e-02 0.000000000000000000e+00 1.462787999999999936e-02 1.343795000000000232e-02
1.826600000000000001e+00 2.716127000000000125e-02 -7.327329999999999954e-03 0.000000000000000000e+00 1.380584999999999972e-02 0.000000000000000000e+00 1.450398999999999959e-02 1.335542000000000153e-02
1.832789000000000001e+00 2.697574000000000152e-02 -7.263501000000000332e-03 0.000000000000000000e+00 1.370941999999999994e-02 0.000000000000000000e+00 1.438720999999999924e-02 1.326632000000000158e-02
1.838978000000000002e+00 2.679060000000000122e-02 -7.199899000000000056e-03 0.000000000000000000e+00 1.361436000000000070e-02 0.000000000000000000e+00 1.427252000000000035e-02 1.317624000000000052e-02
1.845167000000000002e+00 2.660546000000000091e-02 -7.136296000000000306e-03 0.000000000000000000e+00 1.351930999999999966e-02 0.000000000000000000e+00 1.415782999999999972e-02 1.308615000000000125e-02
1.851355000000000084e+00 2.642032000000000061e-02 -7.072694000000000029e-03 0.000000000000000000e+00 1.342426000000000036e-02 0.000000000000000000e+00 1.404312999999999916e-02 1.299606000000000025e-02
1.857544000000000084e+00 2.623475999999999933e-02 -7.009068999999999716e-03 0.000000000000000000e+00 1.332913999999999974e-02 0.000000000000000000e+00 1.392779000000000066e-02 1.290561999999999959e-02
1.863733000000000084e+00 2.605224999999999902e-02 -6.945853000000000096e-03 0.000000000000000000e+00 1.323603999999999926e-02 0.000000000000000000e+00 1.381787999999999940e-02 1.281620999999999976e-02
1.869922000000000084e+00 2.587269999999999848e-02 -6.883067999999999999e-03 0.000000000000000000e+00 1.314472000000000036e-02 0.000000000000000000e+00 1.371312000000000052e-02 1.272797999999999811e-02
1.876109999999999944e+00 2.569348999999999938e-02 -6.820592000000000321e-03 0.000000000000000000e+00 1.305342999999999955e-02 0.000000000000000000e+00 1.360860000000000021e-02 1.264005999999999984e-02
1.882298999999999944e+00 2.551426999999999862e-02 -6.758117000000000117e-03 0.000000000000000000e+00 1.296214000000000047e-02 0.000000000000000000e+00 1.350406999999999996e-02 1.255212999999999815e-02
1.888487999999999944e+00 2.533461999999999867e-02 -6.695238000000000057e-03 0.000000000000000000e+00 1.287081999999999983e-02 0.000000000000000000e+00 1.339923999999999976e-02 1.246379999999999884e-02
1.894676999999999945e+00 2.515571999999999947e-02 -6.633303999999999589e-03 0.000000000000000000e+00 1.278100000000000069e-02 0.000000000000000000e+00 1.329688000000000050e-02 1.237471999999999878e-02
1.900865000000000027e+00 2.497947000000000015e-02 -6.574647999999999777e-03 0.000000000000000000e+00 1.269610000000000009e-02 0.000000000000000000e+00 1.320268999999999956e-02 1.228337000000000005e-02
1.907054000000000027e+00 2.480324000000000070e-02 -6.516021999999999786e-03 0.000000000000000000e+00 1.261124999999999920e-02 0.000000000000000000e+00 1.310846000000000060e-02 1.219199000000000151e-02
1.913243000000000027e+00 2.462705999999999923e-02 -6.457515999999999950e-03 0.000000000000000000e+00 1.252654999999999914e-02 0.000000000000000000e+00 1.301404999999999923e-02 1.210051000000000009e-02
1.919432000000000027e+00 2.445079000000000002e-02 -6.398814000000000064e-03 0.000000000000000000e+00 1.244159000000000063e-02 0.000000000000000000e+00 1.291992999999999961e-02 1.200919999999999939e-02
1.925620000000000109e+00 2.427452999999999902e-02 -6.340110999999999837e-03 0.000000000000000000e+00 1.235663000000000039e-02 0.000000000000000000e+00 1.282580999999999999e-02 1.191789999999999863e-02
1.931809000000000109e+00 2.410539999999999905e-02 -6.277381999999999754e-03 0.000000000000000000e+00 1.227450000000000069e-02 0.000000000000000000e+00 1.273990000000000018e-02 1.183089999999999836e-02
1.937998000000000109e+00 2.393669000000000005e-02 -6.214411000000000414e-03 0.000000000000000000e+00 1.219253999999999998e-02 0.000000000000000000e+00 1.265448999999999914e-02 1.174415000000000008e-02
1.944187000000000110e+00 2.376781999999999853e-02 -6.151458000000000273e-03 0.000000000000000000e+00 1.211063000000000070e-02 0.000000000000000000e+00 1.256908999999999978e-02 1.165718999999999783e-02
1.950374999999999970e+00 2.359895000000000048e-02 -6.088505000000000132e-03 0.000000000000000000e+00 1.202870999999999975e-02 0.000000000000000000e+00 1.248369000000000041e-02 1.157024000000000073e-02
1.956563999999999970e+00 2.343007999999999896e-02 -6.025551999999999991e-03 0.000000000000000000e+00 1.194680000000000047e-02 0.000000000000000000e+00 1.239828999999999931e-02 1.148327999999999849e-02
1.962752999999999970e+00 2.327337000000000156e-02 -5.964754000000000063e-03 0.000000000000000000e+00 1.186685999999999991e-02 0.000000000000000000e+00 1.231534999999999921e-02 1.140651000000000165e-02
1.968941999999999970e+00 2.312302000000000107e-02 -5.905081999999999866e-03 0.000000000000000000e+00 1.178796000000000010e-02 0.000000000000000000e+00 1.223368000000000025e-02 1.133506000000000097e-02
1.975130000000000052e+00 2.297201999999999925e-02 -5.845521999999999697e-03 0.000000000000000000e+00 1.170893999999999928e-02 0.000000000000000000e+00 1.215231999999999944e-02 1.126307999999999997e-02
1.981319000000000052e+00 2.282081999999999861e-02 -5.785995000000000374e-03 0.000000000000000000e+00 1.162989000000000037e-02 0.000000000000000000e+00 1.207103999999999989e-02 1.119092999999999824e-02
1.987508000000000052e+00 2.267024999999999943e-02 -5.726359999999999784e-03 0.000000000000000000e+00 1.155095000000000080e-02 0.000000000000000000e+00 1.198948000000000028e-02 1.111929999999999863e-02
1.993697000000000052e+00 2.252171000000000034e-02 -5.664785999999999780e-03 0.000000000000000000e+00 1.147160000000000020e-02 0.000000000000000000e+00 1.190895999999999968e-02 1.105011000000000014e-02
1.999886000000000053e+00 2.237654999999999852e-02 -5.599973000000000277e-03 0.000000000000000000e+00 1.139157000000000017e-02 0.000000000000000000e+00 1.183020000000000078e-02 1.098497999999999836e-02
2.006073999999999913e+00 2.223115000000000160e-02 -5.535075000000000411e-03 0.000000000000000000e+00 1.131145000000000067e-02 0.000000000000000000e+00 1.175106000000000067e-02 1.091970000000000093e-02
2.012262999999999913e+00 2.208573999999999954e-02 -5.470174999999999864e-03 0.000000000000000000e+00 1.123131999999999950e-02 0.000000000000000000e+00 1.167191000000000062e-02 1.085442000000000004e-02
2.018451999999999913e+00 2.194045000000000023e-02 -5.405318000000000102e-03 0.000000000000000000e+00 1.115123999999999976e-02 0.000000000000000000e+00 1.159295999999999938e-02 1.078921000000000047e-02
2.024640999999999913e+00 2.179874999999999868e-02 -5.343355999999999627e-03 0.000000000000000000e+00 1.107490000000000037e-02 0.000000000000000000e+00 1.151988999999999964e-02 1.072384999999999831e-02
2.030829000000000217e+00 2.166146000000000044e-02 -5.285025999999999960e-03 0.000000000000000000e+00 1.100310000000000003e-02 0.000000000000000000e+00 1.145376000000000033e-02 1.065836000000000040e-02
2.037018000000000217e+00 2.152414000000000063e-02 -5.226683999999999670e-03 0.000000000000000000e+00 1.093111000000000083e-02 0.000000000000000000e+00 1.138723999999999986e-02 1.059302999999999981e-02
2.043207000000000217e+00 2.138682999999999904e-02 -5.168342000000000248e-03 0.000000000000000000e+00 1.085912999999999982e-02 0.000000000000000000e+00 1.132071999999999939e-02 1.052769999999999921e-02
2.049396000000000218e+00 2.124952999999999911e-02 -5.110009999999999900e-03 0.000000000000000000e+00 1.078727999999999979e-02 0.000000000000000000e+00 1.125450000000000061e-02 1.046224999999999933e-02
2.055584000000000078e+00 2.111429000000000084e-02 -5.048440999999999866e-03 0.000000000000000000e+00 1.071863999999999977e-02 0.000000000000000000e+00 1.119424999999999934e-02 1.039565000000000107e-02
2.061773000000000078e+00 2.097964000000000079e-02 -4.985704999999999998e-03 0.000000000000000000e+00 1.065076000000000044e-02 0.000000000000000000e+00 1.113551999999999945e-02 1.032888000000000035e-02
2.067962000000000078e+00 2.084497999999999907e-02 -4.922967999999999789e-03 0.000000000000000000e+00 1.058287999999999937e-02 0.000000000000000000e+00 1.107679999999999949e-02 1.026209999999999969e-02
2.074151000000000078e+00 2.071032999999999902e-02 -4.860231999999999920e-03 0.000000000000000000e+00 1.051499000000000010e-02 0.000000000000000000e+00 1.101807999999999954e-02 1.019533999999999892e-02
2.080338999999999938e+00 2.057569000000000065e-02 -4.797519000000000089e-03 0.000000000000000000e+00 1.044715000000000053e-02 0.000000000000000000e+00 1.095940999999999929e-02 1.012854000000000011e-02
2.086527999999999938e+00 2.044326999999999950e-02 -4.738024000000000402e-03 0.000000000000000000e+00 1.038071999999999953e-02 0.000000000000000000e+00 1.090376000000000019e-02 1.006254999999999997e-02
2.092716999999999938e+00 2.031138999999999861e-02 -4.678856000000000334e-03 0.000000000000000000e+00 1.031430000000000020e-02 0.000000000000000000e+00 1.084844000000000086e-02 9.997089999999998408e-03
2.098905999999999938e+00 2.017951000000000120e-02 -4.619688000000000266e-03 0.000000000000000000e+00 1.024787999999999914e-02 0.000000000000000000e+00 1.079310999999999986e-02 9.931630000000002054e-03
2.105093999999999799e+00 2.004761000000000043e-02 -4.560492000000000191e-03 0.000000000000000000e+00 1.018145999999999982e-02 0.000000000000000000e+00 1.073784000000000023e-02 9.866150000000000614e-03
2.111282999999999799e+00 1.991568000000000158e-02 -4.501258000000000169e-03 0.000000000000000000e+00 1.011503000000000055e-02 0.000000000000000000e+00 1.068262000000000031e-02 9.800650000000001028e-03
2.117471999999999799e+00 1.978206000000000062e-02 -4.440361000000000308e-03 0.000000000000000000e+00 1.005028999999999992e-02 0.000000000000000000e+00 1.062914000000000046e-02 9.731770000000000698e-03
2.123660999999999799e+00 1.964799000000000059e-02 -4.379275999999999655e-03 0.000000000000000000e+00 9.985905999999999255e-03 0.000000000000000000e+00 1.057595000000000063e-02 9.662084000000001338e-03
2.129849000000000103e+00 1.951392000000000057e-02 -4.318190999999999870e-03 0.000000000000000000e+00 9.921519999999999645e-03 0.000000000000000000e+00 1.052276000000000079e-02 9.592400000000000926e-03
2.136038000000000103e+00 1.937985000000000055e-02 -4.257107000000000425e-03 0.000000000000000000e+00 9.857134999999999508e-03 0.000000000000000000e+00 1.046955999999999928e-02 9.522715000000001040e-03
2.142227000000000103e+00 1.924601000000000089e-02 -4.195940999999999907e-03 0.000000000000000000e+00 9.792613000000000359e-03 0.000000000000000000e+00 1.041637999999999939e-02 9.453397000000000536e-03
2.148416000000000103e+00 1.910950999999999969e-02 -4.136131999999999830e-03 0.000000000000000000e+00 9.729206000000000659e-03 0.000000000000000000e+00 1.036371999999999988e-02 9.380303999999999032e-03
2.154603999999999964e+00 1.897186000000000011e-02 -4.077004000000000392e-03 0.000000000000000000e+00 9.666574000000000694e-03 0.000000000000000000e+00 1.031135000000000038e-02 9.305285999999999419e-03
2.160792999999999964e+00 1.883421000000000053e-02 -4.017877000000000427e-03 0.000000000000000000e+00 9.603943000000000202e-03 0.000000000000000000e+00 1.025897999999999914e-02 9.230267000000000333e-03
2.166981999999999964e+00 1.869654999999999928e-02 -3.958749999999999596e-03 0.000000000000000000e+00 9.541311000000000236e-03 0.000000000000000000e+00 1.020660999999999964e-02 9.155238999999999044e-03
2.173170999999999964e+00 1.855884000000000006e-02 -3.899578999999999806e-03 0.000000000000000000e+00 9.478568999999999189e-03 0.000000000000000000e+00 1.015417000000000056e-02 9.080271000000000869e-03
2.179358999999999824e+00 1.842360999999999999e-02 -3.840912000000000145e-03 0.000000000000000000e+00 9.416719000000000478e-03 0.000000000000000000e+00 1.010222000000000030e-02 9.006890999999999509e-03
2.185547999999999824e+00 1.829137000000000124e-02 -3.782947999999999953e-03 0.000000000000000000e+00 9.355986000000000163e-03 0.000000000000000000e+00 1.005093999999999953e-02 8.935384000000001076e-03
2.191736999999999824e+00 1.815949999999999856e-02 -3.725148000000000174e-03 0.000000000000000000e+00 9.295230999999999286e-03 0.000000000000000000e+00 9.999766999999999684e-03 8.864268999999999274e-03
2.197925999999999824e+00 1.802764000000000102e-02 -3.667347999999999962e-03 0.000000000000000000e+00 9.234473999999999461e-03 0.000000000000000000e+00 9.948593999999999840e-03 8.793166000000001564e-03
2.204114000000000129e+00 1.789541000000000048e-02 -3.609390000000000081e-03 0.000000000000000000e+00 9.173742000000000354e-03 0.000000000000000000e+00 9.897318000000000435e-03 8.721668000000000129e-03
2.210303000000000129e+00 1.776395000000000057e-02 -3.551587000000000147e-03 0.000000000000000000e+00 9.113107999999999972e-03 0.000000000000000000e+00 9.846567000000000514e-03 8.650842000000000601e-03
2.216492000000000129e+00 1.763783999999999838e-02 -3.495255000000000063e-03 0.000000000000000000e+00 9.052854000000000803e-03 0.000000000000000000e+00 9.798782000000000672e-03 8.584985999999997577e-03
2.222681000000000129e+00 1.751188999999999871e-02 -3.438988999999999935e-03 0.000000000000000000e+00 8.992520999999999848e-03 0.000000000000000000e+00 9.750933999999999297e-03 8.519368999999998859e-03
2.228868999999999989e+00 1.738605999999999832e-02 -3.382776000000000099e-03 0.000000000000000000e+00 8.932126999999999775e-03 0.000000000000000000e+00 9.703035999999999953e-03 8.453932999999998546e-03
2.235057999999999989e+00 1.726002999999999912e-02 -3.326478999999999808e-03 0.000000000000000000e+00 8.871830000000000688e-03 0.000000000000000000e+00 9.655218999999999607e-03 8.388199999999998435e-03
2.241246999999999989e+00 1.713386999999999896e-02 -3.270125999999999936e-03 0.000000000000000000e+00 8.811601000000000503e-03 0.000000000000000000e+00 9.607453999999999647e-03 8.322268999999998459e-03
2.247435999999999989e+00 1.700321000000000124e-02 -3.214307999999999922e-03 0.000000000000000000e+00 8.752749000000000640e-03 0.000000000000000000e+00 9.561949000000000143e-03 8.250461000000000600e-03
2.253623999999999850e+00 1.687162000000000037e-02 -3.158601000000000030e-03 0.000000000000000000e+00 8.694181000000000478e-03 0.000000000000000000e+00 9.516912000000000635e-03 8.177438999999999888e-03
2.259812999999999850e+00 1.673998000000000153e-02 -3.102885000000000105e-03 0.000000000000000000e+00 8.635556000000000829e-03 0.000000000000000000e+00 9.471769999999999148e-03 8.104424000000000697e-03
2.266001999999999850e+00 1.660837999999999898e-02 -3.047175000000000057e-03 0.000000000000000000e+00 8.576970999999999207e-03 0.000000000000000000e+00 9.426705000000000501e-03 8.031408999999999770e-03
2.272190999999999850e+00 1.647679999999999978e-02 -2.991470999999999887e-03 0.000000000000000000e+00 8.518417999999999823e-03 0.000000000000000000e+00 9.381692999999999977e-03 7.958381999999999956e-03
2.278379999999999850e+00 1.634634999999999908e-02 -2.935020999999999897e-03 0.000000000000000000e+00 8.460794000000000648e-03 0.000000000000000000e+00 9.337747000000000408e-03 7.885555999999998428e-03
2.284568000000000154e+00 1.621707999999999830e-02 -2.877799999999999803e-03 0.000000000000000000e+00 8.404129999999999240e-03 0.000000000000000000e+00 9.294904999999999140e-03 7.812949999999999062e-03
2.290757000000000154e+00 1.608779999999999932e-02 -2.820579000000000142e-03 0.000000000000000000e+00 8.347465999999999567e-03 0.000000000000000000e+00 9.252062999999999607e-03 7.740333999999999756e-03
2.296946000000000154e+00 1.595852000000000034e-02 -2.763353000000000077e-03 0.000000000000000000e+00 8.290804000000000576e-03 0.000000000000000000e+00 9.209217999999999918e-03 7.667715999999999768e-03
2.303135000000000154e+00 1.582926000000000125e-02 -2.706146999999999893e-03 0.000000000000000000e+00 8.234134000000000592e-03 0.000000000000000000e+00 9.166382000000000696e-03 7.595126000000000654e-03
2.309323000000000015e+00 1.570159999999999959e-02 -2.648572000000000079e-03 0.000000000000000000e+00 8.177755999999999567e-03 0.000000000000000000e+00 9.124372999999999859e-03 7.523844000000000018e-03
2.315512000000000015e+00 1.558057000000000018e-02 -2.589470999999999874e-03 0.000000000000000000e+00 8.122592999999999133e-03 0.000000000000000000e+00 9.085789000000000365e-03 7.457977000000001050e-03
2.321701000000000015e+00 1.545953000000000084e-02 -2.530370000000000102e-03 0.000000000000000000e+00 8.067430999999999908e-03 0.000000000000000000e+00 9.047200999999999507e-03 7.392099000000000933e-03
2.327890000000000015e+00 1.533850999999999964e-02 -2.471374000000000140e-03 0.000000000000000000e+00 8.012200000000000571e-03 0.000000000000000000e+00 9.008679000000000339e-03 7.326309999999999073e-03
2.334077999999999875e+00 1.521747000000000030e-02 -2.412295000000000064e-03 0.000000000000000000e+00 7.957023000000000568e-03 0.000000000000000000e+00 8.970103000000000104e-03 7.260446999999999734e-03
2.340266999999999875e+00 1.509643999999999917e-02 -2.353216999999999896e-03 0.000000000000000000e+00 7.901846000000000564e-03 0.000000000000000000e+00 8.931529000000000551e-03 7.194593999999998601e-03
2.346455999999999875e+00 1.498033000000000003e-02 -2.293502000000000214e-03 0.000000000000000000e+00 7.847507999999999567e-03 0.000000000000000000e+00 8.898634000000000752e-03 7.132822000000000467e-03
2.352644999999999875e+00 1.486437000000000001e-02 -2.233783999999999943e-03 0.000000000000000000e+00 7.793193999999999816e-03 0.000000000000000000e+00 8.865909999999999416e-03 7.071176000000000197e-03
2.358833000000000180e+00 1.474854999999999916e-02 -2.174245999999999904e-03 0.000000000000000000e+00 7.738848999999999902e-03 0.000000000000000000e+00 8.833304000000000156e-03 7.009700999999999259e-03
2.365022000000000180e+00 1.463265000000000052e-02 -2.114602000000000148e-03 0.000000000000000000e+00 7.684522000000000054e-03 0.000000000000000000e+00 8.800627000000000102e-03 6.948128000000000463e-03
2.371211000000000180e+00 1.451670000000000044e-02 -2.054896999999999974e-03 0.000000000000000000e+00 7.630205000000000147e-03 0.000000000000000000e+00 8.767913000000000442e-03 6.886495000000000290e-03
2.377400000000000180e+00 1.440625000000000065e-02 -1.995343000000000117e-03 0.000000000000000000e+00 7.576542000000000346e-03 0.000000000000000000e+00 8.740662999999999211e-03 6.829708000000000306e-03
2.383589000000000180e+00 1.429681000000000007e-02 -1.935873999999999972e-03 0.000000000000000000e+00 7.523008000000000299e-03 0.000000000000000000e+00 8.714393000000000833e-03 6.773801999999999775e-03
2.389777000000000040e+00 1.418755000000000016e-02 -1.876515000000000041e-03 0.000000000000000000e+00 7.469512000000000200e-03 0.000000000000000000e+00 8.688250999999999266e-03 6.718037999999999961e-03
2.395966000000000040e+00 1.407824000000000055e-02 -1.817124999999999947e-03 0.000000000000000000e+00 7.416004000000000346e-03 0.000000000000000000e+00 8.662071999999999827e-03 6.662236000000000199e-03
2.402155000000000040e+00 1.396874000000000032e-02 -1.757618999999999978e-03 0.000000000000000000e+00 7.362457000000000203e-03 0.000000000000000000e+00 8.635761000000000479e-03 6.606283000000000120e-03
2.408344000000000040e+00 1.386686999999999989e-02 -1.698672000000000029e-03 0.000000000000000000e+00 7.308557000000000248e-03 0.000000000000000000e+00 8.616406999999999539e-03 6.558312999999999643e-03
2.414531999999999901e+00 1.376643999999999958e-02 -1.639873999999999932e-03 0.000000000000000000e+00 7.254636000000000071e-03 0.000000000000000000e+00 8.598216000000000539e-03 6.511803999999999509e-03
2.420720999999999901e+00 1.366613000000000029e-02 -1.581100999999999904e-03 0.000000000000000000e+00 7.200724999999999834e-03 0.000000000000000000e+00 8.580087999999999604e-03 6.465405000000000457e-03
2.426909999999999901e+00 1.356581999999999927e-02 -1.522326999999999968e-03 0.000000000000000000e+00 7.146814999999999939e-03 0.000000000000000000e+00 8.561960000000000404e-03 6.419004999999999329e-03
2.433098999999999901e+00 1.346586999999999958e-02 -1.463483000000000015e-03 0.000000000000000000e+00 7.092855999999999814e-03 0.000000000000000000e+00 8.543912000000000728e-03 6.373013999999999762e-03
2.439287000000000205e+00 1.337814000000000017e-02 -1.404843999999999928e-03 0.000000000000000000e+00 7.038698999999999824e-03 0.000000000000000000e+00 8.530483999999999636e-03 6.339441000000000347e-03
2.445476000000000205e+00 1.329083000000000001e-02 -1.346226000000000063e-03 0.000000000000000000e+00 6.984566000000000212e-03 0.000000000000000000e+00 8.517194999999999974e-03 6.306263999999999793e-03
2.451665000000000205e+00 1.320352999999999978e-02 -1.287607000000000074e-03 0.000000000000000000e+00 6.930434000000000073e-03 0.000000000000000000e+00 8.503905000000000838e-03 6.273095999999999707e-03
2.457854000000000205e+00 1.311621999999999962e-02 -1.228988999999999993e-03 0.000000000000000000e+00 6.876301999999999935e-03 0.000000000000000000e+00 8.490617000000000650e-03 6.239917999999999680e-03
2.464042000000000066e+00 1.303552000000000009e-02 -1.170124999999999941e-03 0.000000000000000000e+00 6.821897999999999851e-03 0.000000000000000000e+00 8.479116999999999557e-03 6.213622000000000242e-03
2.470231000000000066e+00 1.296445000000000063e-02 -1.110911999999999924e-03 0.000000000000000000e+00 6.767308999999999998e-03 0.000000000000000000e+00 8.470250999999999822e-03 6.197141000000000628e-03
2.476420000000000066e+00 1.289339999999999931e-02 -1.051695999999999968e-03 0.000000000000000000e+00 6.712725999999999589e-03 0.000000000000000000e+00 8.461385000000000087e-03 6.180673999999999717e-03
2.482609000000000066e+00 1.282233999999999978e-02 -9.924796999999999092e-04 0.000000000000000000e+00 6.658143000000000047e-03 0.000000000000000000e+00 8.452519000000000352e-03 6.164196999999999732e-03
2.488796999999999926e+00 1.275131000000000007e-02 -9.332755999999999994e-04 0.000000000000000000e+00 6.603526000000000187e-03 0.000000000000000000e+00 8.443657000000000246e-03 6.147783999999999888e-03
2.494985999999999926e+00 1.269787999999999993e-02 -8.735700999999999796e-04 0.000000000000000000e+00 6.548085999999999837e-03 0.000000000000000000e+00 8.438637000000000568e-03 6.149794000000000094e-03
2.501174999999999926e+00 1.264445999999999973e-02 -8.138388999999999780e-04 0.000000000000000000e+00 6.492681999999999620e-03 0.000000000000000000e+00 8.433628999999999779e-03 6.151778000000000107e-03
2.507363999999999926e+00 1.259102999999999958e-02 -7.541076999999999763e-04 0.000000000000000000e+00 6.437278000000000271e-03 0.000000000000000000e+00 8.428619000000000042e-03 6.153751999999999313e-03
2.513551999999999786e+00 1.253761999999999932e-02 -6.943806999999999974e-04 0.000000000000000000e+00 6.381874000000000054e-03 0.000000000000000000e+00 8.423606999999999623e-03 6.155745999999999267e-03
2.519740999999999786e+00 1.249789999999999929e-02 -6.349037999999999774e-04 0.000000000000000000e+00 6.325642000000000244e-03 0.000000000000000000e+00 8.421394999999999922e-03 6.172257999999999044e-03
2.525929999999999787e+00 1.246169999999999917e-02 -5.754904000000000356e-04 0.000000000000000000e+00 6.269186000000000376e-03 0.000000000000000000e+00 8.419902999999999416e-03 6.192513999999998790e-03
2.532118999999999787e+00 1.242550000000000078e-02 -5.160769999999999854e-04 0.000000000000000000e+00 6.212730999999999983e-03 0.000000000000000000e+00 8.418411000000000644e-03 6.212769000000000798e-03
2.538307000000000091e+00 1.238931000000000060e-02 -4.566597999999999946e-04 0.000000000000000000e+00 6.156281999999999900e-03 0.000000000000000000e+00 8.416919999999999610e-03 6.233028000000000700e-03
2.544496000000000091e+00 1.236740000000000061e-02 -3.981308000000000134e-04 0.000000000000000000e+00 6.099338000000000155e-03 0.000000000000000000e+00 8.420138000000000622e-03 6.268062000000000460e-03
2.550685000000000091e+00 1.234861999999999939e-02 -3.398451000000000033e-04 0.000000000000000000e+00 6.042182000000000108e-03 0.000000000000000000e+00 8.424384000000000039e-03 6.306437999999999280e-03
2.556874000000000091e+00 1.232982999999999996e-02 -2.815594999999999730e-04 0.000000000000000000e+00 5.985027000000000402e-03 0.000000000000000000e+00 8.428629999999999456e-03 6.344802999999999554e-03
2.563061999999999951e+00 1.231250000000000053e-02 -2.232466000000000116e-04 0.000000000000000000e+00 5.927965000000000317e-03 0.000000000000000000e+00 8.433315000000000256e-03 6.384535000000000210e-03
2.569250999999999951e+00 1.231307000000000061e-02 -1.649614000000000093e-04 0.000000000000000000e+00 5.870710999999999812e-03 0.000000000000000000e+00 8.443430999999999506e-03 6.442359000000000800e-03
2.575439999999999952e+00 1.231348999999999985e-02 -1.066940999999999989e-04 0.000000000000000000e+00 5.813393000000000033e-03 0.000000000000000000e+00 8.453501999999999891e-03 6.500096999999999819e-03
2.581628999999999952e+00 1.231395000000000059e-02 -4.842227999999999745e-05 0.000000000000000000e+00 5.756091999999999979e-03 0.000000000000000000e+00 8.463583999999999691e-03 6.557858000000000610e-03
2.587816999999999812e+00 1.232852000000000080e-02 1.035932999999999963e-05 0.000000000000000000e+00 5.698952000000000184e-03 0.000000000000000000e+00 8.475943999999999146e-03 6.629568000000000613e-03
2.594005999999999812e+00 1.235306000000000078e-02 6.944232999999999960e-05 0.000000000000000000e+00 5.641684000000000108e-03 0.000000000000000000e+00 8.489791999999999478e-03 6.711376000000000668e-03
2.600194999999999812e+00 1.237760000000000075e-02 1.285252999999999873e-04 0.000000000000000000e+00 5.584416000000000033e-03 0.000000000000000000e+00 8.503640999999999284e-03 6.793184000000000722e-03
2.606383999999999812e+00 1.241050999999999960e-02 1.882355000000000107e-04 0.000000000000000000e+00 5.527187999999999719e-03 0.000000000000000000e+00 8.519006000000000842e-03 6.883321999999999878e-03
2.612572000000000116e+00 1.246156999999999994e-02 2.493099000000000031e-04 0.000000000000000000e+00 5.469726999999999749e-03 0.000000000000000000e+00 8.537497999999999268e-03 6.991843000000000190e-03
2.618761000000000116e+00 1.251235000000000021e-02 3.103650000000000007e-04 0.000000000000000000e+00 5.412227999999999831e-03 0.000000000000000000e+00 8.555923999999999474e-03 7.100122000000000377e-03
2.624950000000000117e+00 1.257047000000000025e-02 3.717393999999999733e-04 0.000000000000000000e+00 5.354730999999999727e-03 0.000000000000000000e+00 8.575836999999999349e-03 7.215739000000000528e-03
2.631139000000000117e+00 1.264742999999999944e-02 4.338508999999999833e-04 0.000000000000000000e+00 5.296818000000000012e-03 0.000000000000000000e+00 8.599549999999999209e-03 7.350611999999999424e-03
2.637326999999999977e+00 1.272415999999999998e-02 4.959435999999999792e-04 0.000000000000000000e+00 5.238869999999999638e-03 0.000000000000000000e+00 8.623238999999999557e-03 7.485290000000000346e-03
2.643515999999999977e+00 1.281271999999999966e-02 5.590922999999999596e-04 0.000000000000000000e+00 5.180724000000000266e-03 0.000000000000000000e+00 8.648331999999999894e-03 7.631995999999999399e-03
2.649704999999999977e+00 1.291473999999999921e-02 6.234453000000000260e-04 0.000000000000000000e+00 5.122030999999999980e-03 0.000000000000000000e+00 8.675116000000000077e-03 7.792708999999999227e-03
2.655893999999999977e+00 1.301707000000000038e-02 6.878281999999999886e-04 0.000000000000000000e+00 5.063406999999999804e-03 0.000000000000000000e+00 8.701897000000000104e-03 7.953662999999999705e-03
2.662081999999999837e+00 1.314121000000000039e-02 7.528113999999999596e-04 0.000000000000000000e+00 5.004376999999999957e-03 0.000000000000000000e+00 8.730451000000000183e-03 8.136832999999999566e-03
2.668270999999999837e+00 1.326850000000000078e-02 8.177832999999999804e-04 0.000000000000000000e+00 4.945129999999999838e-03 0.000000000000000000e+00 8.759324000000000623e-03 8.323370000000000074e-03
2.674459999999999837e+00 1.340950999999999949e-02 8.841689000000000449e-04 0.000000000000000000e+00 4.885777000000000002e-03 0.000000000000000000e+00 8.788802000000000073e-03 8.523732999999998616e-03
2.680648999999999837e+00 1.356428999999999968e-02 9.518235000000000324e-04 0.000000000000000000e+00 4.825954000000000355e-03 0.000000000000000000e+00 8.818928000000000184e-03 8.738335999999999326e-03
2.686837000000000142e+00 1.372846999999999956e-02 1.019811000000000025e-03 0.000000000000000000e+00 4.766107000000000329e-03 0.000000000000000000e+00 8.849767999999999177e-03 8.962362999999999233e-03
2.693026000000000142e+00 1.391312999999999925e-02 1.087990000000000051e-03 0.000000000000000000e+00 4.705629000000000235e-03 0.000000000000000000e+00 8.882172000000000678e-03 9.207500999999999880e-03
2.699215000000000142e+00 1.410803000000000057e-02 1.157047000000000023e-03 0.000000000000000000e+00 4.645405000000000020e-03 0.000000000000000000e+00 8.915565000000000295e-03 9.462625000000000550e-03
2.705404000000000142e+00 1.432555999999999934e-02 1.227737999999999920e-03 0.000000000000000000e+00 4.585294999999999649e-03 0.000000000000000000e+00 8.950977000000000586e-03 9.740264999999999687e-03
2.711593000000000142e+00 1.455775999999999945e-02 1.298668999999999909e-03 0.000000000000000000e+00 4.525139000000000071e-03 0.000000000000000000e+00 8.987837999999999730e-03 1.003262099999999851e-02
2.717781000000000002e+00 1.480894999999999954e-02 1.369612999999999994e-03 0.000000000000000000e+00 4.464627999999999999e-03 0.000000000000000000e+00 9.026423000000000432e-03 1.034432199999999955e-02
2.723970000000000002e+00 1.508113999999999982e-02 1.442349000000000105e-03 0.000000000000000000e+00 4.404215999999999860e-03 0.000000000000000000e+00 9.065615000000000825e-03 1.067692400000000083e-02
2.730159000000000002e+00 1.536614000000000035e-02 1.516088999999999978e-03 0.000000000000000000e+00 4.343684999999999907e-03 0.000000000000000000e+00 9.105089999999999711e-03 1.102245500000000045e-02
2.736348000000000003e+00 1.568200000000000149e-02 1.590290000000000063e-03 0.000000000000000000e+00 4.283173999999999836e-03 0.000000000000000000e+00 9.145620000000000138e-03 1.139882600000000079e-02
2.742535999999999863e+00 1.600889000000000131e-02 1.664799999999999917e-03 0.000000000000000000e+00 4.222644999999999697e-03 0.000000000000000000e+00 9.186282000000000475e-03 1.178624500000000075e-02
2.748724999999999863e+00 1.636860999999999872e-02 1.740613999999999920e-03 0.000000000000000000e+00 4.161966999999999924e-03 0.000000000000000000e+00 9.226658999999999902e-03 1.220664299999999966e-02
2.754913999999999863e+00 1.674886000000000083e-02 1.816700999999999993e-03 0.000000000000000000e+00 4.101317000000000157e-03 0.000000000000000000e+00 9.266388000000000402e-03 1.264754300000000067e-02
2.761102999999999863e+00 1.714981000000000144e-02 1.892996999999999996e-03 0.000000000000000000e+00 4.040585999999999657e-03 0.000000000000000000e+00 9.305393000000000345e-03 1.310922400000000265e-02
2.767291000000000167e+00 1.758998999999999979e-02 1.969848000000000172e-03 0.000000000000000000e+00 3.979479000000000176e-03 0.000000000000000000e+00 9.341901999999999151e-03 1.361051099999999875e-02
2.773480000000000167e+00 1.805042999999999925e-02 2.046989999999999834e-03 0.000000000000000000e+00 3.918185999999999718e-03 0.000000000000000000e+00 9.376670999999999617e-03 1.413224399999999867e-02
2.779669000000000167e+00 1.854234000000000090e-02 2.124546000000000160e-03 0.000000000000000000e+00 3.856525999999999878e-03 0.000000000000000000e+00 9.408437999999999871e-03 1.468581400000000189e-02
2.785858000000000168e+00 1.907280000000000086e-02 2.202434000000000076e-03 0.000000000000000000e+00 3.794360000000000094e-03 0.000000000000000000e+00 9.435436999999999644e-03 1.527844000000000077e-02
2.792046000000000028e+00 1.962830999999999951e-02 2.280428000000000142e-03 0.000000000000000000e+00 3.731757000000000043e-03 0.000000000000000000e+00 9.459026000000000586e-03 1.589655300000000077e-02
2.798235000000000028e+00 2.021511999999999962e-02 2.358489000000000071e-03 0.000000000000000000e+00 3.668554000000000086e-03 0.000000000000000000e+00 9.478154000000000787e-03 1.654656599999999866e-02
2.804424000000000028e+00 2.084512000000000170e-02 2.436426000000000217e-03 0.000000000000000000e+00 3.604243999999999937e-03 0.000000000000000000e+00 9.490658000000000774e-03 1.724087600000000220e-02
2.810613000000000028e+00 2.150490000000000040e-02 2.513969000000000013e-03 0.000000000000000000e+00 3.538938000000000153e-03 0.000000000000000000e+00 9.498520999999999354e-03 1.796596200000000199e-02
2.816802000000000028e+00 2.219700000000000145e-02 2.590995000000000017e-03 0.000000000000000000e+00 3.472531000000000055e-03 0.000000000000000000e+00 9.501278000000000154e-03 1.872446900000000053e-02
2.822989999999999888e+00 2.293130000000000168e-02 2.667104000000000003e-03 0.000000000000000000e+00 3.404438000000000082e-03 0.000000000000000000e+00 9.497304999999999289e-03 1.952686200000000247e-02
2.829178999999999888e+00 2.371055000000000038e-02 2.741601000000000194e-03 0.000000000000000000e+00 3.334231999999999908e-03 0.000000000000000000e+00 9.485700999999999161e-03 2.037631800000000090e-02
2.835367999999999888e+00 2.452558999999999989e-02 2.814243000000000126e-03 0.000000000000000000e+00 3.262140000000000178e-03 0.000000000000000000e+00 9.467108000000000120e-03 2.126344999999999971e-02
2.841556999999999888e+00 2.537613999999999842e-02 2.884539000000000200e-03 0.000000000000000000e+00 3.188016000000000114e-03 0.000000000000000000e+00 9.440580000000000499e-03 2.218812399999999657e-02
2.847745000000000193e+00 2.626078000000000093e-02 2.951927999999999930e-03 0.000000000000000000e+00 3.111660999999999941e-03 0.000000000000000000e+00 9.405103999999999201e-03 2.314911900000000272e-02
2.853934000000000193e+00 2.717842999999999995e-02 3.015931999999999814e-03 0.000000000000000000e+00 3.032693999999999841e-03 0.000000000000000000e+00 9.359525000000000483e-03 2.414573600000000098e-02
2.860123000000000193e+00 2.812877999999999906e-02 3.075248999999999951e-03 0.000000000000000000e+00 2.950350000000000021e-03 0.000000000000000000e+00 9.301472999999999339e-03 2.517842999999999817e-02
2.866312000000000193e+00 2.910147999999999902e-02 3.129862000000000182e-03 0.000000000000000000e+00 2.864689000000000124e-03 0.000000000000000000e+00 9.231916999999999207e-03 2.623679099999999889e-02
2.872500000000000053e+00 3.008908000000000069e-02 3.178957000000000050e-03 0.000000000000000000e+00 2.775422000000000045e-03 0.000000000000000000e+00 9.150403999999999136e-03 2.731365800000000107e-02
2.878689000000000053e+00 3.108145000000000005e-02 3.221514999999999882e-03 0.000000000000000000e+00 2.682388999999999867e-03 0.000000000000000000e+00 9.056481999999999380e-03 2.839906099999999975e-02
2.884878000000000053e+00 3.206922999999999718e-02 3.256301999999999981e-03 0.000000000000000000e+00 2.585270000000000189e-03 0.000000000000000000e+00 8.949712000000000292e-03 2.948395999999999656e-02
2.891067000000000053e+00 3.304297999999999957e-02 3.282155000000000142e-03 0.000000000000000000e+00 2.483733000000000121e-03 0.000000000000000000e+00 8.829596999999999793e-03 3.055924699999999772e-02
2.897254999999999914e+00 3.399003999999999914e-02 3.297597000000000202e-03 0.000000000000000000e+00 2.377599000000000205e-03 0.000000000000000000e+00 8.696130999999999306e-03 3.161244099999999807e-02
2.903443999999999914e+00 3.490619999999999834e-02 3.300575999999999944e-03 0.000000000000000000e+00 2.267640999999999928e-03 0.000000000000000000e+00 8.552703999999999515e-03 3.263855899999999755e-02
2.909632999999999914e+00 3.575649000000000188e-02 3.290367000000000205e-03 0.000000000000000000e+00 2.152125999999999865e-03 0.000000000000000000e+00 8.392986999999999323e-03 3.360436400000000462e-02
2.915821999999999914e+00 3.652641999999999695e-02 3.265277000000000023e-03 0.000000000000000000e+00 2.031459000000000216e-03 0.000000000000000000e+00 8.218420000000000586e-03 3.449496099999999760e-02
2.922010000000000218e+00 3.719400999999999957e-02 3.223059999999999814e-03 0.000000000000000000e+00 1.905957000000000007e-03 0.000000000000000000e+00 8.029295000000000529e-03 3.528805299999999978e-02
2.928199000000000218e+00 3.773108000000000017e-02 3.161255999999999875e-03 0.000000000000000000e+00 1.775288999999999990e-03 0.000000000000000000e+00 7.823830000000000368e-03 3.595579100000000083e-02
2.934388000000000218e+00 3.809049999999999936e-02 3.076665000000000129e-03 0.000000000000000000e+00 1.639999000000000057e-03 0.000000000000000000e+00 7.599894000000000267e-03 3.645050099999999627e-02
2.940577000000000218e+00 3.824307999999999874e-02 2.968421000000000167e-03 0.000000000000000000e+00 1.500524999999999949e-03 0.000000000000000000e+00 7.356371999999999911e-03 3.674255499999999619e-02
2.946765000000000079e+00 3.814552999999999694e-02 2.834979000000000058e-03 0.000000000000000000e+00 1.357680999999999905e-03 0.000000000000000000e+00 7.092410000000000381e-03 3.678784899999999747e-02
2.952954000000000079e+00 3.775019999999999765e-02 2.674839000000000036e-03 0.000000000000000000e+00 1.212390000000000039e-03 0.000000000000000000e+00 6.807635000000000249e-03 3.653780999999999696e-02
2.959143000000000079e+00 3.700479000000000268e-02 2.487123999999999845e-03 0.000000000000000000e+00 1.066024999999999959e-03 0.000000000000000000e+00 6.501622999999999777e-03 3.593876500000000446e-02
2.965332000000000079e+00 3.580926999999999721e-02 2.268899999999999910e-03 0.000000000000000000e+00 9.199584999999999707e-04 0.000000000000000000e+00 6.170867000000000019e-03 3.488931149999999898e-02
2.971519999999999939e+00 3.409422000000000147e-02 2.021587999999999944e-03 0.000000000000000000e+00 7.761698000000000035e-04 0.000000000000000000e+00 5.812669000000000342e-03 3.331805020000000450e-02
2.977708999999999939e+00 3.184512999999999927e-02 1.750613999999999946e-03 0.000000000000000000e+00 6.365131999999999691e-04 0.000000000000000000e+00 5.425580999999999633e-03 3.120861679999999833e-02
2.983897999999999939e+00 2.896951999999999861e-02 1.460066000000000098e-03 0.000000000000000000e+00 5.039159000000000520e-04 0.000000000000000000e+00 5.001740999999999653e-03 2.846560409999999985e-02
2.990086999999999939e+00 2.544311999999999963e-02 1.159150000000000067e-03 0.000000000000000000e+00 3.811374999999999876e-04 0.000000000000000000e+00 4.532898999999999956e-03 2.506198249999999975e-02
2.996274999999999800e+00 2.136988999999999903e-02 8.612875000000000305e-04 0.000000000000000000e+00 2.701722999999999950e-04 0.000000000000000000e+00 4.014501999999999654e-03 2.109971769999999941e-02
3.002463999999999800e+00 1.681279999999999927e-02 5.853651000000000514e-04 0.000000000000000000e+00 1.763039000000000045e-04 0.000000000000000000e+00 3.424782999999999820e-03 1.663649609999999848e-02
3.008652999999999800e+00 1.211737000000000057e-02 3.481482999999999952e-04 0.000000000000000000e+00 1.005345999999999979e-04 0.000000000000000000e+00 2.766194000000000031e-03 1.201683540000000015e-02
3.014841999999999800e+00 7.650221999999999925e-03 1.703058999999999986e-04 0.000000000000000000e+00 4.692633000000000036e-05 0.000000000000000000e+00 2.027957999999999844e-03 7.603295670000000291e-03
3.021030000000000104e+00 3.916776000000000285e-03 6.039992999999999957e-05 0.000000000000000000e+00 1.543157999999999837e-05 0.000000000000000000e+00 1.246591000000000019e-03 3.901344420000000222e-03
3.027219000000000104e+00 1.286954000000000093e-03 1.036482000000000083e-05 0.000000000000000000e+00 2.175121999999999908e-06 0.000000000000000000e+00 5.112563999999999997e-04 1.284778878000000053e-03
3.033408000000000104e+00 5.749123999999999879e-05 4.253211000000000193e-08 0.000000000000000000e+00 2.074608999999999820e-09 0.000000000000000000e+00 3.061392999999999710e-05 5.748916539099999958e-05
