9.169999999999999549e-04 6.628146000000000287e-05 -1.991757999999999987e-07 0.000000000000000000e+00 2.131147999999999804e-09 0.000000000000000000e+00 8.822193000000000526e-05 6.627932885200000005e-05
7.106000000000000337e-03 2.881663000000000020e-03 -2.847710000000000133e-06 0.000000000000000000e+00 1.539210000000000125e-05 0.000000000000000000e+00 3.754702999999999860e-03 2.866270900000000062e-03
1.329499999999999953e-02 7.457675000000000415e-03 -3.128285000000000153e-05 0.000000000000000000e+00 1.346337999999999984e-04 0.000000000000000000e+00 9.693145999999999707e-03 7.323041200000000688e-03
1.948300000000000032e-02 1.173777999999999974e-02 -1.183940999999999986e-04 0.000000000000000000e+00 4.370239000000000155e-04 0.000000000000000000e+00 1.540980999999999948e-02 1.130075609999999994e-02
2.567200000000000037e-02 1.515210999999999988e-02 -2.710745999999999880e-04 0.000000000000000000e+00 9.307423000000000215e-04 0.000000000000000000e+00 2.015163000000000024e-02 1.422136769999999932e-02
3.186100000000000043e-02 1.769139999999999949e-02 -4.825375999999999927e-04 0.000000000000000000e+00 1.602740000000000067e-03 0.000000000000000000e+00 2.381286999999999987e-02 1.608865999999999769e-02
3.805000000000000049e-02 1.960570000000000021e-02 -7.336388999999999801e-04 0.000000000000000000e+00 2.405098000000000045e-03 0.000000000000000000e+00 2.664141000000000079e-02 1.720060199999999886e-02
4.423799999999999955e-02 2.106328999999999840e-02 -1.012747999999999947e-03 0.000000000000000000e+00 3.303528000000000020e-03 0.000000000000000000e+00 2.881606000000000098e-02 1.775976199999999838e-02
5.042699999999999960e-02 2.219826999999999911e-02 -1.310813000000000082e-03 0.000000000000000000e+00 4.267352999999999771e-03 0.000000000000000000e+00 3.048932000000000031e-02 1.793091699999999761e-02
5.661599999999999966e-02 2.310906999999999892e-02 -1.621671000000000093e-03 0.000000000000000000e+00 5.271154000000000117e-03 0.000000000000000000e+00 3.177914999999999907e-02 1.783791599999999880e-02
6.280499999999999972e-02 2.386573999999999987e-02 -1.941241999999999924e-03 0.000000000000000000e+00 6.295125999999999847e-03 0.000000000000000000e+00 3.277465000000000239e-02 1.757061399999999829e-02
6.899299999999999877e-02 2.451719999999999941e-02 -2.266924000000000022e-03 0.000000000000000000e+00 7.324701999999999776e-03 0.000000000000000000e+00 3.354270000000000168e-02 1.719249800000000050e-02
7.518199999999999883e-02 2.509673000000000112e-02 -2.596704999999999933e-03 0.000000000000000000e+00 8.349264999999999812e-03 0.000000000000000000e+00 3.413835999999999954e-02 1.674746500000000304e-02
8.137099999999999889e-02 2.562559000000000017e-02 -2.929597999999999838e-03 0.000000000000000000e+00 9.360815999999999235e-03 0.000000000000000000e+00 3.459816999999999754e-02 1.626477400000000267e-02
8.755999999999999894e-02 2.612025000000000111e-02 -3.264912000000000022e-03 0.000000000000000000e+00 1.035300999999999930e-02 0.000000000000000000e+00 3.494930000000000259e-02 1.576724000000000181e-02
9.374799999999999800e-02 2.659511999999999987e-02 -3.601829999999999875e-03 0.000000000000000000e+00 1.132409000000000020e-02 0.000000000000000000e+00 3.522727999999999970e-02 1.527102999999999967e-02
9.993699999999999806e-02 2.705323000000000103e-02 -3.940339999999999641e-03 0.000000000000000000e+00 1.226676999999999976e-02 0.000000000000000000e+00 3.543661000000000033e-02 1.478646000000000127e-02
1.061259999999999981e-01 2.750187000000000118e-02 -4.280192999999999845e-03 0.000000000000000000e+00 1.318426999999999967e-02 0.000000000000000000e+00 3.560205999999999787e-02 1.431760000000000151e-02
1.123149999999999982e-01 2.794220000000000037e-02 -4.620746000000000228e-03 0.000000000000000000e+00 1.407181000000000057e-02 0.000000000000000000e+00 3.572841999999999685e-02 1.387038999999999980e-02
1.185029999999999972e-01 2.837813999999999962e-02 -4.962226999999999610e-03 0.000000000000000000e+00 1.492958999999999953e-02 0.000000000000000000e+00 3.582536000000000054e-02 1.344855000000000009e-02
1.246919999999999973e-01 2.881177000000000044e-02 -5.304562999999999987e-03 0.000000000000000000e+00 1.575978000000000101e-02 0.000000000000000000e+00 3.590213999999999905e-02 1.305198999999999943e-02
1.308809999999999973e-01 2.924345000000000069e-02 -5.646950000000000407e-03 0.000000000000000000e+00 1.656115000000000018e-02 0.000000000000000000e+00 3.596649999999999847e-02 1.268230000000000052e-02
1.370699999999999974e-01 2.967592000000000146e-02 -5.989602000000000120e-03 0.000000000000000000e+00 1.733194999999999875e-02 0.000000000000000000e+00 3.602085000000000009e-02 1.234397000000000272e-02
1.432579999999999965e-01 3.011083999999999983e-02 -6.332538000000000403e-03 0.000000000000000000e+00 1.807492999999999947e-02 0.000000000000000000e+00 3.606969000000000147e-02 1.203591000000000036e-02
1.494469999999999965e-01 3.054865999999999832e-02 -6.675859000000000133e-03 0.000000000000000000e+00 1.879194000000000003e-02 0.000000000000000000e+00 3.611649000000000109e-02 1.175671999999999828e-02
1.556359999999999966e-01 3.099050000000000069e-02 -7.019748999999999607e-03 0.000000000000000000e+00 1.948398999999999964e-02 0.000000000000000000e+00 3.616439999999999932e-02 1.150651000000000104e-02
1.618249999999999966e-01 3.143756000000000328e-02 -7.363419999999999861e-03 0.000000000000000000e+00 2.015155999999999892e-02 0.000000000000000000e+00 3.621626000000000012e-02 1.128600000000000436e-02
1.680129999999999957e-01 3.189075000000000243e-02 -7.706702000000000170e-03 0.000000000000000000e+00 2.079577999999999982e-02 0.000000000000000000e+00 3.627222000000000085e-02 1.109497000000000261e-02
1.742019999999999957e-01 3.234987000000000279e-02 -8.049551000000000275e-03 0.000000000000000000e+00 2.141807000000000086e-02 0.000000000000000000e+00 3.633159999999999862e-02 1.093180000000000193e-02
1.803909999999999958e-01 3.281413999999999859e-02 -8.391670999999999853e-03 0.000000000000000000e+00 2.201983999999999886e-02 0.000000000000000000e+00 3.639404999999999724e-02 1.079429999999999973e-02
1.865799999999999959e-01 3.328315999999999913e-02 -8.732877999999999474e-03 0.000000000000000000e+00 2.260269999999999987e-02 0.000000000000000000e+00 3.645953999999999862e-02 1.068045999999999926e-02
1.927679999999999949e-01 3.375692000000000276e-02 -9.072909000000000529e-03 0.000000000000000000e+00 2.316804999999999906e-02 0.000000000000000000e+00 3.652818000000000037e-02 1.058887000000000370e-02
1.989569999999999950e-01 3.423376000000000197e-02 -9.412478999999999638e-03 0.000000000000000000e+00 2.371768000000000140e-02 0.000000000000000000e+00 3.659975000000000034e-02 1.051608000000000057e-02
2.051459999999999950e-01 3.471263000000000126e-02 -9.751156000000000407e-03 0.000000000000000000e+00 2.425302999999999834e-02 0.000000000000000000e+00 3.667349000000000303e-02 1.045960000000000292e-02
2.113349999999999951e-01 3.519409999999999900e-02 -1.008727000000000061e-02 0.000000000000000000e+00 2.477433999999999886e-02 0.000000000000000000e+00 3.675090000000000301e-02 1.041976000000000013e-02
2.175239999999999951e-01 3.567631000000000274e-02 -1.042206000000000035e-02 0.000000000000000000e+00 2.528348000000000054e-02 0.000000000000000000e+00 3.682702999999999671e-02 1.039283000000000221e-02
2.237119999999999942e-01 3.616077000000000180e-02 -1.075374999999999942e-02 0.000000000000000000e+00 2.577793999999999919e-02 0.000000000000000000e+00 3.690572000000000297e-02 1.038283000000000261e-02
2.299009999999999942e-01 3.664757999999999905e-02 -1.108332000000000067e-02 0.000000000000000000e+00 2.626111999999999891e-02 0.000000000000000000e+00 3.698689000000000143e-02 1.038646000000000014e-02
2.360899999999999943e-01 3.713320999999999983e-02 -1.141095999999999951e-02 0.000000000000000000e+00 2.673454999999999929e-02 0.000000000000000000e+00 3.707085999999999715e-02 1.039866000000000054e-02
2.422789999999999944e-01 3.761848999999999749e-02 -1.173714000000000007e-02 0.000000000000000000e+00 2.719807999999999948e-02 0.000000000000000000e+00 3.715849000000000235e-02 1.042040999999999801e-02
2.484669999999999934e-01 3.810564000000000312e-02 -1.205899000000000033e-02 0.000000000000000000e+00 2.764611999999999972e-02 0.000000000000000000e+00 3.725698000000000204e-02 1.045952000000000340e-02
2.546559999999999935e-01 3.859688000000000008e-02 -1.237928999999999939e-02 0.000000000000000000e+00 2.808704000000000062e-02 0.000000000000000000e+00 3.736565000000000025e-02 1.050983999999999946e-02
2.608449999999999935e-01 3.909461000000000186e-02 -1.269870000000000027e-02 0.000000000000000000e+00 2.852154000000000147e-02 0.000000000000000000e+00 3.748553999999999775e-02 1.057307000000000038e-02
2.670339999999999936e-01 3.960269000000000289e-02 -1.301415000000000037e-02 0.000000000000000000e+00 2.894238999999999840e-02 0.000000000000000000e+00 3.763285999999999715e-02 1.066030000000000449e-02
2.732220000000000204e-01 4.011166000000000037e-02 -1.332802999999999939e-02 0.000000000000000000e+00 2.935718999999999829e-02 0.000000000000000000e+00 3.779223999999999778e-02 1.075447000000000208e-02
2.794110000000000205e-01 4.062882999999999772e-02 -1.364231999999999945e-02 0.000000000000000000e+00 2.976403999999999855e-02 0.000000000000000000e+00 3.797247000000000122e-02 1.086478999999999917e-02
2.856000000000000205e-01 4.114570000000000033e-02 -1.395275999999999982e-02 0.000000000000000000e+00 3.016026000000000123e-02 0.000000000000000000e+00 3.816891000000000034e-02 1.098543999999999909e-02
2.917890000000000206e-01 4.166874999999999746e-02 -1.426485000000000079e-02 0.000000000000000000e+00 3.055394999999999986e-02 0.000000000000000000e+00 3.837729000000000140e-02 1.111479999999999760e-02
2.979769999999999919e-01 4.219349000000000016e-02 -1.457393000000000056e-02 0.000000000000000000e+00 3.093388999999999861e-02 0.000000000000000000e+00 3.860007000000000021e-02 1.125960000000000155e-02
3.041659999999999919e-01 4.271778999999999854e-02 -1.488194999999999969e-02 0.000000000000000000e+00 3.131061999999999734e-02 0.000000000000000000e+00 3.882486999999999744e-02 1.140717000000000120e-02
3.103549999999999920e-01 4.324551000000000089e-02 -1.518886000000000021e-02 0.000000000000000000e+00 3.167566000000000132e-02 0.000000000000000000e+00 3.905585000000000306e-02 1.156984999999999958e-02
3.165439999999999920e-01 4.376929999999999710e-02 -1.549180999999999996e-02 0.000000000000000000e+00 3.203356999999999732e-02 0.000000000000000000e+00 3.929022000000000070e-02 1.173572999999999977e-02
3.227320000000000189e-01 4.429745999999999684e-02 -1.579559999999999992e-02 0.000000000000000000e+00 3.238245000000000012e-02 0.000000000000000000e+00 3.952295000000000114e-02 1.191500999999999671e-02
3.289210000000000189e-01 4.481990999999999753e-02 -1.609346000000000040e-02 0.000000000000000000e+00 3.272175000000000084e-02 0.000000000000000000e+00 3.976150999999999991e-02 1.209815999999999669e-02
3.351100000000000190e-01 4.534437999999999663e-02 -1.639207999999999985e-02 0.000000000000000000e+00 3.305299999999999905e-02 0.000000000000000000e+00 3.999082000000000331e-02 1.229137999999999759e-02
3.412990000000000190e-01 4.586139000000000188e-02 -1.668435999999999877e-02 0.000000000000000000e+00 3.337492000000000236e-02 0.000000000000000000e+00 4.022582999999999714e-02 1.248646999999999951e-02
3.474869999999999903e-01 4.637738999999999751e-02 -1.697575000000000126e-02 0.000000000000000000e+00 3.368708000000000119e-02 0.000000000000000000e+00 4.044804999999999928e-02 1.269030999999999632e-02
3.536759999999999904e-01 4.688760000000000150e-02 -1.726250000000000007e-02 0.000000000000000000e+00 3.399280999999999830e-02 0.000000000000000000e+00 4.067442999999999753e-02 1.289479000000000319e-02
3.598649999999999904e-01 4.739449999999999913e-02 -1.754458000000000059e-02 0.000000000000000000e+00 3.428437000000000151e-02 0.000000000000000000e+00 4.089352999999999738e-02 1.311012999999999762e-02
3.660539999999999905e-01 4.789945000000000314e-02 -1.782529000000000058e-02 0.000000000000000000e+00 3.457419999999999938e-02 0.000000000000000000e+00 4.111392999999999992e-02 1.332525000000000376e-02
3.722420000000000173e-01 4.839747999999999967e-02 -1.809958999999999874e-02 0.000000000000000000e+00 3.484675999999999746e-02 0.000000000000000000e+00 4.133951999999999766e-02 1.355072000000000221e-02
3.784310000000000174e-01 4.889667000000000319e-02 -1.837466000000000099e-02 0.000000000000000000e+00 3.511981000000000130e-02 0.000000000000000000e+00 4.156527000000000138e-02 1.377686000000000188e-02
3.846200000000000174e-01 4.938697000000000226e-02 -1.864224000000000089e-02 0.000000000000000000e+00 3.537811999999999901e-02 0.000000000000000000e+00 4.180619000000000002e-02 1.400885000000000324e-02
3.908090000000000175e-01 4.987856000000000234e-02 -1.891115999999999978e-02 0.000000000000000000e+00 3.563510999999999762e-02 0.000000000000000000e+00 4.205406999999999895e-02 1.424345000000000472e-02
3.969969999999999888e-01 5.036953000000000263e-02 -1.917589999999999920e-02 0.000000000000000000e+00 3.588265000000000204e-02 0.000000000000000000e+00 4.230669000000000096e-02 1.448688000000000059e-02
4.031859999999999888e-01 5.086225999999999942e-02 -1.944223000000000132e-02 0.000000000000000000e+00 3.612531000000000075e-02 0.000000000000000000e+00 4.257352999999999832e-02 1.473694999999999866e-02
4.093749999999999889e-01 5.135867000000000210e-02 -1.970436000000000062e-02 0.000000000000000000e+00 3.636310000000000237e-02 0.000000000000000000e+00 4.283644000000000340e-02 1.499556999999999973e-02
4.155639999999999890e-01 5.186088999999999977e-02 -1.996469000000000021e-02 0.000000000000000000e+00 3.659260000000000290e-02 0.000000000000000000e+00 4.311050000000000298e-02 1.526828999999999686e-02
4.217529999999999890e-01 5.236240999999999812e-02 -2.022329000000000140e-02 0.000000000000000000e+00 3.682093000000000171e-02 0.000000000000000000e+00 4.337951999999999780e-02 1.554147999999999641e-02
4.279410000000000158e-01 5.285896999999999818e-02 -2.047724000000000072e-02 0.000000000000000000e+00 3.704020000000000229e-02 0.000000000000000000e+00 4.365009000000000250e-02 1.581876999999999589e-02
4.341300000000000159e-01 5.335552999999999824e-02 -2.073119000000000003e-02 0.000000000000000000e+00 3.725946000000000119e-02 0.000000000000000000e+00 4.392066000000000026e-02 1.609606999999999705e-02
4.403190000000000159e-01 5.384335999999999983e-02 -2.097595999999999836e-02 0.000000000000000000e+00 3.746863000000000277e-02 0.000000000000000000e+00 4.418274999999999980e-02 1.637472999999999707e-02
4.465080000000000160e-01 5.432847999999999844e-02 -2.121968000000000118e-02 0.000000000000000000e+00 3.767642999999999687e-02 0.000000000000000000e+00 4.444598000000000299e-02 1.665205000000000157e-02
4.526959999999999873e-01 5.481323999999999919e-02 -2.146297999999999956e-02 0.000000000000000000e+00 3.787901999999999936e-02 0.000000000000000000e+00 4.469514000000000126e-02 1.693421999999999983e-02
4.588849999999999874e-01 5.529831000000000329e-02 -2.170609000000000080e-02 0.000000000000000000e+00 3.807863999999999693e-02 0.000000000000000000e+00 4.493558000000000274e-02 1.721967000000000636e-02
4.650739999999999874e-01 5.578258999999999995e-02 -2.194484999999999839e-02 0.000000000000000000e+00 3.827280999999999739e-02 0.000000000000000000e+00 4.517209999999999975e-02 1.750978000000000256e-02
4.712629999999999875e-01 5.626503000000000060e-02 -2.217629000000000128e-02 0.000000000000000000e+00 3.845934000000000158e-02 0.000000000000000000e+00 4.540119000000000099e-02 1.780568999999999902e-02
4.774510000000000143e-01 5.674767000000000006e-02 -2.240738000000000105e-02 0.000000000000000000e+00 3.864374000000000281e-02 0.000000000000000000e+00 4.562764999999999876e-02 1.810392999999999725e-02
4.836400000000000143e-01 5.723157000000000244e-02 -2.264205999999999858e-02 0.000000000000000000e+00 3.882279999999999759e-02 0.000000000000000000e+00 4.583854999999999874e-02 1.840877000000000485e-02
4.898290000000000144e-01 5.771555999999999909e-02 -2.287660999999999861e-02 0.000000000000000000e+00 3.900164999999999882e-02 0.000000000000000000e+00 4.604906999999999750e-02 1.871391000000000027e-02
4.960180000000000144e-01 5.820200999999999847e-02 -2.309036999999999895e-02 0.000000000000000000e+00 3.916365000000000124e-02 0.000000000000000000e+00 4.624985999999999681e-02 1.903835999999999723e-02
5.022060000000000413e-01 5.868807000000000190e-02 -2.330259999999999970e-02 0.000000000000000000e+00 3.932499999999999885e-02 0.000000000000000000e+00 4.645308000000000076e-02 1.936307000000000306e-02
5.083950000000000413e-01 5.917779000000000095e-02 -2.352045999999999998e-02 0.000000000000000000e+00 3.948452000000000212e-02 0.000000000000000000e+00 4.662927000000000044e-02 1.969326999999999883e-02
5.145840000000000414e-01 5.966762999999999928e-02 -2.374238000000000043e-02 0.000000000000000000e+00 3.964539000000000257e-02 0.000000000000000000e+00 4.680250999999999856e-02 2.002223999999999671e-02
5.207730000000000414e-01 6.015866000000000269e-02 -2.393995000000000151e-02 0.000000000000000000e+00 3.978626999999999858e-02 0.000000000000000000e+00 4.697889999999999705e-02 2.037239000000000411e-02
5.269610000000000127e-01 6.064776000000000195e-02 -2.412372000000000127e-02 0.000000000000000000e+00 3.991545999999999983e-02 0.000000000000000000e+00 4.716238999999999848e-02 2.073230000000000212e-02
5.331500000000000128e-01 6.113376999999999700e-02 -2.432083999999999982e-02 0.000000000000000000e+00 4.005576000000000275e-02 0.000000000000000000e+00 4.732553999999999927e-02 2.107800999999999425e-02
5.393390000000000128e-01 6.161123000000000294e-02 -2.453042999999999890e-02 0.000000000000000000e+00 4.020437999999999790e-02 0.000000000000000000e+00 4.747230000000000200e-02 2.140685000000000504e-02
5.455280000000000129e-01 6.210037999999999669e-02 -2.471463999999999953e-02 0.000000000000000000e+00 4.031661999999999746e-02 0.000000000000000000e+00 4.764473999999999793e-02 2.178375999999999924e-02
5.517159999999999842e-01 6.259331999999999396e-02 -2.488003000000000089e-02 0.000000000000000000e+00 4.039983999999999936e-02 0.000000000000000000e+00 4.783637999999999779e-02 2.219347999999999460e-02
5.579049999999999843e-01 6.306317000000000172e-02 -2.506475000000000022e-02 0.000000000000000000e+00 4.052672999999999692e-02 0.000000000000000000e+00 4.800309999999999994e-02 2.253644000000000480e-02
5.640939999999999843e-01 6.352510000000000101e-02 -2.525834999999999886e-02 0.000000000000000000e+00 4.067231999999999792e-02 0.000000000000000000e+00 4.815930000000000211e-02 2.285278000000000309e-02
5.702829999999999844e-01 6.401265999999999901e-02 -2.541778999999999913e-02 0.000000000000000000e+00 4.076699000000000295e-02 0.000000000000000000e+00 4.836962999999999679e-02 2.324566999999999606e-02
5.764709999999999557e-01 6.450991000000000364e-02 -2.556751999999999983e-02 0.000000000000000000e+00 4.084621000000000085e-02 0.000000000000000000e+00 4.859506000000000242e-02 2.366370000000000279e-02
5.826599999999999557e-01 6.497617999999999450e-02 -2.574009000000000019e-02 0.000000000000000000e+00 4.094827000000000189e-02 0.000000000000000000e+00 4.876805000000000029e-02 2.402790999999999261e-02
5.888489999999999558e-01 6.543683000000000138e-02 -2.591641999999999904e-02 0.000000000000000000e+00 4.105309000000000041e-02 0.000000000000000000e+00 4.893236000000000113e-02 2.438374000000000097e-02
5.950379999999999558e-01 6.590748999999999913e-02 -2.606665999999999844e-02 0.000000000000000000e+00 4.112419999999999964e-02 0.000000000000000000e+00 4.911659000000000164e-02 2.478328999999999949e-02
6.012260000000000382e-01 6.638075000000000225e-02 -2.621081000000000105e-02 0.000000000000000000e+00 4.118730000000000308e-02 0.000000000000000000e+00 4.930575000000000235e-02 2.519344999999999918e-02
6.074150000000000382e-01 6.684267000000000680e-02 -2.636447999999999917e-02 0.000000000000000000e+00 4.125890000000000113e-02 0.000000000000000000e+00 4.946107000000000281e-02 2.558377000000000567e-02
6.136040000000000383e-01 6.730274999999999452e-02 -2.652242000000000141e-02 0.000000000000000000e+00 4.133536000000000155e-02 0.000000000000000000e+00 4.960347999999999841e-02 2.596738999999999298e-02
6.197930000000000383e-01 6.775261999999999951e-02 -2.666626999999999886e-02 0.000000000000000000e+00 4.139447999999999739e-02 0.000000000000000000e+00 4.975215999999999666e-02 2.635814000000000212e-02
6.259810000000000096e-01 6.820170000000000399e-02 -2.679977999999999874e-02 0.000000000000000000e+00 4.144409999999999761e-02 0.000000000000000000e+00 4.990929999999999672e-02 2.675760000000000638e-02
6.321700000000000097e-01 6.864356000000000624e-02 -2.693355000000000055e-02 0.000000000000000000e+00 4.149109000000000130e-02 0.000000000000000000e+00 5.005740000000000189e-02 2.715247000000000493e-02
6.383590000000000098e-01 6.908361999999999836e-02 -2.706899000000000111e-02 0.000000000000000000e+00 4.154291000000000234e-02 0.000000000000000000e+00 5.019764000000000170e-02 2.754070999999999603e-02
6.445480000000000098e-01 6.952278000000000624e-02 -2.720445999999999975e-02 0.000000000000000000e+00 4.159368000000000093e-02 0.000000000000000000e+00 5.033638000000000001e-02 2.792910000000000531e-02
6.507370000000000099e-01 6.994664999999999910e-02 -2.732211000000000015e-02 0.000000000000000000e+00 4.161978999999999679e-02 0.000000000000000000e+00 5.048894999999999772e-02 2.832686000000000232e-02
6.569249999999999812e-01 7.037221999999999922e-02 -2.743933999999999956e-02 0.000000000000000000e+00 4.164878000000000330e-02 0.000000000000000000e+00 5.065021000000000106e-02 2.872343999999999592e-02
6.631139999999999812e-01 7.078450999999999493e-02 -2.755575999999999859e-02 0.000000000000000000e+00 4.167072000000000137e-02 0.000000000000000000e+00 5.079477000000000297e-02 2.911378999999999356e-02
6.693029999999999813e-01 7.119346999999999481e-02 -2.767224999999999893e-02 0.000000000000000000e+00 4.169508000000000242e-02 0.000000000000000000e+00 5.094658999999999993e-02 2.949838999999999239e-02
6.754919999999999813e-01 7.159748000000000501e-02 -2.778680999999999859e-02 0.000000000000000000e+00 4.171603000000000117e-02 0.000000000000000000e+00 5.109248000000000262e-02 2.988145000000000384e-02
6.816799999999999526e-01 7.197061999999999904e-02 -2.788606999999999891e-02 0.000000000000000000e+00 4.172065999999999969e-02 0.000000000000000000e+00 5.123053999999999802e-02 3.024995999999999935e-02
6.878689999999999527e-01 7.234453000000000411e-02 -2.798559000000000116e-02 0.000000000000000000e+00 4.172590999999999800e-02 0.000000000000000000e+00 5.137147000000000241e-02 3.061862000000000611e-02
6.940579999999999528e-01 7.269754000000000493e-02 -2.808139000000000121e-02 0.000000000000000000e+00 4.172734000000000165e-02 0.000000000000000000e+00 5.149233000000000282e-02 3.097020000000000328e-02
7.002469999999999528e-01 7.303141999999999967e-02 -2.817313999999999929e-02 0.000000000000000000e+00 4.172715999999999925e-02 0.000000000000000000e+00 5.159918000000000143e-02 3.130426000000000042e-02
7.064350000000000351e-01 7.336584999999999634e-02 -2.826433000000000070e-02 0.000000000000000000e+00 4.172817999999999666e-02 0.000000000000000000e+00 5.170617000000000268e-02 3.163766999999999968e-02
7.126240000000000352e-01 7.365971000000000324e-02 -2.834524999999999892e-02 0.000000000000000000e+00 4.171343999999999747e-02 0.000000000000000000e+00 5.177819000000000171e-02 3.194627000000000577e-02
7.188130000000000353e-01 7.394357999999999487e-02 -2.842238999999999877e-02 0.000000000000000000e+00 4.169678000000000273e-02 0.000000000000000000e+00 5.184268999999999683e-02 3.224679999999999214e-02
7.250020000000000353e-01 7.422805999999999849e-02 -2.850079999999999975e-02 0.000000000000000000e+00 4.167814999999999714e-02 0.000000000000000000e+00 5.190892999999999896e-02 3.254991000000000134e-02
7.311900000000000066e-01 7.448262999999999412e-02 -2.857138000000000039e-02 0.000000000000000000e+00 4.165508999999999878e-02 0.000000000000000000e+00 5.193804999999999950e-02 3.282753999999999533e-02
7.373790000000000067e-01 7.473623999999999545e-02 -2.864117000000000052e-02 0.000000000000000000e+00 4.163297999999999999e-02 0.000000000000000000e+00 5.196226999999999790e-02 3.310325999999999547e-02
7.435680000000000067e-01 7.498662999999999856e-02 -2.870872000000000007e-02 0.000000000000000000e+00 4.160558000000000312e-02 0.000000000000000000e+00 5.199394000000000238e-02 3.338104999999999545e-02
7.497570000000000068e-01 7.521638999999999409e-02 -2.876135999999999970e-02 0.000000000000000000e+00 4.156909999999999772e-02 0.000000000000000000e+00 5.200546000000000335e-02 3.364728999999999637e-02
7.559449999999999781e-01 7.544573000000000251e-02 -2.881405999999999898e-02 0.000000000000000000e+00 4.153387000000000051e-02 0.000000000000000000e+00 5.201410000000000061e-02 3.391186000000000200e-02
7.621339999999999781e-01 7.567393000000000036e-02 -2.886371999999999896e-02 0.000000000000000000e+00 4.149520000000000292e-02 0.000000000000000000e+00 5.202422000000000296e-02 3.417872999999999745e-02
7.683229999999999782e-01 7.589559999999999362e-02 -2.890503999999999990e-02 0.000000000000000000e+00 4.145651000000000197e-02 0.000000000000000000e+00 5.201589000000000212e-02 3.443908999999999165e-02
7.745119999999999783e-01 7.611785000000000079e-02 -2.894642000000000048e-02 0.000000000000000000e+00 4.141862999999999795e-02 0.000000000000000000e+00 5.200484999999999830e-02 3.469922000000000284e-02
7.806999999999999496e-01 7.633766999999999636e-02 -2.898326999999999848e-02 0.000000000000000000e+00 4.137615000000000043e-02 0.000000000000000000e+00 5.199691000000000035e-02 3.496151999999999593e-02
7.868889999999999496e-01 7.655162000000000078e-02 -2.900153999999999926e-02 0.000000000000000000e+00 4.132046000000000330e-02 0.000000000000000000e+00 5.198205999999999660e-02 3.523115999999999748e-02
7.930779999999999497e-01 7.676555000000000184e-02 -2.902029999999999887e-02 0.000000000000000000e+00 4.126492999999999828e-02 0.000000000000000000e+00 5.196975000000000205e-02 3.550062000000000356e-02
7.992669999999999497e-01 7.697909000000000002e-02 -2.903881000000000170e-02 0.000000000000000000e+00 4.120933999999999708e-02 0.000000000000000000e+00 5.195717999999999864e-02 3.576975000000000293e-02
8.054550000000000320e-01 7.717512999999999457e-02 -2.904481999999999897e-02 0.000000000000000000e+00 4.115089999999999720e-02 0.000000000000000000e+00 5.192321999999999910e-02 3.602422999999999736e-02
8.116440000000000321e-01 7.737159999999999871e-02 -2.905212000000000072e-02 0.000000000000000000e+00 4.109394999999999715e-02 0.000000000000000000e+00 5.189619000000000176e-02 3.627765000000000156e-02
8.178330000000000322e-01 7.756781000000000093e-02 -2.905862000000000028e-02 0.000000000000000000e+00 4.103608000000000255e-02 0.000000000000000000e+00 5.186488999999999683e-02 3.653172999999999837e-02
8.240220000000000322e-01 7.774068000000000644e-02 -2.904634000000000035e-02 0.000000000000000000e+00 4.095925000000000260e-02 0.000000000000000000e+00 5.181700000000000195e-02 3.678143000000000384e-02
8.302100000000000035e-01 7.790223999999999760e-02 -2.902744000000000157e-02 0.000000000000000000e+00 4.087872000000000033e-02 0.000000000000000000e+00 5.176445999999999825e-02 3.702351999999999727e-02
8.363990000000000036e-01 7.806316000000000643e-02 -2.900851000000000124e-02 0.000000000000000000e+00 4.079875000000000168e-02 0.000000000000000000e+00 5.171210999999999863e-02 3.726441000000000475e-02
8.425880000000000036e-01 7.820710999999999635e-02 -2.898473000000000022e-02 0.000000000000000000e+00 4.071650000000000269e-02 0.000000000000000000e+00 5.164350999999999664e-02 3.749060999999999366e-02
8.487770000000000037e-01 7.830919000000000074e-02 -2.895058999999999827e-02 0.000000000000000000e+00 4.063731999999999761e-02 0.000000000000000000e+00 5.154249999999999804e-02 3.767187000000000313e-02
8.549660000000000037e-01 7.840982999999999981e-02 -2.891613000000000169e-02 0.000000000000000000e+00 4.055895000000000333e-02 0.000000000000000000e+00 5.144035000000000274e-02 3.785087999999999647e-02
8.611539999999999750e-01 7.851078999999999697e-02 -2.888173999999999950e-02 0.000000000000000000e+00 4.048038999999999804e-02 0.000000000000000000e+00 5.133846999999999716e-02 3.803039999999999893e-02
8.673429999999999751e-01 7.857424999999999826e-02 -2.882345000000000046e-02 0.000000000000000000e+00 4.038177999999999906e-02 0.000000000000000000e+00 5.123065000000000258e-02 3.819246999999999920e-02
8.735319999999999752e-01 7.862837999999999772e-02 -2.875928000000000165e-02 0.000000000000000000e+00 4.028128000000000264e-02 0.000000000000000000e+00 5.111612000000000100e-02 3.834709999999999508e-02
8.797209999999999752e-01 7.868213000000000290e-02 -2.869473000000000162e-02 0.000000000000000000e+00 4.018487999999999921e-02 0.000000000000000000e+00 5.099569000000000324e-02 3.849725000000000369e-02
8.859089999999999465e-01 7.872882000000000491e-02 -2.863034999999999886e-02 0.000000000000000000e+00 4.008880000000000082e-02 0.000000000000000000e+00 5.087277999999999939e-02 3.864002000000000409e-02
8.920979999999999466e-01 7.874403000000000652e-02 -2.855954999999999952e-02 0.000000000000000000e+00 4.000085999999999919e-02 0.000000000000000000e+00 5.072742000000000223e-02 3.874317000000000732e-02
8.982869999999999466e-01 7.875935000000000574e-02 -2.848846999999999838e-02 0.000000000000000000e+00 3.991336000000000189e-02 0.000000000000000000e+00 5.058131999999999906e-02 3.884599000000000385e-02
9.044759999999999467e-01 7.877449999999999730e-02 -2.841778999999999833e-02 0.000000000000000000e+00 3.982523000000000313e-02 0.000000000000000000e+00 5.043630000000000335e-02 3.894926999999999417e-02
9.106640000000000290e-01 7.877992999999999801e-02 -2.833785999999999944e-02 0.000000000000000000e+00 3.971877000000000046e-02 0.000000000000000000e+00 5.028110999999999692e-02 3.906115999999999755e-02
9.168530000000000291e-01 7.877423999999999538e-02 -2.824344000000000160e-02 0.000000000000000000e+00 3.959435000000000038e-02 0.000000000000000000e+00 5.010487999999999748e-02 3.917988999999999500e-02
9.230420000000000291e-01 7.876924000000000425e-02 -2.814948999999999923e-02 0.000000000000000000e+00 3.947234000000000159e-02 0.000000000000000000e+00 4.992776000000000158e-02 3.929690000000000266e-02
9.292310000000000292e-01 7.876297999999999633e-02 -2.805469000000000018e-02 0.000000000000000000e+00 3.934594000000000286e-02 0.000000000000000000e+00 4.975224999999999786e-02 3.941703999999999347e-02
9.354190000000000005e-01 7.873502999999999752e-02 -2.795949000000000004e-02 0.000000000000000000e+00 3.922600999999999866e-02 0.000000000000000000e+00 4.954552000000000261e-02 3.950901999999999886e-02
9.416080000000000005e-01 7.868901999999999841e-02 -2.786411999999999917e-02 0.000000000000000000e+00 3.911247000000000335e-02 0.000000000000000000e+00 4.931209000000000287e-02 3.957654999999999507e-02
9.477970000000000006e-01 7.864427000000000223e-02 -2.776920999999999903e-02 0.000000000000000000e+00 3.899944999999999801e-02 0.000000000000000000e+00 4.907896999999999954e-02 3.964482000000000422e-02
9.539860000000000007e-01 7.859573999999999727e-02 -2.767294000000000004e-02 0.000000000000000000e+00 3.888487999999999667e-02 0.000000000000000000e+00 4.884493000000000168e-02 3.971086000000000060e-02
9.601739999999999720e-01 7.852133000000000029e-02 -2.755813000000000013e-02 0.000000000000000000e+00 3.874492999999999687e-02 0.000000000000000000e+00 4.861624999999999974e-02 3.977640000000000342e-02
9.663629999999999720e-01 7.842258000000000562e-02 -2.742587999999999970e-02 0.000000000000000000e+00 3.858107000000000203e-02 0.000000000000000000e+00 4.839261000000000257e-02 3.984151000000000359e-02
9.725519999999999721e-01 7.832124000000000030e-02 -2.729140999999999859e-02 0.000000000000000000e+00 3.841438999999999965e-02 0.000000000000000000e+00 4.817789000000000099e-02 3.990685000000000066e-02
9.787409999999999721e-01 7.822115000000000318e-02 -2.715800999999999979e-02 0.000000000000000000e+00 3.824907999999999780e-02 0.000000000000000000e+00 4.795884000000000258e-02 3.997207000000000537e-02
9.849290000000000544e-01 7.810230999999999424e-02 -2.702691999999999942e-02 0.000000000000000000e+00 3.809475999999999835e-02 0.000000000000000000e+00 4.771692999999999768e-02 4.000754999999999589e-02
9.911180000000000545e-01 7.794764999999999333e-02 -2.689893999999999966e-02 0.000000000000000000e+00 3.796060999999999880e-02 0.000000000000000000e+00 4.743532000000000304e-02 3.998703999999999453e-02
9.973070000000000546e-01 7.779379999999999629e-02 -2.676981999999999973e-02 0.000000000000000000e+00 3.782755000000000145e-02 0.000000000000000000e+00 4.715442999999999718e-02 3.996624999999999484e-02
1.003495999999999944e+00 7.763995999999999398e-02 -2.664069999999999980e-02 0.000000000000000000e+00 3.769448999999999717e-02 0.000000000000000000e+00 4.687352999999999659e-02 3.994546999999999681e-02
1.009684000000000026e+00 7.748215999999999437e-02 -2.651012000000000160e-02 0.000000000000000000e+00 3.755805000000000254e-02 0.000000000000000000e+00 4.659384999999999916e-02 3.992410999999999183e-02
1.015873000000000026e+00 7.722566000000000153e-02 -2.632349000000000147e-02 0.000000000000000000e+00 3.734623000000000109e-02 0.000000000000000000e+00 4.635062000000000210e-02 3.987943000000000043e-02
1.022062000000000026e+00 7.696664000000000283e-02 -2.613700999999999872e-02 0.000000000000000000e+00 3.713389000000000273e-02 0.000000000000000000e+00 4.610349999999999865e-02 3.983275000000000010e-02
1.028251000000000026e+00 7.670828999999999842e-02 -2.595023000000000121e-02 0.000000000000000000e+00 3.692158999999999719e-02 0.000000000000000000e+00 4.585540999999999923e-02 3.978670000000000123e-02
1.034439000000000108e+00 7.645040000000000169e-02 -2.576323000000000155e-02 0.000000000000000000e+00 3.670930000000000026e-02 0.000000000000000000e+00 4.560670000000000002e-02 3.974110000000000142e-02
1.040628000000000108e+00 7.616472000000000520e-02 -2.560163000000000022e-02 0.000000000000000000e+00 3.653801999999999744e-02 0.000000000000000000e+00 4.531753000000000170e-02 3.962670000000000775e-02
1.046817000000000109e+00 7.585356999999999517e-02 -2.545738000000000167e-02 0.000000000000000000e+00 3.639889999999999792e-02 0.000000000000000000e+00 4.501187999999999717e-02 3.945466999999999724e-02
1.053006000000000109e+00 7.554241000000000428e-02 -2.531312999999999966e-02 0.000000000000000000e+00 3.625976999999999673e-02 0.000000000000000000e+00 4.470625999999999767e-02 3.928264000000000755e-02
1.059193999999999969e+00 7.523140999999999856e-02 -2.516888999999999932e-02 0.000000000000000000e+00 3.612060999999999744e-02 0.000000000000000000e+00 4.439967000000000219e-02 3.911080000000000112e-02
1.065382999999999969e+00 7.492227999999999388e-02 -2.502487000000000114e-02 0.000000000000000000e+00 3.598098999999999742e-02 0.000000000000000000e+00 4.408150000000000263e-02 3.894128999999999646e-02
1.071571999999999969e+00 7.455101999999999562e-02 -2.480132999999999990e-02 0.000000000000000000e+00 3.571338000000000290e-02 0.000000000000000000e+00 4.381593000000000293e-02 3.883763999999999272e-02
1.077760999999999969e+00 7.417722000000000204e-02 -2.457468000000000152e-02 0.000000000000000000e+00 3.544082999999999956e-02 0.000000000000000000e+00 4.355310999999999905e-02 3.873639000000000249e-02
1.083949000000000051e+00 7.380369000000000512e-02 -2.434893000000000127e-02 0.000000000000000000e+00 3.517003999999999964e-02 0.000000000000000000e+00 4.329261000000000220e-02 3.863365000000000549e-02
1.090138000000000051e+00 7.342956000000000483e-02 -2.412119000000000069e-02 0.000000000000000000e+00 3.489537000000000194e-02 0.000000000000000000e+00 4.302700999999999748e-02 3.853419000000000288e-02
1.096327000000000051e+00 7.304636000000000462e-02 -2.390360999999999875e-02 0.000000000000000000e+00 3.464745999999999798e-02 0.000000000000000000e+00 4.274254999999999721e-02 3.839890000000000664e-02
1.102516000000000052e+00 7.262332000000000509e-02 -2.373058000000000112e-02 0.000000000000000000e+00 3.451698999999999740e-02 0.000000000000000000e+00 4.237530999999999937e-02 3.810633000000000770e-02
1.108705000000000052e+00 7.220018999999999743e-02 -2.355756999999999990e-02 0.000000000000000000e+00 3.438651999999999681e-02 0.000000000000000000e+00 4.200812999999999769e-02 3.781367000000000061e-02
1.114892999999999912e+00 7.176854000000000566e-02 -2.338704000000000130e-02 0.000000000000000000e+00 3.425546000000000146e-02 0.000000000000000000e+00 4.164650999999999770e-02 3.751308000000000420e-02
1.121081999999999912e+00 7.134261999999999548e-02 -2.321484999999999868e-02 0.000000000000000000e+00 3.412479000000000207e-02 0.000000000000000000e+00 4.128115000000000256e-02 3.721782999999999342e-02
1.127270999999999912e+00 7.091707999999999346e-02 -2.304254000000000024e-02 0.000000000000000000e+00 3.399415000000000076e-02 0.000000000000000000e+00 4.091555000000000192e-02 3.692292999999999270e-02
1.133459999999999912e+00 7.053184999999999316e-02 -2.281153000000000000e-02 0.000000000000000000e+00 3.370271999999999851e-02 0.000000000000000000e+00 4.067790999999999768e-02 3.682912999999999465e-02
1.139647999999999994e+00 7.014552999999999761e-02 -2.257989999999999997e-02 0.000000000000000000e+00 3.340677999999999703e-02 0.000000000000000000e+00 4.044386999999999982e-02 3.673875000000000057e-02
1.145836999999999994e+00 6.975618000000000096e-02 -2.234937000000000035e-02 0.000000000000000000e+00 3.310955000000000148e-02 0.000000000000000000e+00 4.021092999999999890e-02 3.664662999999999948e-02
1.152025999999999994e+00 6.936683999999999906e-02 -2.211884000000000072e-02 0.000000000000000000e+00 3.281231999999999899e-02 0.000000000000000000e+00 3.997795999999999988e-02 3.655452000000000007e-02
1.158214999999999995e+00 6.898016999999999344e-02 -2.188734000000000166e-02 0.000000000000000000e+00 3.251623000000000013e-02 0.000000000000000000e+00 3.974405999999999772e-02 3.646393999999999330e-02
1.164403000000000077e+00 6.853401000000000631e-02 -2.167451999999999920e-02 0.000000000000000000e+00 3.226761000000000212e-02 0.000000000000000000e+00 3.945263000000000242e-02 3.626640000000000419e-02
1.170592000000000077e+00 6.800177000000000305e-02 -2.148761999999999894e-02 0.000000000000000000e+00 3.208425000000000166e-02 0.000000000000000000e+00 3.908186000000000299e-02 3.591752000000000139e-02
1.176781000000000077e+00 6.746546000000000487e-02 -2.130036000000000082e-02 0.000000000000000000e+00 3.190254000000000006e-02 0.000000000000000000e+00 3.870922000000000252e-02 3.556292000000000481e-02
1.182970000000000077e+00 6.692916000000000143e-02 -2.111309999999999923e-02 0.000000000000000000e+00 3.172081999999999680e-02 0.000000000000000000e+00 3.833657000000000037e-02 3.520834000000000463e-02
1.189157999999999937e+00 6.639285000000000325e-02 -2.092584000000000111e-02 0.000000000000000000e+00 3.153911000000000214e-02 0.000000000000000000e+00 3.796392999999999990e-02 3.485374000000000111e-02
1.195346999999999937e+00 6.585882999999999321e-02 -2.073877999999999833e-02 0.000000000000000000e+00 3.135646999999999740e-02 0.000000000000000000e+00 3.759234000000000187e-02 3.450235999999999581e-02
1.201535999999999937e+00 6.537100999999999329e-02 -2.052235000000000170e-02 0.000000000000000000e+00 3.107711999999999974e-02 0.000000000000000000e+00 3.728440000000000226e-02 3.429388999999999355e-02
1.207724999999999937e+00 6.488655000000000117e-02 -2.030103000000000116e-02 0.000000000000000000e+00 3.078472999999999973e-02 0.000000000000000000e+00 3.698245000000000005e-02 3.410182000000000491e-02
1.213913000000000020e+00 6.440210000000000379e-02 -2.007969999999999894e-02 0.000000000000000000e+00 3.049233999999999972e-02 0.000000000000000000e+00 3.668049000000000309e-02 3.390976000000000407e-02
1.220102000000000020e+00 6.391763999999999779e-02 -1.985837999999999839e-02 0.000000000000000000e+00 3.019994999999999971e-02 0.000000000000000000e+00 3.637854000000000088e-02 3.371768999999999461e-02
1.226291000000000020e+00 6.343298999999999466e-02 -1.963689999999999880e-02 0.000000000000000000e+00 2.990686000000000039e-02 0.000000000000000000e+00 3.607653999999999722e-02 3.352612999999999427e-02
1.232480000000000020e+00 6.292557999999999485e-02 -1.942272999999999916e-02 0.000000000000000000e+00 2.964108999999999841e-02 0.000000000000000000e+00 3.575696999999999903e-02 3.328448999999999991e-02
1.238668000000000102e+00 6.237482999999999916e-02 -1.922396999999999995e-02 0.000000000000000000e+00 2.942799000000000109e-02 0.000000000000000000e+00 3.540234999999999910e-02 3.294683999999999807e-02
1.244857000000000102e+00 6.182407999999999654e-02 -1.902521999999999894e-02 0.000000000000000000e+00 2.921487999999999863e-02 0.000000000000000000e+00 3.504774000000000084e-02 3.260919999999999791e-02
1.251046000000000102e+00 6.127331999999999917e-02 -1.882645999999999972e-02 0.000000000000000000e+00 2.900176999999999963e-02 0.000000000000000000e+00 3.469313000000000258e-02 3.227154999999999607e-02
1.257235000000000102e+00 6.072256999999999655e-02 -1.862770999999999871e-02 0.000000000000000000e+00 2.878866999999999884e-02 0.000000000000000000e+00 3.433851999999999738e-02 3.193390000000000117e-02
1.263422999999999963e+00 6.017403000000000335e-02 -1.842834999999999959e-02 0.000000000000000000e+00 2.857484000000000066e-02 0.000000000000000000e+00 3.398633999999999683e-02 3.159918999999999922e-02
1.269611999999999963e+00 5.959758999999999890e-02 -1.820623000000000033e-02 0.000000000000000000e+00 2.831567999999999932e-02 0.000000000000000000e+00 3.369197000000000164e-02 3.128190999999999611e-02
1.275800999999999963e+00 5.901395999999999725e-02 -1.798090000000000105e-02 0.000000000000000000e+00 2.804898000000000113e-02 0.000000000000000000e+00 3.341182000000000180e-02 3.096497999999999612e-02
1.281989999999999963e+00 5.843025000000000302e-02 -1.775567000000000117e-02 0.000000000000000000e+00 2.778241999999999864e-02 0.000000000000000000e+00 3.313187000000000076e-02 3.064783000000000437e-02
1.288178000000000045e+00 5.784654000000000185e-02 -1.753044999999999951e-02 0.000000000000000000e+00 2.751585000000000142e-02 0.000000000000000000e+00 3.285191999999999973e-02 3.033069000000000043e-02
1.294367000000000045e+00 5.726360999999999951e-02 -1.730407999999999946e-02 0.000000000000000000e+00 2.724785999999999875e-02 0.000000000000000000e+00 3.256988999999999718e-02 3.001575000000000076e-02
1.300556000000000045e+00 5.667487999999999693e-02 -1.708484999999999865e-02 0.000000000000000000e+00 2.699771999999999936e-02 0.000000000000000000e+00 3.227304000000000284e-02 2.967715999999999757e-02
1.306745000000000045e+00 5.607283999999999879e-02 -1.688229000000000118e-02 0.000000000000000000e+00 2.678718999999999892e-02 0.000000000000000000e+00 3.194812999999999820e-02 2.928564999999999988e-02
1.312932999999999906e+00 5.547528000000000181e-02 -1.667982999999999966e-02 0.000000000000000000e+00 2.657655999999999907e-02 0.000000000000000000e+00 3.162481999999999793e-02 2.889872000000000274e-02
1.319121999999999906e+00 5.487949999999999773e-02 -1.647741000000000136e-02 0.000000000000000000e+00 2.636590000000000114e-02 0.000000000000000000e+00 3.130213999999999913e-02 2.851359999999999659e-02
1.325310999999999906e+00 5.427855000000000180e-02 -1.627487000000000031e-02 0.000000000000000000e+00 2.615535000000000082e-02 0.000000000000000000e+00 3.097762000000000085e-02 2.812320000000000098e-02
1.331499999999999906e+00 5.367486999999999953e-02 -1.607228000000000129e-02 0.000000000000000000e+00 2.594484999999999847e-02 0.000000000000000000e+00 3.065212000000000145e-02 2.773002000000000106e-02
1.337688999999999906e+00 5.311554000000000275e-02 -1.587152000000000007e-02 0.000000000000000000e+00 2.571872999999999868e-02 0.000000000000000000e+00 3.033850000000000088e-02 2.739681000000000408e-02
1.343876999999999988e+00 5.256518999999999775e-02 -1.567114000000000007e-02 0.000000000000000000e+00 2.548945000000000030e-02 0.000000000000000000e+00 3.002729999999999982e-02 2.707573999999999745e-02
1.350065999999999988e+00 5.201680000000000192e-02 -1.547087999999999935e-02 0.000000000000000000e+00 2.526105999999999838e-02 0.000000000000000000e+00 2.971599000000000115e-02 2.675574000000000355e-02
1.356254999999999988e+00 5.146674999999999861e-02 -1.527050999999999929e-02 0.000000000000000000e+00 2.503191000000000097e-02 0.000000000000000000e+00 2.940475000000000033e-02 2.643483999999999765e-02
1.362443999999999988e+00 5.091542999999999763e-02 -1.507007999999999959e-02 0.000000000000000000e+00 2.480218000000000006e-02 0.000000000000000000e+00 2.909360000000000071e-02 2.611324999999999757e-02
1.368632000000000071e+00 5.037242000000000108e-02 -1.487759999999999951e-02 0.000000000000000000e+00 2.458696000000000145e-02 0.000000000000000000e+00 2.878293000000000171e-02 2.578545999999999963e-02
1.374821000000000071e+00 4.984443999999999680e-02 -1.469953000000000058e-02 0.000000000000000000e+00 2.439797000000000146e-02 0.000000000000000000e+00 2.847316000000000083e-02 2.544646999999999534e-02
1.381010000000000071e+00 4.931644999999999779e-02 -1.452145999999999992e-02 0.000000000000000000e+00 2.420898999999999968e-02 0.000000000000000000e+00 2.816337999999999828e-02 2.510745999999999811e-02
1.387199000000000071e+00 4.878699999999999704e-02 -1.434197000000000076e-02 0.000000000000000000e+00 2.401872999999999855e-02 0.000000000000000000e+00 2.785373999999999836e-02 2.476826999999999848e-02
1.393386999999999931e+00 4.825846999999999776e-02 -1.416336999999999978e-02 0.000000000000000000e+00 2.382926999999999962e-02 0.000000000000000000e+00 2.754401000000000072e-02 2.442919999999999814e-02
1.399575999999999931e+00 4.772993999999999848e-02 -1.398477000000000053e-02 0.000000000000000000e+00 2.363981000000000068e-02 0.000000000000000000e+00 2.723427999999999960e-02 2.409012999999999780e-02
1.405764999999999931e+00 4.723158000000000217e-02 -1.381772000000000035e-02 0.000000000000000000e+00 2.344393000000000171e-02 0.000000000000000000e+00 2.695378000000000010e-02 2.378765000000000046e-02
1.411953999999999931e+00 4.673677999999999860e-02 -1.365204000000000070e-02 0.000000000000000000e+00 2.324729999999999852e-02 0.000000000000000000e+00 2.667672000000000099e-02 2.348948000000000008e-02
1.418142000000000014e+00 4.623764999999999820e-02 -1.348474000000000027e-02 0.000000000000000000e+00 2.304901000000000172e-02 0.000000000000000000e+00 2.639762000000000011e-02 2.318863999999999648e-02
1.424331000000000014e+00 4.573892000000000235e-02 -1.331759000000000068e-02 0.000000000000000000e+00 2.285086000000000062e-02 0.000000000000000000e+00 2.611870999999999984e-02 2.288806000000000174e-02
1.430520000000000014e+00 4.524318000000000090e-02 -1.315155999999999964e-02 0.000000000000000000e+00 2.265386999999999956e-02 0.000000000000000000e+00 2.584120000000000167e-02 2.258931000000000133e-02
1.436709000000000014e+00 4.476253000000000176e-02 -1.299328999999999935e-02 0.000000000000000000e+00 2.246681000000000025e-02 0.000000000000000000e+00 2.556844000000000131e-02 2.229572000000000151e-02
1.442897000000000096e+00 4.430040999999999840e-02 -1.284456999999999960e-02 0.000000000000000000e+00 2.229193000000000147e-02 0.000000000000000000e+00 2.530137999999999832e-02 2.200847999999999693e-02
1.449086000000000096e+00 4.383702999999999905e-02 -1.269519000000000029e-02 0.000000000000000000e+00 2.211592999999999892e-02 0.000000000000000000e+00 2.503152999999999975e-02 2.172110000000000013e-02
1.455275000000000096e+00 4.337363999999999803e-02 -1.254580999999999925e-02 0.000000000000000000e+00 2.193992000000000164e-02 0.000000000000000000e+00 2.476168000000000119e-02 2.143371999999999639e-02
1.461464000000000096e+00 4.291032000000000179e-02 -1.239645999999999977e-02 0.000000000000000000e+00 2.176397999999999874e-02 0.000000000000000000e+00 2.449196999999999833e-02 2.114634000000000305e-02
1.467651999999999957e+00 4.244902999999999871e-02 -1.224795000000000050e-02 0.000000000000000000e+00 2.158890999999999935e-02 0.000000000000000000e+00 2.422476999999999964e-02 2.086011999999999936e-02
1.473840999999999957e+00 4.204263999999999918e-02 -1.211600000000000003e-02 0.000000000000000000e+00 2.141327999999999981e-02 0.000000000000000000e+00 2.397455000000000072e-02 2.062935999999999936e-02
1.480029999999999957e+00 4.163606000000000251e-02 -1.198290999999999940e-02 0.000000000000000000e+00 2.123707999999999846e-02 0.000000000000000000e+00 2.372352000000000141e-02 2.039898000000000405e-02
1.486218999999999957e+00 4.122946999999999723e-02 -1.184983000000000043e-02 0.000000000000000000e+00 2.106088000000000057e-02 0.000000000000000000e+00 2.347248000000000043e-02 2.016858999999999666e-02
1.492407000000000039e+00 4.082289000000000057e-02 -1.171673999999999979e-02 0.000000000000000000e+00 2.088467000000000101e-02 0.000000000000000000e+00 2.322143999999999944e-02 1.993821999999999955e-02
1.498596000000000039e+00 4.041630000000000222e-02 -1.158366000000000083e-02 0.000000000000000000e+00 2.070846999999999966e-02 0.000000000000000000e+00 2.297041000000000013e-02 1.970783000000000257e-02
1.504785000000000039e+00 4.002044999999999908e-02 -1.145601000000000085e-02 0.000000000000000000e+00 2.054492999999999944e-02 0.000000000000000000e+00 2.273810000000000067e-02 1.947551999999999964e-02
1.510974000000000039e+00 3.963146000000000030e-02 -1.133082000000000013e-02 0.000000000000000000e+00 2.038915000000000172e-02 0.000000000000000000e+00 2.251805999999999947e-02 1.924230999999999858e-02
1.517161999999999900e+00 3.924245999999999984e-02 -1.120562999999999941e-02 0.000000000000000000e+00 2.023337000000000052e-02 0.000000000000000000e+00 2.229802999999999993e-02 1.900908999999999932e-02
1.523350999999999900e+00 3.885334000000000010e-02 -1.108049000000000013e-02 0.000000000000000000e+00 2.007793999999999898e-02 0.000000000000000000e+00 2.207806000000000005e-02 1.877540000000000112e-02
1.529539999999999900e+00 3.846419999999999700e-02 -1.095535000000000085e-02 0.000000000000000000e+00 1.992253000000000079e-02 0.000000000000000000e+00 2.185809999999999836e-02 1.854166999999999621e-02
1.535728999999999900e+00 3.808257000000000309e-02 -1.083232999999999939e-02 0.000000000000000000e+00 1.976821999999999954e-02 0.000000000000000000e+00 2.164606999999999989e-02 1.831435000000000354e-02
1.541917999999999900e+00 3.773097000000000256e-02 -1.071839999999999946e-02 0.000000000000000000e+00 1.961782999999999930e-02 0.000000000000000000e+00 2.146444999999999950e-02 1.811314000000000327e-02
1.548105999999999982e+00 3.737932000000000060e-02 -1.060447999999999946e-02 0.000000000000000000e+00 1.946743999999999905e-02 0.000000000000000000e+00 2.128284999999999899e-02 1.791188000000000155e-02
1.554294999999999982e+00 3.702768000000000032e-02 -1.049056999999999941e-02 0.000000000000000000e+00 1.931704999999999881e-02 0.000000000000000000e+00 2.110124999999999848e-02 1.771063000000000151e-02
1.560483999999999982e+00 3.667602999999999835e-02 -1.037665999999999936e-02 0.000000000000000000e+00 1.916665000000000035e-02 0.000000000000000000e+00 2.091965000000000144e-02 1.750937999999999800e-02
1.566672999999999982e+00 3.632464999999999999e-02 -1.026263999999999996e-02 0.000000000000000000e+00 1.901627999999999999e-02 0.000000000000000000e+00 2.073795000000000152e-02 1.730837000000000001e-02
1.572861000000000065e+00 3.601100000000000134e-02 -1.016082999999999917e-02 0.000000000000000000e+00 1.887830000000000064e-02 0.000000000000000000e+00 2.056507000000000127e-02 1.713270000000000071e-02
1.579050000000000065e+00 3.570583000000000090e-02 -1.006155000000000070e-02 0.000000000000000000e+00 1.874268000000000114e-02 0.000000000000000000e+00 2.039459999999999884e-02 1.696314999999999976e-02
1.585239000000000065e+00 3.540076000000000334e-02 -9.962247000000000463e-03 0.000000000000000000e+00 1.860697000000000045e-02 0.000000000000000000e+00 2.022426000000000085e-02 1.679379000000000288e-02
1.591428000000000065e+00 3.509568999999999883e-02 -9.862938999999999387e-03 0.000000000000000000e+00 1.847125999999999976e-02 0.000000000000000000e+00 2.005391999999999939e-02 1.662442999999999907e-02
1.597615999999999925e+00 3.479017999999999694e-02 -9.763798000000000615e-03 0.000000000000000000e+00 1.833598000000000172e-02 0.000000000000000000e+00 1.988293000000000005e-02 1.645419999999999522e-02
1.603804999999999925e+00 3.449672000000000155e-02 -9.669528999999999624e-03 0.000000000000000000e+00 1.820333999999999841e-02 0.000000000000000000e+00 1.971567999999999932e-02 1.629338000000000314e-02
1.609993999999999925e+00 3.421775999999999984e-02 -9.581034999999999899e-03 0.000000000000000000e+00 1.807374000000000133e-02 0.000000000000000000e+00 1.955302000000000082e-02 1.614401999999999851e-02
1.616182999999999925e+00 3.393800000000000289e-02 -9.492314999999999434e-03 0.000000000000000000e+00 1.794400000000000162e-02 0.000000000000000000e+00 1.939079999999999970e-02 1.599400000000000127e-02
1.622371000000000008e+00 3.365797000000000233e-02 -9.403513999999999970e-03 0.000000000000000000e+00 1.781421999999999867e-02 0.000000000000000000e+00 1.922872999999999943e-02 1.584375000000000366e-02
1.628560000000000008e+00 3.337928999999999896e-02 -9.315102999999999925e-03 0.000000000000000000e+00 1.768466999999999956e-02 0.000000000000000000e+00 1.906590999999999841e-02 1.569461999999999940e-02
1.634749000000000008e+00 3.310185000000000211e-02 -9.227202000000000320e-03 0.000000000000000000e+00 1.755564000000000083e-02 0.000000000000000000e+00 1.890408000000000019e-02 1.554621000000000128e-02
1.640938000000000008e+00 3.283461000000000019e-02 -9.143536000000000719e-03 0.000000000000000000e+00 1.743099999999999858e-02 0.000000000000000000e+00 1.875049000000000160e-02 1.540361000000000161e-02
1.647126000000000090e+00 3.256736999999999826e-02 -9.059869999999999382e-03 0.000000000000000000e+00 1.730635000000000159e-02 0.000000000000000000e+00 1.859689999999999954e-02 1.526101999999999667e-02
1.653315000000000090e+00 3.229950000000000182e-02 -8.976114999999999788e-03 0.000000000000000000e+00 1.718188000000000007e-02 0.000000000000000000e+00 1.844341999999999857e-02 1.511762000000000175e-02
1.659504000000000090e+00 3.203272000000000064e-02 -8.892514000000000668e-03 0.000000000000000000e+00 1.705709999999999865e-02 0.000000000000000000e+00 1.828973999999999878e-02 1.497562000000000199e-02
1.665693000000000090e+00 3.176595000000000113e-02 -8.808912000000000339e-03 0.000000000000000000e+00 1.693232999999999891e-02 0.000000000000000000e+00 1.813605999999999899e-02 1.483362000000000222e-02
1.671880999999999950e+00 3.151542000000000232e-02 -8.731911000000000186e-03 0.000000000000000000e+00 1.681084000000000050e-02 0.000000000000000000e+00 1.798380000000000117e-02 1.470458000000000182e-02
1.678069999999999951e+00 3.126961000000000324e-02 -8.656821999999999781e-03 0.000000000000000000e+00 1.669032000000000154e-02 0.000000000000000000e+00 1.783196999999999907e-02 1.457929000000000169e-02
1.684258999999999951e+00 3.102395000000000153e-02 -8.582094000000000181e-03 0.000000000000000000e+00 1.656975999999999935e-02 0.000000000000000000e+00 1.768027000000000140e-02 1.445419000000000218e-02
1.690447999999999951e+00 3.077828999999999982e-02 -8.507376000000000521e-03 0.000000000000000000e+00 1.644920000000000063e-02 0.000000000000000000e+00 1.752857000000000026e-02 1.432908999999999919e-02
1.696636000000000033e+00 3.053254000000000037e-02 -8.432445000000000218e-03 0.000000000000000000e+00 1.632865999999999831e-02 0.000000000000000000e+00 1.737678999999999960e-02 1.420388000000000206e-02
1.702825000000000033e+00 3.029785000000000117e-02 -8.361129999999999604e-03 0.000000000000000000e+00 1.621208000000000024e-02 0.000000000000000000e+00 1.722887000000000030e-02 1.408577000000000093e-02
1.709014000000000033e+00 3.007612000000000133e-02 -8.294048999999999519e-03 0.000000000000000000e+00 1.610015999999999878e-02 0.000000000000000000e+00 1.708544000000000035e-02 1.397596000000000255e-02
1.715203000000000033e+00 2.985571000000000058e-02 -8.227300999999999365e-03 0.000000000000000000e+00 1.598803000000000030e-02 0.000000000000000000e+00 1.694162999999999919e-02 1.386768000000000028e-02
1.721390999999999893e+00 2.963582000000000022e-02 -8.160685000000000855e-03 0.000000000000000000e+00 1.587581000000000062e-02 0.000000000000000000e+00 1.679767000000000066e-02 1.376000999999999960e-02
1.727579999999999893e+00 2.941498999999999850e-02 -8.093829999999999775e-03 0.000000000000000000e+00 1.576374999999999998e-02 0.000000000000000000e+00 1.665397999999999878e-02 1.365123999999999851e-02
1.733768999999999894e+00 2.919799000000000005e-02 -8.027930000000000829e-03 0.000000000000000000e+00 1.565280999999999964e-02 0.000000000000000000e+00 1.651249000000000119e-02 1.354518000000000041e-02
1.739957999999999894e+00 2.900346999999999995e-02 -7.967629000000000378e-03 0.000000000000000000e+00 1.554730000000000001e-02 0.000000000000000000e+00 1.638163000000000119e-02 1.345616999999999994e-02
1.746145999999999976e+00 2.881074000000000135e-02 -7.907472999999999932e-03 0.000000000000000000e+00 1.544178000000000044e-02 0.000000000000000000e+00 1.625069999999999987e-02 1.336896000000000091e-02
1.752334999999999976e+00 2.861804999999999904e-02 -7.847319000000000169e-03 0.000000000000000000e+00 1.533624999999999919e-02 0.000000000000000000e+00 1.611976000000000034e-02 1.328179999999999986e-02
1.758523999999999976e+00 2.842536000000000021e-02 -7.787165999999999880e-03 0.000000000000000000e+00 1.523071999999999968e-02 0.000000000000000000e+00 1.598882999999999902e-02 1.319464000000000053e-02
1.764712999999999976e+00 2.823169999999999846e-02 -7.726934999999999880e-03 0.000000000000000000e+00 1.512520000000000010e-02 0.000000000000000000e+00 1.585792999999999925e-02 1.310649999999999836e-02
1.770901999999999976e+00 2.804923000000000138e-02 -7.668086999999999646e-03 0.000000000000000000e+00 1.502845000000000049e-02 0.000000000000000000e+00 1.573994000000000087e-02 1.302078000000000089e-02
1.777090000000000058e+00 2.786769999999999872e-02 -7.609488000000000189e-03 0.000000000000000000e+00 1.493342999999999927e-02 0.000000000000000000e+00 1.562477999999999957e-02 1.293426999999999945e-02
1.783279000000000059e+00 2.768616999999999953e-02 -7.550888000000000391e-03 0.000000000000000000e+00 1.483839999999999985e-02 0.000000000000000000e+00 1.550961000000000006e-02 1.284776999999999968e-02
1.789468000000000059e+00 2.750464000000000034e-02 -7.492287999999999726e-03 0.000000000000000000e+00 1.474337000000000043e-02 0.000000000000000000e+00 1.539445000000000049e-02 1.276126999999999991e-02
1.795657000000000059e+00 2.732311999999999935e-02 -7.433689000000000269e-03 0.000000000000000000e+00 1.464833999999999928e-02 0.000000000000000000e+00 1.527928999999999919e-02 1.267478000000000007e-02
1.801844999999999919e+00 2.714543999999999985e-02 -7.378130999999999579e-03 0.000000000000000000e+00 1.455912000000000005e-02 0.000000000000000000e+00 1.517100000000000046e-02 1.258631999999999980e-02
1.808033999999999919e+00 2.696992000000000139e-02 -7.324497999999999599e-03 0.000000000000000000e+00 1.447367999999999919e-02 0.000000000000000000e+00 1.506734000000000025e-02 1.249624000000000221e-02
1.814222999999999919e+00 2.679437999999999959e-02 -7.270864999999999620e-03 0.000000000000000000e+00 1.438824000000000006e-02 0.000000000000000000e+00 1.496367000000000010e-02 1.240613999999999953e-02
1.820411999999999919e+00 2.661884999999999946e-02 -7.217232999999999982e-03 0.000000000000000000e+00 1.430279999999999919e-02 0.000000000000000000e+00 1.486000999999999989e-02 1.231605000000000026e-02
1.826600000000000001e+00 2.644331999999999933e-02 -7.163600000000000002e-03 0.000000000000000000e+00 1.421737000000000001e-02 0.000000000000000000e+00 1.475634999999999968e-02 1.222594999999999932e-02
1.832789000000000001e+00 2.627559000000000144e-02 -7.109784000000000069e-03 0.000000000000000000e+00 1.413419999999999954e-02 0.000000000000000000e+00 1.465435999999999996e-02 1.214139000000000190e-02
1.838978000000000002e+00 2.611936000000000119e-02 -7.055149000000000142e-03 0.000000000000000000e+00 1.405442999999999970e-02 0.000000000000000000e+00 1.455385000000000012e-02 1.206493000000000149e-02
1.845167000000000002e+00 2.596284000000000092e-02 -7.000471999999999771e-03 0.000000000000000000e+00 1.397460000000000022e-02 0.000000000000000000e+00 1.445327000000000070e-02 1.198824000000000070e-02
1.851355000000000084e+00 2.580632999999999885e-02 -6.945795000000000267e-03 0.000000000000000000e+00 1.389477000000000073e-02 0.000000000000000000e+00 1.435268999999999955e-02 1.191155999999999812e-02
1.857544000000000084e+00 2.565007000000000051e-02 -6.891155999999999844e-03 0.000000000000000000e+00 1.381499999999999916e-02 0.000000000000000000e+00 1.425216999999999977e-02 1.183507000000000135e-02
1.863733000000000084e+00 2.549790000000000043e-02 -6.837311000000000430e-03 0.000000000000000000e+00 1.373598000000000006e-02 0.000000000000000000e+00 1.415252999999999997e-02 1.176192000000000036e-02
1.869922000000000084e+00 2.536288999999999905e-02 -6.787106999999999689e-03 0.000000000000000000e+00 1.365985999999999936e-02 0.000000000000000000e+00 1.405615999999999984e-02 1.170302999999999968e-02
1.876109999999999944e+00 2.522753999999999969e-02 -6.736736999999999587e-03 0.000000000000000000e+00 1.358351999999999997e-02 0.000000000000000000e+00 1.395982999999999946e-02 1.164401999999999972e-02
1.882298999999999944e+00 2.509211999999999901e-02 -6.686331000000000219e-03 0.000000000000000000e+00 1.350714000000000081e-02 0.000000000000000000e+00 1.386350000000000082e-02 1.158497999999999820e-02
1.888487999999999944e+00 2.495696999999999846e-02 -6.636056000000000420e-03 0.000000000000000000e+00 1.343092000000000071e-02 0.000000000000000000e+00 1.376714000000000063e-02 1.152604999999999776e-02
1.894676999999999945e+00 2.482207000000000163e-02 -6.585907000000000219e-03 0.000000000000000000e+00 1.335486999999999959e-02 0.000000000000000000e+00 1.367077000000000049e-02 1.146720000000000204e-02
1.900865000000000027e+00 2.468089999999999867e-02 -6.531013999999999917e-03 0.000000000000000000e+00 1.327893999999999949e-02 0.000000000000000000e+00 1.358555000000000006e-02 1.140195999999999918e-02
1.907054000000000027e+00 2.453928000000000012e-02 -6.475777000000000269e-03 0.000000000000000000e+00 1.320300999999999940e-02 0.000000000000000000e+00 1.350113000000000008e-02 1.133627000000000072e-02
1.913243000000000027e+00 2.439749000000000084e-02 -6.420455999999999733e-03 0.000000000000000000e+00 1.312699999999999978e-02 0.000000000000000000e+00 1.341689000000000076e-02 1.127049000000000106e-02
1.919432000000000027e+00 2.425588999999999870e-02 -6.365227999999999685e-03 0.000000000000000000e+00 1.305107999999999963e-02 0.000000000000000000e+00 1.333244999999999916e-02 1.120480999999999908e-02
1.925620000000000109e+00 2.411432000000000159e-02 -6.310017000000000230e-03 0.000000000000000000e+00 1.297518999999999929e-02 0.000000000000000000e+00 1.324798999999999942e-02 1.113913000000000229e-02
1.931809000000000109e+00 2.397335999999999911e-02 -6.259899999999999666e-03 0.000000000000000000e+00 1.290359999999999945e-02 0.000000000000000000e+00 1.316945999999999915e-02 1.106975999999999967e-02
1.937998000000000109e+00 2.383261000000000060e-02 -6.211570999999999933e-03 0.000000000000000000e+00 1.283352999999999924e-02 0.000000000000000000e+00 1.309302000000000035e-02 1.099908000000000136e-02
1.944187000000000110e+00 2.369194000000000161e-02 -6.163308000000000154e-03 0.000000000000000000e+00 1.276345000000000084e-02 0.000000000000000000e+00 1.301655999999999994e-02 1.092849000000000077e-02
1.950374999999999970e+00 2.355126999999999915e-02 -6.115050000000000346e-03 0.000000000000000000e+00 1.269338000000000063e-02 0.000000000000000000e+00 1.294008999999999958e-02 1.085788999999999851e-02
1.956563999999999970e+00 2.341060000000000016e-02 -6.066791000000000197e-03 0.000000000000000000e+00 1.262331000000000043e-02 0.000000000000000000e+00 1.286362999999999916e-02 1.078728999999999973e-02
1.962752999999999970e+00 2.327395000000000158e-02 -6.014885000000000197e-03 0.000000000000000000e+00 1.255127999999999973e-02 0.000000000000000000e+00 1.279124000000000060e-02 1.072267000000000185e-02
1.968941999999999970e+00 2.314041000000000015e-02 -5.960161000000000278e-03 0.000000000000000000e+00 1.247773999999999932e-02 0.000000000000000000e+00 1.272198000000000079e-02 1.066267000000000083e-02
1.975130000000000052e+00 2.300723000000000004e-02 -5.905505000000000129e-03 0.000000000000000000e+00 1.240401000000000004e-02 0.000000000000000000e+00 1.265290999999999985e-02 1.060322000000000001e-02
1.981319000000000052e+00 2.287420000000000078e-02 -5.850878000000000329e-03 0.000000000000000000e+00 1.233019999999999949e-02 0.000000000000000000e+00 1.258391000000000023e-02 1.054400000000000129e-02
1.987508000000000052e+00 2.274077999999999863e-02 -5.796176999999999579e-03 0.000000000000000000e+00 1.225658999999999950e-02 0.000000000000000000e+00 1.251472000000000001e-02 1.048418999999999913e-02
1.993697000000000052e+00 2.260540999999999939e-02 -5.743184000000000136e-03 0.000000000000000000e+00 1.218464999999999999e-02 0.000000000000000000e+00 1.244441999999999944e-02 1.042075999999999940e-02
1.999886000000000053e+00 2.246721000000000135e-02 -5.692695000000000220e-03 0.000000000000000000e+00 1.211513000000000000e-02 0.000000000000000000e+00 1.237251999999999970e-02 1.035208000000000135e-02
2.006073999999999913e+00 2.232931999999999972e-02 -5.642402999999999828e-03 0.000000000000000000e+00 1.204555000000000035e-02 0.000000000000000000e+00 1.230090000000000003e-02 1.028376999999999937e-02
2.012262999999999913e+00 2.219141999999999990e-02 -5.592111000000000304e-03 0.000000000000000000e+00 1.197597000000000071e-02 0.000000000000000000e+00 1.222929000000000030e-02 1.021544999999999918e-02
2.018451999999999913e+00 2.205334999999999934e-02 -5.541708000000000224e-03 0.000000000000000000e+00 1.190643000000000083e-02 0.000000000000000000e+00 1.215750999999999984e-02 1.014691999999999851e-02
2.024640999999999913e+00 2.192043000000000116e-02 -5.489444999999999915e-03 0.000000000000000000e+00 1.183725000000000055e-02 0.000000000000000000e+00 1.208965000000000040e-02 1.008318000000000061e-02
2.030829000000000217e+00 2.179193000000000102e-02 -5.435681000000000367e-03 0.000000000000000000e+00 1.176835000000000034e-02 0.000000000000000000e+00 1.202507000000000055e-02 1.002358000000000068e-02
2.037018000000000217e+00 2.166349000000000052e-02 -5.381905000000000196e-03 0.000000000000000000e+00 1.169945000000000013e-02 0.000000000000000000e+00 1.196049000000000070e-02 9.964040000000000397e-03
2.043207000000000217e+00 2.153503999999999835e-02 -5.328129000000000025e-03 0.000000000000000000e+00 1.163054999999999992e-02 0.000000000000000000e+00 1.189592000000000080e-02 9.904489999999998434e-03
2.049396000000000218e+00 2.140651999999999833e-02 -5.274369000000000106e-03 0.000000000000000000e+00 1.156165999999999965e-02 0.000000000000000000e+00 1.183133999999999922e-02 9.844859999999998681e-03
2.055584000000000078e+00 2.127547999999999939e-02 -5.224839999999999693e-03 0.000000000000000000e+00 1.149941999999999978e-02 0.000000000000000000e+00 1.176511000000000050e-02 9.776059999999999611e-03
2.061773000000000078e+00 2.114419999999999841e-02 -5.175945999999999846e-03 0.000000000000000000e+00 1.143813999999999942e-02 0.000000000000000000e+00 1.169855000000000027e-02 9.706059999999998994e-03
2.067962000000000078e+00 2.101292000000000090e-02 -5.127051999999999998e-03 0.000000000000000000e+00 1.137687000000000073e-02 0.000000000000000000e+00 1.163199000000000004e-02 9.636050000000000171e-03
2.074151000000000078e+00 2.088163000000000172e-02 -5.078158000000000151e-03 0.000000000000000000e+00 1.131559000000000037e-02 0.000000000000000000e+00 1.156541999999999987e-02 9.566040000000001348e-03
2.080338999999999938e+00 2.075054999999999955e-02 -5.028946000000000284e-03 0.000000000000000000e+00 1.125408999999999958e-02 0.000000000000000000e+00 1.149932000000000037e-02 9.496459999999999971e-03
2.086527999999999938e+00 2.062419000000000058e-02 -4.973934999999999641e-03 0.000000000000000000e+00 1.118869999999999934e-02 0.000000000000000000e+00 1.144191999999999952e-02 9.435490000000001237e-03
2.092716999999999938e+00 2.049785999999999969e-02 -4.918917000000000081e-03 0.000000000000000000e+00 1.112325999999999940e-02 0.000000000000000000e+00 1.138452000000000040e-02 9.374600000000000294e-03
2.098905999999999938e+00 2.037154000000000048e-02 -4.863896999999999839e-03 0.000000000000000000e+00 1.105782999999999940e-02 0.000000000000000000e+00 1.132712999999999949e-02 9.313710000000001085e-03
2.105093999999999799e+00 2.024522000000000127e-02 -4.808871999999999626e-03 0.000000000000000000e+00 1.099240999999999933e-02 0.000000000000000000e+00 1.126975000000000025e-02 9.252810000000001936e-03
2.111282999999999799e+00 2.011887000000000050e-02 -4.754035000000000205e-03 0.000000000000000000e+00 1.092717999999999988e-02 0.000000000000000000e+00 1.121251000000000018e-02 9.191690000000000624e-03
2.117471999999999799e+00 1.999182999999999863e-02 -4.702801999999999850e-03 0.000000000000000000e+00 1.086591999999999940e-02 0.000000000000000000e+00 1.115800999999999946e-02 9.125909999999999231e-03
2.123660999999999799e+00 1.986479999999999843e-02 -4.651572999999999992e-03 0.000000000000000000e+00 1.080468000000000053e-02 0.000000000000000000e+00 1.110355000000000023e-02 9.060119999999997897e-03
2.129849000000000103e+00 1.973777000000000170e-02 -4.600342999999999793e-03 0.000000000000000000e+00 1.074343999999999993e-02 0.000000000000000000e+00 1.104908999999999926e-02 8.994330000000001768e-03
2.136038000000000103e+00 1.961072999999999983e-02 -4.549113999999999935e-03 0.000000000000000000e+00 1.068220999999999928e-02 0.000000000000000000e+00 1.099463000000000003e-02 8.928520000000000553e-03
2.142227000000000103e+00 1.948365000000000166e-02 -4.497870000000000167e-03 0.000000000000000000e+00 1.062084999999999939e-02 0.000000000000000000e+00 1.094001999999999995e-02 8.862800000000002273e-03
2.148416000000000103e+00 1.935291999999999915e-02 -4.443011999999999656e-03 0.000000000000000000e+00 1.055784000000000063e-02 0.000000000000000000e+00 1.088898999999999943e-02 8.795079999999998524e-03
2.154603999999999964e+00 1.922197000000000142e-02 -4.387920000000000015e-03 0.000000000000000000e+00 1.049483000000000013e-02 0.000000000000000000e+00 1.083839999999999977e-02 8.727140000000001285e-03
2.160792999999999964e+00 1.909102000000000021e-02 -4.332828999999999847e-03 0.000000000000000000e+00 1.043181999999999963e-02 0.000000000000000000e+00 1.078781000000000011e-02 8.659200000000000577e-03
2.166981999999999964e+00 1.896006999999999901e-02 -4.277737999999999680e-03 0.000000000000000000e+00 1.036880999999999914e-02 0.000000000000000000e+00 1.073723000000000039e-02 8.591259999999999869e-03
2.173170999999999964e+00 1.882904999999999995e-02 -4.222593000000000180e-03 0.000000000000000000e+00 1.030566999999999941e-02 0.000000000000000000e+00 1.068647999999999994e-02 8.523380000000000539e-03
2.179358999999999824e+00 1.869420999999999930e-02 -4.166590999999999871e-03 0.000000000000000000e+00 1.024477000000000027e-02 0.000000000000000000e+00 1.063709000000000009e-02 8.449439999999999035e-03
2.185547999999999824e+00 1.855798000000000170e-02 -4.110311999999999646e-03 0.000000000000000000e+00 1.018483000000000062e-02 0.000000000000000000e+00 1.058833999999999990e-02 8.373150000000001078e-03
2.191736999999999824e+00 1.842186000000000171e-02 -4.054071000000000237e-03 0.000000000000000000e+00 1.012488999999999924e-02 0.000000000000000000e+00 1.053960999999999960e-02 8.296970000000002468e-03
2.197925999999999824e+00 1.828574000000000171e-02 -3.997829999999999960e-03 0.000000000000000000e+00 1.006495999999999953e-02 0.000000000000000000e+00 1.049087999999999930e-02 8.220780000000002183e-03
2.204114000000000129e+00 1.814935999999999980e-02 -3.941501000000000032e-03 0.000000000000000000e+00 1.000501999999999989e-02 0.000000000000000000e+00 1.044209999999999930e-02 8.144339999999999913e-03
2.210303000000000129e+00 1.801097999999999935e-02 -3.882817000000000213e-03 0.000000000000000000e+00 9.945179000000000172e-03 0.000000000000000000e+00 1.039273999999999927e-02 8.065800999999999180e-03
2.216492000000000129e+00 1.786994999999999903e-02 -3.820921000000000126e-03 0.000000000000000000e+00 9.885480999999999782e-03 0.000000000000000000e+00 1.034258000000000052e-02 7.984468999999999247e-03
2.222681000000000129e+00 1.772920999999999872e-02 -3.759129999999999850e-03 0.000000000000000000e+00 9.825709999999999653e-03 0.000000000000000000e+00 1.029254999999999927e-02 7.903499999999999068e-03
2.228868999999999989e+00 1.758851999999999985e-02 -3.697354999999999826e-03 0.000000000000000000e+00 9.765927000000000635e-03 0.000000000000000000e+00 1.024253999999999963e-02 7.822592999999999214e-03
2.235057999999999989e+00 1.744750000000000120e-02 -3.635464000000000143e-03 0.000000000000000000e+00 9.706225000000000616e-03 0.000000000000000000e+00 1.019239000000000082e-02 7.741275000000000586e-03
2.241246999999999989e+00 1.730628999999999848e-02 -3.573361000000000159e-03 0.000000000000000000e+00 9.646734000000000558e-03 0.000000000000000000e+00 1.014212999999999920e-02 7.659555999999997922e-03
2.247435999999999989e+00 1.716403000000000026e-02 -3.509623999999999817e-03 0.000000000000000000e+00 9.588918999999999568e-03 0.000000000000000000e+00 1.009120999999999976e-02 7.575111000000000691e-03
2.253623999999999850e+00 1.702178000000000024e-02 -3.445891999999999879e-03 0.000000000000000000e+00 9.531108999999999415e-03 0.000000000000000000e+00 1.004030000000000027e-02 7.490671000000000829e-03
2.259812999999999850e+00 1.687968999999999928e-02 -3.382212999999999799e-03 0.000000000000000000e+00 9.473363999999999743e-03 0.000000000000000000e+00 9.989423000000000746e-03 7.406325999999999535e-03
2.266001999999999850e+00 1.673741000000000118e-02 -3.318473000000000169e-03 0.000000000000000000e+00 9.415545000000000858e-03 0.000000000000000000e+00 9.938505999999999729e-03 7.321865000000000318e-03
2.272190999999999850e+00 1.659510999999999972e-02 -3.254725999999999887e-03 0.000000000000000000e+00 9.357716000000000298e-03 0.000000000000000000e+00 9.887583999999999609e-03 7.237393999999999425e-03
2.278379999999999850e+00 1.645699000000000120e-02 -3.190703999999999936e-03 0.000000000000000000e+00 9.298018999999999382e-03 0.000000000000000000e+00 9.840233000000000313e-03 7.158971000000001819e-03
2.284568000000000154e+00 1.631996999999999962e-02 -3.126608999999999812e-03 0.000000000000000000e+00 9.237828000000000012e-03 0.000000000000000000e+00 9.793833000000000052e-03 7.082141999999999604e-03
2.290757000000000154e+00 1.618297999999999959e-02 -3.062497999999999870e-03 0.000000000000000000e+00 9.177701999999999388e-03 0.000000000000000000e+00 9.747479999999999339e-03 7.005278000000000199e-03
2.296946000000000154e+00 1.604594999999999980e-02 -2.998410999999999871e-03 0.000000000000000000e+00 9.117478000000000041e-03 0.000000000000000000e+00 9.701055000000000095e-03 6.928471999999999756e-03
2.303135000000000154e+00 1.590892000000000001e-02 -2.934325000000000214e-03 0.000000000000000000e+00 9.057252000000000011e-03 0.000000000000000000e+00 9.654625999999999486e-03 6.851667999999999994e-03
2.309323000000000015e+00 1.577368000000000173e-02 -2.870241999999999846e-03 0.000000000000000000e+00 8.997342999999999660e-03 0.000000000000000000e+00 9.608948000000000836e-03 6.776337000000002067e-03
2.315512000000000015e+00 1.564010999999999874e-02 -2.806162000000000066e-03 0.000000000000000000e+00 8.937726999999999478e-03 0.000000000000000000e+00 9.563969000000000290e-03 6.702382999999999258e-03
2.321701000000000015e+00 1.550653999999999921e-02 -2.742089999999999979e-03 0.000000000000000000e+00 8.878076000000000370e-03 0.000000000000000000e+00 9.518966000000000233e-03 6.628463999999998843e-03
2.327890000000000015e+00 1.537297999999999963e-02 -2.678040000000000021e-03 0.000000000000000000e+00 8.818348999999999632e-03 0.000000000000000000e+00 9.473913999999999946e-03 6.554630999999999999e-03
2.334077999999999875e+00 1.523941000000000011e-02 -2.613968999999999841e-03 0.000000000000000000e+00 8.758698000000000525e-03 0.000000000000000000e+00 9.428908999999999208e-03 6.480711999999999584e-03
2.340266999999999875e+00 1.510734000000000035e-02 -2.549809000000000103e-03 0.000000000000000000e+00 8.698612999999999137e-03 0.000000000000000000e+00 9.383927999999999714e-03 6.408727000000001214e-03
2.346455999999999875e+00 1.497846000000000073e-02 -2.485457999999999851e-03 0.000000000000000000e+00 8.637614999999999529e-03 0.000000000000000000e+00 9.338990999999999612e-03 6.340845000000001203e-03
2.352644999999999875e+00 1.484948999999999991e-02 -2.421091000000000215e-03 0.000000000000000000e+00 8.576544999999999655e-03 0.000000000000000000e+00 9.294022000000000741e-03 6.272945000000000257e-03
2.358833000000000180e+00 1.472038999999999986e-02 -2.356697999999999953e-03 0.000000000000000000e+00 8.515361000000000805e-03 0.000000000000000000e+00 9.248993999999999965e-03 6.205028999999999059e-03
2.365022000000000180e+00 1.459147000000000048e-02 -2.292340999999999823e-03 0.000000000000000000e+00 8.454334000000000848e-03 0.000000000000000000e+00 9.204043999999999767e-03 6.137135999999999633e-03
2.371211000000000180e+00 1.446431999999999926e-02 -2.227998000000000131e-03 0.000000000000000000e+00 8.393368999999999483e-03 0.000000000000000000e+00 9.159673000000000120e-03 6.070950999999999778e-03
2.377400000000000180e+00 1.434303999999999961e-02 -2.163702999999999894e-03 0.000000000000000000e+00 8.332608000000000029e-03 0.000000000000000000e+00 9.117220000000000532e-03 6.010431999999999580e-03
2.383589000000000180e+00 1.422144000000000012e-02 -2.099319000000000098e-03 0.000000000000000000e+00 8.271772000000000152e-03 0.000000000000000000e+00 9.074654999999999180e-03 5.949667999999999971e-03
2.389777000000000040e+00 1.409965999999999997e-02 -2.034887999999999888e-03 0.000000000000000000e+00 8.210896000000000514e-03 0.000000000000000000e+00 9.032029999999999920e-03 5.888763999999999457e-03
2.395966000000000040e+00 1.397818999999999971e-02 -1.970539999999999792e-03 0.000000000000000000e+00 8.150090000000000459e-03 0.000000000000000000e+00 8.989511999999999850e-03 5.828099999999999253e-03
2.402155000000000040e+00 1.385933999999999951e-02 -1.906301000000000002e-03 0.000000000000000000e+00 8.089538999999999758e-03 0.000000000000000000e+00 8.948542999999999775e-03 5.769800999999999749e-03
2.408344000000000040e+00 1.374702000000000042e-02 -1.842249999999999921e-03 0.000000000000000000e+00 8.029576999999999548e-03 0.000000000000000000e+00 8.911512999999999379e-03 5.717443000000000872e-03
2.414531999999999901e+00 1.363439999999999964e-02 -1.778089999999999966e-03 0.000000000000000000e+00 7.969566000000000844e-03 0.000000000000000000e+00 8.874260000000000134e-03 5.664833999999998801e-03
2.420720999999999901e+00 1.352178000000000060e-02 -1.713930000000000011e-03 0.000000000000000000e+00 7.909552999999999723e-03 0.000000000000000000e+00 8.837005999999999681e-03 5.612227000000000882e-03
2.426909999999999901e+00 1.340931000000000067e-02 -1.649822999999999915e-03 0.000000000000000000e+00 7.849566000000000529e-03 0.000000000000000000e+00 8.799859999999999627e-03 5.559744000000000144e-03
2.433098999999999901e+00 1.330157000000000041e-02 -1.586514999999999930e-03 0.000000000000000000e+00 7.789922999999999813e-03 0.000000000000000000e+00 8.767538999999999541e-03 5.511647000000000594e-03
2.439287000000000205e+00 1.319882999999999994e-02 -1.523959000000000077e-03 0.000000000000000000e+00 7.730520999999999747e-03 0.000000000000000000e+00 8.740104000000000276e-03 5.468309000000000190e-03
2.445476000000000205e+00 1.309616000000000079e-02 -1.461367999999999999e-03 0.000000000000000000e+00 7.671052000000000252e-03 0.000000000000000000e+00 8.712562000000000084e-03 5.425108000000000534e-03
2.451665000000000205e+00 1.299348999999999990e-02 -1.398778000000000044e-03 0.000000000000000000e+00 7.611582999999999891e-03 0.000000000000000000e+00 8.685017999999999211e-03 5.381907000000000010e-03
2.457854000000000205e+00 1.289073999999999949e-02 -1.336228999999999976e-03 0.000000000000000000e+00 7.552195999999999736e-03 0.000000000000000000e+00 8.657606999999999456e-03 5.338543999999999755e-03
2.464042000000000066e+00 1.279984999999999977e-02 -1.274759999999999999e-03 0.000000000000000000e+00 7.492264999999999689e-03 0.000000000000000000e+00 8.638497000000000189e-03 5.307585000000000081e-03
2.470231000000000066e+00 1.271069000000000018e-02 -1.213406999999999897e-03 0.000000000000000000e+00 7.432148999999999874e-03 0.000000000000000000e+00 8.620256999999999226e-03 5.278541000000000309e-03
2.476420000000000066e+00 1.262153000000000060e-02 -1.152054000000000012e-03 0.000000000000000000e+00 7.372034000000000399e-03 0.000000000000000000e+00 8.602017999999999470e-03 5.249496000000000197e-03
2.482609000000000066e+00 1.253236999999999927e-02 -1.090700999999999910e-03 0.000000000000000000e+00 7.311917999999999716e-03 0.000000000000000000e+00 8.583778999999999715e-03 5.220451999999999558e-03
2.488796999999999926e+00 1.245012000000000028e-02 -1.029619000000000064e-03 0.000000000000000000e+00 7.251205999999999624e-03 0.000000000000000000e+00 8.568677000000000238e-03 5.198914000000000660e-03
2.494985999999999926e+00 1.237544999999999965e-02 -9.687740000000000457e-04 0.000000000000000000e+00 7.189647999999999872e-03 0.000000000000000000e+00 8.556595000000000173e-03 5.185801999999999773e-03
2.501174999999999926e+00 1.230079000000000068e-02 -9.079287000000000338e-04 0.000000000000000000e+00 7.128088999999999779e-03 0.000000000000000000e+00 8.544513000000000108e-03 5.172701000000000902e-03
2.507363999999999926e+00 1.222612999999999998e-02 -8.470834000000000219e-04 0.000000000000000000e+00 7.066531000000000028e-03 0.000000000000000000e+00 8.532431000000000043e-03 5.159598999999999956e-03
2.513551999999999786e+00 1.215599000000000020e-02 -7.865192999999999490e-04 0.000000000000000000e+00 7.004348999999999992e-03 0.000000000000000000e+00 8.521679000000000753e-03 5.151641000000000206e-03
2.519740999999999786e+00 1.209706999999999970e-02 -7.266039000000000178e-04 0.000000000000000000e+00 6.940510999999999903e-03 0.000000000000000000e+00 8.514173999999999354e-03 5.156558999999999796e-03
2.525929999999999787e+00 1.203814999999999920e-02 -6.666892000000000000e-04 0.000000000000000000e+00 6.876674000000000155e-03 0.000000000000000000e+00 8.506667000000000742e-03 5.161475999999999044e-03
2.532118999999999787e+00 1.197923000000000043e-02 -6.067746000000000164e-04 0.000000000000000000e+00 6.812837999999999880e-03 0.000000000000000000e+00 8.499158999999999187e-03 5.166392000000000553e-03
2.538307000000000091e+00 1.192524000000000015e-02 -5.473135999999999973e-04 0.000000000000000000e+00 6.748437000000000359e-03 0.000000000000000000e+00 8.493136999999999562e-03 5.176802999999999787e-03
2.544496000000000091e+00 1.188187999999999918e-02 -4.889261999999999471e-04 0.000000000000000000e+00 6.682953999999999631e-03 0.000000000000000000e+00 8.490275999999999726e-03 5.198925999999999548e-03
2.550685000000000091e+00 1.183851999999999995e-02 -4.305388000000000054e-04 0.000000000000000000e+00 6.617470999999999770e-03 0.000000000000000000e+00 8.487414999999999890e-03 5.221049000000000176e-03
2.556874000000000091e+00 1.179517000000000065e-02 -3.721514999999999893e-04 0.000000000000000000e+00 6.551986999999999568e-03 0.000000000000000000e+00 8.484554000000000054e-03 5.243183000000001086e-03
2.563061999999999951e+00 1.176119999999999943e-02 -3.145113000000000054e-04 0.000000000000000000e+00 6.485422000000000235e-03 0.000000000000000000e+00 8.484873000000000415e-03 5.275777999999999197e-03
2.569250999999999951e+00 1.173377999999999921e-02 -2.574643999999999739e-04 0.000000000000000000e+00 6.418303999999999676e-03 0.000000000000000000e+00 8.487388999999999697e-03 5.315475999999999535e-03
2.575439999999999952e+00 1.170635000000000078e-02 -2.004173999999999897e-04 0.000000000000000000e+00 6.351185999999999984e-03 0.000000000000000000e+00 8.489902000000000559e-03 5.355164000000000799e-03
2.581628999999999952e+00 1.168048999999999997e-02 -1.434476000000000121e-04 0.000000000000000000e+00 6.283821999999999672e-03 0.000000000000000000e+00 8.492879999999999527e-03 5.396668000000000298e-03
2.587816999999999812e+00 1.166847000000000023e-02 -8.719240000000000226e-05 0.000000000000000000e+00 6.215385000000000354e-03 0.000000000000000000e+00 8.500172000000000283e-03 5.453084999999999877e-03
2.594005999999999812e+00 1.165654999999999990e-02 -3.091831999999999979e-05 0.000000000000000000e+00 6.147001000000000027e-03 0.000000000000000000e+00 8.507515000000000216e-03 5.509548999999999870e-03
2.600194999999999812e+00 1.164450000000000034e-02 2.533188999999999981e-05 0.000000000000000000e+00 6.078548999999999931e-03 0.000000000000000000e+00 8.514793999999999141e-03 5.565951000000000405e-03
2.606383999999999812e+00 1.164585999999999920e-02 8.156915000000000151e-05 0.000000000000000000e+00 6.008552999999999811e-03 0.000000000000000000e+00 8.524879000000000831e-03 5.637306999999999388e-03
2.612572000000000116e+00 1.164995999999999914e-02 1.378693999999999916e-04 0.000000000000000000e+00 5.938399999999999929e-03 0.000000000000000000e+00 8.535565000000000166e-03 5.711559999999999207e-03
2.618761000000000116e+00 1.165376000000000085e-02 1.941257999999999905e-04 0.000000000000000000e+00 5.868179000000000277e-03 0.000000000000000000e+00 8.546177000000000287e-03 5.785581000000000577e-03
2.624950000000000117e+00 1.167149999999999958e-02 2.499957999999999824e-04 0.000000000000000000e+00 5.796678000000000421e-03 0.000000000000000000e+00 8.558995999999999271e-03 5.874821999999999163e-03
2.631139000000000117e+00 1.169276999999999990e-02 3.058628999999999883e-04 0.000000000000000000e+00 5.725041999999999631e-03 0.000000000000000000e+00 8.572352000000000097e-03 5.967728000000000269e-03
2.637326999999999977e+00 1.171403000000000028e-02 3.616760999999999913e-04 0.000000000000000000e+00 5.653242999999999636e-03 0.000000000000000000e+00 8.585732000000000433e-03 6.060787000000000639e-03
2.643515999999999977e+00 1.175237999999999977e-02 4.178130999999999859e-04 0.000000000000000000e+00 5.579978999999999668e-03 0.000000000000000000e+00 8.601610000000000852e-03 6.172401000000000103e-03
2.649704999999999977e+00 1.179125999999999959e-02 4.739979999999999975e-04 0.000000000000000000e+00 5.506755999999999804e-03 0.000000000000000000e+00 8.617520000000000041e-03 6.284503999999999785e-03
2.655893999999999977e+00 1.183723000000000067e-02 5.301365000000000157e-04 0.000000000000000000e+00 5.432990999999999862e-03 0.000000000000000000e+00 8.634469999999999992e-03 6.404239000000000806e-03
2.662081999999999837e+00 1.189372999999999993e-02 5.863618999999999602e-04 0.000000000000000000e+00 5.358784000000000117e-03 0.000000000000000000e+00 8.652867999999999324e-03 6.534945999999999811e-03
2.668270999999999837e+00 1.195113000000000078e-02 6.426707000000000470e-04 0.000000000000000000e+00 5.284403000000000017e-03 0.000000000000000000e+00 8.671349000000000071e-03 6.666727000000000763e-03
2.674459999999999837e+00 1.202536000000000056e-02 7.000717000000000485e-04 0.000000000000000000e+00 5.209074999999999643e-03 0.000000000000000000e+00 8.691914999999999711e-03 6.816285000000000920e-03
2.680648999999999837e+00 1.209952000000000076e-02 7.574717999999999599e-04 0.000000000000000000e+00 5.133737999999999670e-03 0.000000000000000000e+00 8.712457999999999314e-03 6.965782000000001091e-03
2.686837000000000142e+00 1.219120999999999920e-02 8.148574000000000225e-04 0.000000000000000000e+00 5.057970000000000174e-03 0.000000000000000000e+00 8.735489000000000795e-03 7.133239999999999026e-03
2.693026000000000142e+00 1.228459999999999969e-02 8.722419000000000353e-04 0.000000000000000000e+00 4.982178999999999774e-03 0.000000000000000000e+00 8.758778999999999523e-03 7.302420999999999912e-03
2.699215000000000142e+00 1.240042000000000054e-02 9.302294000000000014e-04 0.000000000000000000e+00 4.906803999999999853e-03 0.000000000000000000e+00 8.786517000000000632e-03 7.493616000000000686e-03
2.705404000000000142e+00 1.251878000000000019e-02 9.882433999999998969e-04 0.000000000000000000e+00 4.831425999999999776e-03 0.000000000000000000e+00 8.814657000000000048e-03 7.687354000000000409e-03
2.711593000000000142e+00 1.265940999999999941e-02 1.045958000000000044e-03 0.000000000000000000e+00 4.755368999999999742e-03 0.000000000000000000e+00 8.844994999999999594e-03 7.904041000000000539e-03
2.717781000000000002e+00 1.280445000000000021e-02 1.103814000000000054e-03 0.000000000000000000e+00 4.679116999999999998e-03 0.000000000000000000e+00 8.875615999999999367e-03 8.125333000000000208e-03
2.723970000000000002e+00 1.297247999999999978e-02 1.162393999999999971e-03 0.000000000000000000e+00 4.602188999999999586e-03 0.000000000000000000e+00 8.907896000000000217e-03 8.370291000000000189e-03
2.730159000000000002e+00 1.315084000000000045e-02 1.220916999999999966e-03 0.000000000000000000e+00 4.524962999999999902e-03 0.000000000000000000e+00 8.940797000000000327e-03 8.625877000000000544e-03
2.736348000000000003e+00 1.334905999999999940e-02 1.279437000000000022e-03 0.000000000000000000e+00 4.447333000000000362e-03 0.000000000000000000e+00 8.974917000000000658e-03 8.901726999999998169e-03
2.742535999999999863e+00 1.356667999999999936e-02 1.338514000000000067e-03 0.000000000000000000e+00 4.368936999999999821e-03 0.000000000000000000e+00 9.009328000000000475e-03 9.197742999999999544e-03
2.748724999999999863e+00 1.379786000000000033e-02 1.398011999999999909e-03 0.000000000000000000e+00 4.290091000000000217e-03 0.000000000000000000e+00 9.043940000000000312e-03 9.507768999999999249e-03
2.754913999999999863e+00 1.406101000000000052e-02 1.458160999999999919e-03 0.000000000000000000e+00 4.210181999999999813e-03 0.000000000000000000e+00 9.077451999999999743e-03 9.850828000000000709e-03
2.761102999999999863e+00 1.433678000000000036e-02 1.518550999999999929e-03 0.000000000000000000e+00 4.129744000000000297e-03 0.000000000000000000e+00 9.110134000000000634e-03 1.020703599999999919e-02
2.767291000000000167e+00 1.464251999999999915e-02 1.579572999999999915e-03 0.000000000000000000e+00 4.048109000000000256e-03 0.000000000000000000e+00 9.140393000000000129e-03 1.059441099999999802e-02
2.773480000000000167e+00 1.497393999999999982e-02 1.641228000000000001e-03 0.000000000000000000e+00 3.965482000000000208e-03 0.000000000000000000e+00 9.167836999999999861e-03 1.100845799999999874e-02
2.779669000000000167e+00 1.532354000000000008e-02 1.703316000000000075e-03 0.000000000000000000e+00 3.882154999999999981e-03 0.000000000000000000e+00 9.193273999999999543e-03 1.144138500000000010e-02
2.785858000000000168e+00 1.571470000000000158e-02 1.766123000000000085e-03 0.000000000000000000e+00 3.797168000000000071e-03 0.000000000000000000e+00 9.213970999999999620e-03 1.191753200000000151e-02
2.792046000000000028e+00 1.613161000000000109e-02 1.829427000000000006e-03 0.000000000000000000e+00 3.711126999999999829e-03 0.000000000000000000e+00 9.231955000000000022e-03 1.242048300000000126e-02
2.798235000000000028e+00 1.657339000000000034e-02 1.893172999999999948e-03 0.000000000000000000e+00 3.624005000000000021e-03 0.000000000000000000e+00 9.247316000000000216e-03 1.294938500000000076e-02
2.804424000000000028e+00 1.706355999999999845e-02 1.957748999999999948e-03 0.000000000000000000e+00 3.534888999999999826e-03 0.000000000000000000e+00 9.258205000000000254e-03 1.352867099999999906e-02
2.810613000000000028e+00 1.758898000000000059e-02 2.022753999999999872e-03 0.000000000000000000e+00 3.444411999999999995e-03 0.000000000000000000e+00 9.266072000000000197e-03 1.414456799999999972e-02
2.816802000000000028e+00 1.814872000000000013e-02 2.088024999999999864e-03 0.000000000000000000e+00 3.352506999999999796e-03 0.000000000000000000e+00 9.270779999999999299e-03 1.479621300000000077e-02
2.822989999999999888e+00 1.875380000000000102e-02 2.153533000000000010e-03 0.000000000000000000e+00 3.258825999999999824e-03 0.000000000000000000e+00 9.271131999999999637e-03 1.549497400000000163e-02
2.829178999999999888e+00 1.941535000000000136e-02 2.218906000000000090e-03 0.000000000000000000e+00 3.163117999999999919e-03 0.000000000000000000e+00 9.265047999999999687e-03 1.625223200000000187e-02
2.835367999999999888e+00 2.012246000000000173e-02 2.283823999999999837e-03 0.000000000000000000e+00 3.066014000000000152e-03 0.000000000000000000e+00 9.253037000000000414e-03 1.705644600000000288e-02
2.841556999999999888e+00 2.087670000000000151e-02 2.347957999999999816e-03 0.000000000000000000e+00 2.967346000000000046e-03 0.000000000000000000e+00 9.234166000000000249e-03 1.790935400000000233e-02
2.847745000000000193e+00 2.168037999999999910e-02 2.411009999999999889e-03 0.000000000000000000e+00 2.867100000000000030e-03 0.000000000000000000e+00 9.207246000000000527e-03 1.881327999999999820e-02
2.853934000000000193e+00 2.254505999999999871e-02 2.472562000000000197e-03 0.000000000000000000e+00 2.764945999999999897e-03 0.000000000000000000e+00 9.168631999999999477e-03 1.978011399999999795e-02
2.860123000000000193e+00 2.346360999999999933e-02 2.531939999999999885e-03 0.000000000000000000e+00 2.661123000000000047e-03 0.000000000000000000e+00 9.117427000000000864e-03 2.080248699999999798e-02
2.866312000000000193e+00 2.443089999999999845e-02 2.588677000000000165e-03 0.000000000000000000e+00 2.555842000000000010e-03 0.000000000000000000e+00 9.052920000000000758e-03 2.187505799999999931e-02
2.872500000000000053e+00 2.544572999999999974e-02 2.641889000000000130e-03 0.000000000000000000e+00 2.449034000000000107e-03 0.000000000000000000e+00 8.973930999999999228e-03 2.299669600000000050e-02
2.878689000000000053e+00 2.650562999999999877e-02 2.690641000000000126e-03 0.000000000000000000e+00 2.340528000000000140e-03 0.000000000000000000e+00 8.879682999999999327e-03 2.416510199999999733e-02
2.884878000000000053e+00 2.760620000000000088e-02 2.733802999999999928e-03 0.000000000000000000e+00 2.230222000000000020e-03 0.000000000000000000e+00 8.769707999999999323e-03 2.537597800000000042e-02
2.891067000000000053e+00 2.874029999999999987e-02 2.770074999999999881e-03 0.000000000000000000e+00 2.118052000000000042e-03 0.000000000000000000e+00 8.643580999999999140e-03 2.662224800000000113e-02
2.897254999999999914e+00 2.989798999999999929e-02 2.798157999999999809e-03 0.000000000000000000e+00 2.004046000000000213e-03 0.000000000000000000e+00 8.500564999999999857e-03 2.789394400000000038e-02
2.903443999999999914e+00 3.106893999999999975e-02 2.816196999999999884e-03 0.000000000000000000e+00 1.888284000000000056e-03 0.000000000000000000e+00 8.340313999999999714e-03 2.918065599999999926e-02
2.909632999999999914e+00 3.223502000000000312e-02 2.822522999999999959e-03 0.000000000000000000e+00 1.770803999999999954e-03 0.000000000000000000e+00 8.161422999999999248e-03 3.046421600000000229e-02
2.915821999999999914e+00 3.336887000000000186e-02 2.815429999999999842e-03 0.000000000000000000e+00 1.651551000000000017e-03 0.000000000000000000e+00 7.961367000000000443e-03 3.171731900000000076e-02
2.922010000000000218e+00 3.444358000000000142e-02 2.792329000000000078e-03 0.000000000000000000e+00 1.530915000000000097e-03 0.000000000000000000e+00 7.740048000000000240e-03 3.291266500000000067e-02
2.928199000000000218e+00 3.542247999999999925e-02 2.750938999999999988e-03 0.000000000000000000e+00 1.409260999999999977e-03 0.000000000000000000e+00 7.496962000000000244e-03 3.401321899999999732e-02
2.934388000000000218e+00 3.626316999999999735e-02 2.688892999999999926e-03 0.000000000000000000e+00 1.286817999999999903e-03 0.000000000000000000e+00 7.231762000000000086e-03 3.497635199999999528e-02
2.940577000000000218e+00 3.691400999999999710e-02 2.603830000000000120e-03 0.000000000000000000e+00 1.163977999999999974e-03 0.000000000000000000e+00 6.944834999999999897e-03 3.575003199999999409e-02
2.946765000000000079e+00 3.728693000000000285e-02 2.491367999999999881e-03 0.000000000000000000e+00 1.041524999999999960e-03 0.000000000000000000e+00 6.635076000000000168e-03 3.624540500000000137e-02
2.952954000000000079e+00 3.731443999999999733e-02 2.350673000000000172e-03 0.000000000000000000e+00 9.202808999999999729e-04 0.000000000000000000e+00 6.303620000000000230e-03 3.639415909999999671e-02
2.959143000000000079e+00 3.693296000000000079e-02 2.181937000000000113e-03 0.000000000000000000e+00 8.009938000000000084e-04 0.000000000000000000e+00 5.951225000000000091e-03 3.613196620000000414e-02
2.965332000000000079e+00 3.606242999999999949e-02 1.985387999999999823e-03 0.000000000000000000e+00 6.846079000000000357e-04 0.000000000000000000e+00 5.578376000000000341e-03 3.537782209999999761e-02
2.971519999999999939e+00 3.455035000000000051e-02 1.759558000000000042e-03 0.000000000000000000e+00 5.724640999999999931e-04 0.000000000000000000e+00 5.182240999999999757e-03 3.397788589999999748e-02
2.977708999999999939e+00 3.233798000000000228e-02 1.509968999999999895e-03 0.000000000000000000e+00 4.659705000000000205e-04 0.000000000000000000e+00 4.763067000000000169e-03 3.187200949999999949e-02
2.983897999999999939e+00 2.943758000000000138e-02 1.244822999999999937e-03 0.000000000000000000e+00 3.658514999999999988e-04 0.000000000000000000e+00 4.321819000000000181e-03 2.907172850000000128e-02
2.990086999999999939e+00 2.572663000000000033e-02 9.728957000000000100e-04 0.000000000000000000e+00 2.750769999999999821e-04 0.000000000000000000e+00 3.850530999999999919e-03 2.545155300000000176e-02
2.996274999999999800e+00 2.142145999999999981e-02 7.084183999999999664e-04 0.000000000000000000e+00 1.939520000000000024e-04 0.000000000000000000e+00 3.350085999999999949e-03 2.122750799999999910e-02
3.002463999999999800e+00 1.666714000000000043e-02 4.703156999999999802e-04 0.000000000000000000e+00 1.259133000000000062e-04 0.000000000000000000e+00 2.810603000000000060e-03 1.654122670000000156e-02
3.008652999999999800e+00 1.182690999999999951e-02 2.704793000000000041e-04 0.000000000000000000e+00 7.111640000000000236e-05 0.000000000000000000e+00 2.233167999999999785e-03 1.175579359999999983e-02
3.014841999999999800e+00 7.365093999999999981e-03 1.292579999999999879e-04 0.000000000000000000e+00 3.334019000000000240e-05 0.000000000000000000e+00 1.613009000000000101e-03 7.331753810000000114e-03
3.021030000000000104e+00 3.709272999999999910e-03 4.399808000000000007e-05 0.000000000000000000e+00 1.082357999999999946e-05 0.000000000000000000e+00 9.790758999999999140e-04 3.698449419999999977e-03
3.027219000000000104e+00 1.196475000000000012e-03 7.172055999999999963e-06 0.000000000000000000e+00 1.491856999999999937e-06 0.000000000000000000e+00 3.961721000000000079e-04 1.194983143000000018e-03
3.033408000000000104e+00 5.204569000000000144e-05 1.829417999999999938e-08 0.000000000000000000e+00 1.296515000000000046e-09 0.000000000000000000e+00 2.327662999999999876e-05 5.204439348500000011e-05
