1.009 	2.2352e-06 	-2.48298e-07 	2.36418e-31 	2.22684e-06 	1.04268e-25 	2.22542e-06
1.01408 	4.72379e-06 	-6.98172e-07 	6.81688e-32 	4.69261e-06 	3.78213e-25 	4.69333e-06
1.01915 	7.40692e-06 	-1.39485e-06 	-1.02233e-23 	7.31724e-06 	4.20251e-25 	7.33663e-06
1.02423 	1.02225e-05 	-2.25964e-06 	-2.741e-23 	1.00501e-05 	3.04328e-25 	1.00994e-05
1.0293 	1.27204e-05 	-2.98869e-06 	-2.78446e-23 	1.24399e-05 	-1.01081e-24 	1.25465e-05
1.03438 	1.44942e-05 	-3.40841e-06 	9.89857e-24 	1.40481e-05 	-5.05895e-24 	1.42742e-05
1.03945 	1.6268e-05 	-3.82813e-06 	4.76418e-23 	1.56563e-05 	-9.10708e-24 	1.6002e-05
1.04453 	1.77278e-05 	-3.9185e-06 	7.66416e-23 	1.69376e-05 	-1.07395e-23 	1.74319e-05
1.0496 	1.86504e-05 	-3.44516e-06 	9.06756e-23 	1.76595e-05 	-8.23709e-24 	1.83522e-05
1.05468 	1.95729e-05 	-2.97181e-06 	1.0471e-22 	1.83813e-05 	-5.73465e-24 	1.92724e-05
1.05975 	2.04955e-05 	-2.49846e-06 	1.18744e-22 	1.91032e-05 	-3.23221e-24 	2.01926e-05
1.06483 	2.11789e-05 	-1.82941e-06 	1.10616e-22 	1.96127e-05 	-7.97912e-25 	2.08839e-05
1.0699 	2.17054e-05 	-1.03193e-06 	8.79461e-23 	1.99828e-05 	1.59168e-24 	2.14248e-05
1.07498 	2.22319e-05 	-2.34461e-07 	6.52764e-23 	2.0353e-05 	3.98126e-24 	2.19658e-05
1.08005 	2.27584e-05 	5.63013e-07 	4.26068e-23 	2.07231e-05 	6.37085e-24 	2.25067e-05
1.08513 	2.32849e-05 	1.36049e-06 	1.99371e-23 	2.10933e-05 	8.76044e-24 	2.30477e-05
1.0902 	2.36605e-05 	2.03535e-06 	1.19294e-23 	2.13511e-05 	8.14945e-24 	2.34222e-05
1.09528 	2.39925e-05 	2.67484e-06 	8.15074e-24 	2.15766e-05 	6.67297e-24 	2.37486e-05
1.10035 	2.43244e-05 	3.31434e-06 	4.37207e-24 	2.18021e-05 	5.19649e-24 	2.40751e-05
1.10543 	2.46564e-05 	3.95383e-06 	5.93401e-25 	2.20276e-05 	3.72002e-24 	2.44016e-05
1.1105 	2.49884e-05 	4.59333e-06 	-3.18527e-24 	2.22531e-05 	2.24354e-24 	2.4728e-05
1.11558 	2.53204e-05 	5.23282e-06 	-6.96394e-24 	2.24786e-05 	7.67065e-25 	2.50545e-05
1.12065 	2.55787e-05 	5.74602e-06 	-8.01831e-24 	2.26459e-05 	1.57523e-25 	2.52944e-05
1.12573 	2.57848e-05 	6.16991e-06 	-7.14646e-24 	2.2772e-05 	1.60955e-25 	2.54732e-05
1.1308 	2.5991e-05 	6.59381e-06 	-6.2746e-24 	2.2898e-05 	1.64387e-25 	2.56519e-05
1.13588 	2.61972e-05 	7.0177e-06 	-5.40275e-24 	2.30241e-05 	1.67818e-25 	2.58307e-05
1.14095 	2.64033e-05 	7.44159e-06 	-4.53089e-24 	2.31502e-05 	1.7125e-25 	2.60094e-05
1.14603 	2.66095e-05 	7.86549e-06 	-3.65903e-24 	2.32763e-05 	1.74682e-25 	2.61881e-05
1.15111 	2.68156e-05 	8.28938e-06 	-2.78718e-24 	2.34023e-05 	1.78113e-25 	2.63669e-05
1.15618 	2.70218e-05 	8.71327e-06 	-1.91532e-24 	2.35284e-05 	1.81545e-25 	2.65456e-05
1.16126 	2.71584e-05 	9.01705e-06 	-8.43244e-25 	2.36057e-05 	-1.53378e-24 	2.66525e-05
1.16633 	2.72572e-05 	9.25563e-06 	3.37504e-25 	2.36564e-05 	-4.18196e-24 	2.67203e-05
1.17141 	2.7356e-05 	9.49422e-06 	1.51825e-24 	2.37072e-05 	-6.83014e-24 	2.67881e-05
1.17648 	2.74548e-05 	9.7328e-06 	2.699e-24 	2.37579e-05 	-9.47833e-24 	2.6856e-05
1.18156 	2.75537e-05 	9.97138e-06 	3.87975e-24 	2.38087e-05 	-1.21265e-23 	2.69238e-05
1.18663 	2.76525e-05 	1.021e-05 	5.06049e-24 	2.38594e-05 	-1.47747e-23 	2.69916e-05
1.19171 	2.77513e-05 	1.04486e-05 	6.24124e-24 	2.39102e-05 	-1.74229e-23 	2.70594e-05
1.19678 	2.78502e-05 	1.06871e-05 	7.42199e-24 	2.3961e-05 	-2.00711e-23 	2.71273e-05
1.20186 	2.7949e-05 	1.09257e-05 	8.60274e-24 	2.40117e-05 	-2.27192e-23 	2.71951e-05
1.20693 	2.80478e-05 	1.11643e-05 	9.78348e-24 	2.40625e-05 	-2.53674e-23 	2.72629e-05
1.21201 	2.8101e-05 	1.13322e-05 	3.21676e-23 	2.40895e-05 	-2.56723e-23 	2.72922e-05
1.21708 	2.81026e-05 	1.14203e-05 	7.84517e-23 	2.40899e-05 	-2.33358e-23 	2.72781e-05
1.22216 	2.81043e-05 	1.15084e-05 	1.24736e-22 	2.40902e-05 	-2.09993e-23 	2.7264e-05
1.22723 	2.8106e-05 	1.15966e-05 	1.7102e-22 	2.40905e-05 	-1.86629e-23 	2.72499e-05
1.23231 	2.81076e-05 	1.16847e-05 	2.17304e-22 	2.40909e-05 	-1.63264e-23 	2.72358e-05
1.23738 	2.81093e-05 	1.17728e-05 	2.63588e-22 	2.40912e-05 	-1.39899e-23 	2.72217e-05
1.24246 	2.81109e-05 	1.1861e-05 	3.09872e-22 	2.40915e-05 	-1.16535e-23 	2.72076e-05
1.24753 	2.81126e-05 	1.19491e-05 	3.56156e-22 	2.40919e-05 	-9.31698e-24 	2.71935e-05
1.25261 	2.81143e-05 	1.20372e-05 	4.0244e-22 	2.40922e-05 	-6.98051e-24 	2.71794e-05
1.25768 	2.81159e-05 	1.21254e-05 	4.48724e-22 	2.40926e-05 	-4.64403e-24 	2.71653e-05
1.26276 	2.81176e-05 	1.22135e-05 	4.95008e-22 	2.40929e-05 	-2.30756e-24 	2.71512e-05
1.26783 	2.81192e-05 	1.23017e-05 	5.41293e-22 	2.40932e-05 	2.89155e-26 	2.71371e-05
1.27291 	2.81209e-05 	1.23898e-05 	5.87577e-22 	2.40936e-05 	2.36539e-24 	2.71229e-05
1.27798 	2.80905e-05 	1.24318e-05 	6.02516e-22 	2.40812e-05 	4.94281e-24 	2.70858e-05
1.28306 	2.80157e-05 	1.24098e-05 	5.7402e-22 	2.40513e-05 	7.85414e-24 	2.70169e-05
1.28814 	2.79408e-05 	1.23878e-05 	5.45524e-22 	2.40214e-05 	1.07655e-23 	2.69479e-05
1.29321 	2.7866e-05 	1.23658e-05 	5.17028e-22 	2.39914e-05 	1.36768e-23 	2.68789e-05
1.29829 	2.77911e-05 	1.23438e-05 	4.88532e-22 	2.39615e-05 	1.65881e-23 	2.68099e-05
1.30336 	2.77163e-05 	1.23218e-05 	4.60036e-22 	2.39316e-05 	1.94994e-23 	2.67409e-05
1.30844 	2.76415e-05 	1.22998e-05 	4.31539e-22 	2.39017e-05 	2.24108e-23 	2.6672e-05
1.31351 	2.75666e-05 	1.22778e-05 	4.03043e-22 	2.38718e-05 	2.53221e-23 	2.6603e-05
1.31859 	2.74918e-05 	1.22558e-05 	3.74547e-22 	2.38418e-05 	2.82334e-23 	2.6534e-05
1.32366 	2.74169e-05 	1.22338e-05 	3.46051e-22 	2.38119e-05 	3.11447e-23 	2.6465e-05
1.32874 	2.73421e-05 	1.22119e-05 	3.17555e-22 	2.3782e-05 	3.40561e-23 	2.63961e-05
1.33381 	2.72673e-05 	1.21899e-05 	2.89059e-22 	2.37521e-05 	3.69674e-23 	2.63271e-05
1.33889 	2.71924e-05 	1.21679e-05 	2.60563e-22 	2.37221e-05 	3.98787e-23 	2.62581e-05
1.34396 	2.71176e-05 	1.21459e-05 	2.32067e-22 	2.36922e-05 	4.279e-23 	2.61891e-05
1.34904 	2.70427e-05 	1.21239e-05 	2.03571e-22 	2.36623e-05 	4.57014e-23 	2.61201e-05
1.35411 	2.69679e-05 	1.21019e-05 	1.75074e-22 	2.36324e-05 	4.86127e-23 	2.60512e-05
1.35919 	2.68931e-05 	1.20799e-05 	1.46578e-22 	2.36024e-05 	5.1524e-23 	2.59822e-05
1.36426 	2.6789e-05 	1.20139e-05 	1.15465e-22 	2.35593e-05 	5.1443e-23 	2.5893e-05
1.36934 	2.66714e-05 	1.19276e-05 	8.31444e-23 	2.35099e-05 	4.99825e-23 	2.57944e-05
1.37441 	2.65538e-05 	1.18414e-05 	5.0824e-23 	2.34606e-05 	4.85219e-23 	2.56958e-05
1.37949 	2.64362e-05 	1.17551e-05 	1.85036e-23 	2.34113e-05 	4.70613e-23 	2.55972e-05
1.38456 	2.63186e-05 	1.16688e-05 	-1.38167e-23 	2.3362e-05 	4.56008e-23 	2.54987e-05
1.38964 	2.6201e-05 	1.15825e-05 	-4.61371e-23 	2.33127e-05 	4.41402e-23 	2.54001e-05
1.39471 	2.60834e-05 	1.14962e-05 	-7.84575e-23 	2.32634e-05 	4.26796e-23 	2.53015e-05
1.39979 	2.59658e-05 	1.141e-05 	-1.10778e-22 	2.3214e-05 	4.12191e-23 	2.5203e-05
1.40486 	2.58482e-05 	1.13237e-05 	-1.43098e-22 	2.31647e-05 	3.97585e-23 	2.51044e-05
1.40994 	2.57306e-05 	1.12374e-05 	-1.75419e-22 	2.31154e-05 	3.82979e-23 	2.50058e-05
1.41502 	2.5613e-05 	1.11511e-05 	-2.07739e-22 	2.30661e-05 	3.68374e-23 	2.49073e-05
1.42009 	2.54954e-05 	1.10649e-05 	-2.40059e-22 	2.30168e-05 	3.53768e-23 	2.48087e-05
1.42517 	2.53778e-05 	1.09786e-05 	-2.7238e-22 	2.29675e-05 	3.39162e-23 	2.47101e-05
1.43024 	2.52602e-05 	1.08923e-05 	-3.047e-22 	2.29181e-05 	3.24557e-23 	2.46115e-05
1.43532 	2.51427e-05 	1.0806e-05 	-3.3702e-22 	2.28688e-05 	3.09951e-23 	2.4513e-05
1.44039 	2.50251e-05 	1.07197e-05 	-3.69341e-22 	2.28195e-05 	2.95345e-23 	2.44144e-05
1.44547 	2.49075e-05 	1.06335e-05 	-4.01661e-22 	2.27702e-05 	2.80739e-23 	2.43158e-05
1.45054 	2.47899e-05 	1.05472e-05 	-4.33982e-22 	2.27209e-05 	2.66134e-23 	2.42173e-05
1.45562 	2.46723e-05 	1.04609e-05 	-4.66302e-22 	2.26716e-05 	2.51528e-23 	2.41187e-05
1.46069 	2.45547e-05 	1.03746e-05 	-4.98622e-22 	2.26223e-05 	2.36922e-23 	2.40201e-05
1.46577 	2.44371e-05 	1.02883e-05 	-5.30943e-22 	2.25729e-05 	2.22317e-23 	2.39216e-05
1.47084 	2.43181e-05 	1.01977e-05 	-5.5434e-22 	2.25203e-05 	2.07829e-23 	2.38212e-05
1.47592 	2.41944e-05 	1.00922e-05 	-5.4721e-22 	2.24562e-05 	1.93747e-23 	2.37145e-05
1.48099 	2.40706e-05 	9.98666e-06 	-5.4008e-22 	2.2392e-05 	1.79665e-23 	2.36079e-05
1.48607 	2.39469e-05 	9.88113e-06 	-5.32951e-22 	2.23279e-05 	1.65582e-23 	2.35012e-05
1.49114 	2.38231e-05 	9.7756e-06 	-5.25821e-22 	2.22638e-05 	1.515e-23 	2.33946e-05
1.49622 	2.36994e-05 	9.67008e-06 	-5.18691e-22 	2.21997e-05 	1.37418e-23 	2.32879e-05
1.50129 	2.35756e-05 	9.56455e-06 	-5.11561e-22 	2.21356e-05 	1.23335e-23 	2.31813e-05
1.50637 	2.34519e-05 	9.45902e-06 	-5.04432e-22 	2.20714e-05 	1.09253e-23 	2.30747e-05
1.51144 	2.33281e-05 	9.3535e-06 	-4.97302e-22 	2.20073e-05 	9.51705e-24 	2.2968e-05
1.51652 	2.32044e-05 	9.24797e-06 	-4.90172e-22 	2.19432e-05 	8.10881e-24 	2.28614e-05
1.52159 	2.30806e-05 	9.14244e-06 	-4.83042e-22 	2.18791e-05 	6.70057e-24 	2.27547e-05
1.52667 	2.29569e-05 	9.03692e-06 	-4.75912e-22 	2.1815e-05 	5.29234e-24 	2.26481e-05
1.53174 	2.28332e-05 	8.93139e-06 	-4.68783e-22 	2.17508e-05 	3.8841e-24 	2.25415e-05
1.53682 	2.27094e-05 	8.82586e-06 	-4.61653e-22 	2.16867e-05 	2.47586e-24 	2.24348e-05
1.54189 	2.25857e-05 	8.72034e-06 	-4.54523e-22 	2.16226e-05 	1.06762e-24 	2.23282e-05
1.54697 	2.24619e-05 	8.61481e-06 	-4.47393e-22 	2.15585e-05 	-3.40613e-25 	2.22215e-05
1.55205 	2.23382e-05 	8.50928e-06 	-4.40264e-22 	2.14944e-05 	-1.74885e-24 	2.21149e-05
1.55712 	2.22144e-05 	8.40376e-06 	-4.33134e-22 	2.14302e-05 	-3.15709e-24 	2.20082e-05
1.5622 	2.20907e-05 	8.29823e-06 	-4.26004e-22 	2.13661e-05 	-4.56532e-24 	2.19016e-05
1.56727 	2.19669e-05 	8.1927e-06 	-4.18874e-22 	2.1302e-05 	-5.97356e-24 	2.1795e-05
1.57235 	2.18432e-05 	8.08717e-06 	-4.11745e-22 	2.12379e-05 	-7.3818e-24 	2.16883e-05
1.57742 	2.17194e-05 	7.98165e-06 	-4.04615e-22 	2.11738e-05 	-8.79004e-24 	2.15817e-05
1.5825 	2.15957e-05 	7.87612e-06 	-3.97485e-22 	2.11096e-05 	-1.01983e-23 	2.1475e-05
1.58757 	2.1472e-05 	7.77059e-06 	-3.90355e-22 	2.10455e-05 	-1.16065e-23 	2.13684e-05
1.59265 	2.13482e-05 	7.66507e-06 	-3.83226e-22 	2.09814e-05 	-1.30147e-23 	2.12618e-05
1.59772 	2.12245e-05 	7.55954e-06 	-3.76096e-22 	2.09173e-05 	-1.4423e-23 	2.11551e-05
1.6028 	2.11007e-05 	7.45401e-06 	-3.68966e-22 	2.08532e-05 	-1.58312e-23 	2.10485e-05
1.60787 	2.0977e-05 	7.34849e-06 	-3.61836e-22 	2.0789e-05 	-1.72395e-23 	2.09418e-05
1.61295 	2.08671e-05 	7.25472e-06 	-3.57153e-22 	2.07183e-05 	-1.8217e-23 	2.08412e-05
1.61802 	2.07628e-05 	7.16574e-06 	-3.53464e-22 	2.06449e-05 	-1.90195e-23 	2.07431e-05
1.6231 	2.06585e-05 	7.07675e-06 	-3.49775e-22 	2.05715e-05 	-1.98221e-23 	2.0645e-05
1.62817 	2.05542e-05 	6.98776e-06 	-3.46086e-22 	2.04981e-05 	-2.06246e-23 	2.05469e-05
1.63325 	2.04499e-05 	6.89878e-06 	-3.42397e-22 	2.04247e-05 	-2.14271e-23 	2.04487e-05
1.63832 	2.03456e-05 	6.80979e-06 	-3.38709e-22 	2.03513e-05 	-2.22297e-23 	2.03506e-05
1.6434 	2.02413e-05 	6.7208e-06 	-3.3502e-22 	2.02779e-05 	-2.30322e-23 	2.02525e-05
1.64847 	2.0137e-05 	6.63181e-06 	-3.31331e-22 	2.02045e-05 	-2.38347e-23 	2.01544e-05
1.65355 	2.00327e-05 	6.54283e-06 	-3.27642e-22 	2.01311e-05 	-2.46373e-23 	2.00562e-05
1.65862 	1.99284e-05 	6.45384e-06 	-3.23953e-22 	2.00577e-05 	-2.54398e-23 	1.99581e-05
1.6637 	1.98242e-05 	6.36485e-06 	-3.20264e-22 	1.99842e-05 	-2.62424e-23 	1.986e-05
1.66877 	1.97199e-05 	6.27587e-06 	-3.16575e-22 	1.99108e-05 	-2.70449e-23 	1.97619e-05
1.67385 	1.96156e-05 	6.18688e-06 	-3.12886e-22 	1.98374e-05 	-2.78474e-23 	1.96637e-05
1.67892 	1.95113e-05 	6.09789e-06 	-3.09197e-22 	1.9764e-05 	-2.865e-23 	1.95656e-05
1.684 	1.9407e-05 	6.00891e-06 	-3.05508e-22 	1.96906e-05 	-2.94525e-23 	1.94675e-05
1.68908 	1.93027e-05 	5.91992e-06 	-3.01819e-22 	1.96172e-05 	-3.02551e-23 	1.93694e-05
1.69415 	1.91984e-05 	5.83093e-06 	-2.9813e-22 	1.95438e-05 	-3.10576e-23 	1.92713e-05
1.69923 	1.90941e-05 	5.74195e-06 	-2.94441e-22 	1.94704e-05 	-3.18601e-23 	1.91731e-05
1.7043 	1.89898e-05 	5.65296e-06 	-2.90752e-22 	1.9397e-05 	-3.26627e-23 	1.9075e-05
1.70938 	1.88855e-05 	5.56397e-06 	-2.87063e-22 	1.93236e-05 	-3.34652e-23 	1.89769e-05
1.71445 	1.87813e-05 	5.47499e-06 	-2.83374e-22 	1.92502e-05 	-3.42678e-23 	1.88788e-05
1.71953 	1.8677e-05 	5.386e-06 	-2.79685e-22 	1.91768e-05 	-3.50703e-23 	1.87806e-05
1.7246 	1.85727e-05 	5.29701e-06 	-2.75996e-22 	1.91034e-05 	-3.58728e-23 	1.86825e-05
1.72968 	1.84684e-05 	5.20803e-06 	-2.72307e-22 	1.903e-05 	-3.66754e-23 	1.85844e-05
1.73475 	1.83641e-05 	5.11904e-06 	-2.68619e-22 	1.89566e-05 	-3.74779e-23 	1.84863e-05
1.73983 	1.82598e-05 	5.03005e-06 	-2.6493e-22 	1.88831e-05 	-3.82805e-23 	1.83881e-05
1.7449 	1.81555e-05 	4.94107e-06 	-2.61241e-22 	1.88097e-05 	-3.9083e-23 	1.829e-05
1.74998 	1.80512e-05 	4.85208e-06 	-2.57552e-22 	1.87363e-05 	-3.98855e-23 	1.81919e-05
1.75505 	1.79469e-05 	4.76309e-06 	-2.53863e-22 	1.86629e-05 	-4.06881e-23 	1.80938e-05
1.76013 	1.78427e-05 	4.67411e-06 	-2.50174e-22 	1.85895e-05 	-4.14906e-23 	1.79956e-05
1.7652 	1.77384e-05 	4.58512e-06 	-2.46485e-22 	1.85161e-05 	-4.22932e-23 	1.78975e-05
1.77028 	1.76341e-05 	4.49613e-06 	-2.42796e-22 	1.84427e-05 	-4.30957e-23 	1.77994e-05
1.77535 	1.75298e-05 	4.40715e-06 	-2.39107e-22 	1.83693e-05 	-4.38982e-23 	1.77013e-05
1.78043 	1.74255e-05 	4.31816e-06 	-2.35418e-22 	1.82959e-05 	-4.47008e-23 	1.76031e-05
1.7855 	1.73212e-05 	4.22917e-06 	-2.31729e-22 	1.82225e-05 	-4.55033e-23 	1.7505e-05
1.79058 	1.72275e-05 	4.15514e-06 	-2.2249e-22 	1.81486e-05 	-4.5429e-23 	1.7414e-05
1.79565 	1.71479e-05 	4.10097e-06 	-2.05885e-22 	1.80741e-05 	-4.41907e-23 	1.73324e-05
1.80073 	1.70682e-05 	4.0468e-06 	-1.89279e-22 	1.79997e-05 	-4.29523e-23 	1.72508e-05
1.8058 	1.69886e-05 	3.99263e-06 	-1.72674e-22 	1.79252e-05 	-4.1714e-23 	1.71693e-05
1.81088 	1.69089e-05 	3.93846e-06 	-1.56068e-22 	1.78507e-05 	-4.04757e-23 	1.70877e-05
1.81595 	1.68293e-05 	3.88428e-06 	-1.39463e-22 	1.77763e-05 	-3.92374e-23 	1.70061e-05
1.82103 	1.67496e-05 	3.83011e-06 	-1.22857e-22 	1.77018e-05 	-3.7999e-23 	1.69245e-05
1.82611 	1.667e-05 	3.77594e-06 	-1.06251e-22 	1.76273e-05 	-3.67607e-23 	1.68429e-05
1.83118 	1.65904e-05 	3.72177e-06 	-8.96459e-23 	1.75528e-05 	-3.55224e-23 	1.67614e-05
1.83626 	1.65107e-05 	3.6676e-06 	-7.30404e-23 	1.74784e-05 	-3.42841e-23 	1.66798e-05
1.84133 	1.64311e-05 	3.61343e-06 	-5.64348e-23 	1.74039e-05 	-3.30457e-23 	1.65982e-05
1.84641 	1.63514e-05 	3.55925e-06 	-3.98292e-23 	1.73294e-05 	-3.18074e-23 	1.65166e-05
1.85148 	1.62718e-05 	3.50508e-06 	-2.32237e-23 	1.72549e-05 	-3.05691e-23 	1.6435e-05
1.85656 	1.61922e-05 	3.45091e-06 	-6.61811e-24 	1.71805e-05 	-2.93308e-23 	1.63535e-05
1.86163 	1.61125e-05 	3.39674e-06 	9.98745e-24 	1.7106e-05 	-2.80924e-23 	1.62719e-05
1.86671 	1.60329e-05 	3.34257e-06 	2.6593e-23 	1.70315e-05 	-2.68541e-23 	1.61903e-05
1.87178 	1.59532e-05 	3.28839e-06 	4.31986e-23 	1.6957e-05 	-2.56158e-23 	1.61087e-05
1.87686 	1.58736e-05 	3.23422e-06 	5.98041e-23 	1.68826e-05 	-2.43775e-23 	1.60271e-05
1.88193 	1.57939e-05 	3.18005e-06 	7.64097e-23 	1.68081e-05 	-2.31391e-23 	1.59456e-05
1.88701 	1.57143e-05 	3.12588e-06 	9.30153e-23 	1.67336e-05 	-2.19008e-23 	1.5864e-05
1.89208 	1.56347e-05 	3.07171e-06 	1.09621e-22 	1.66592e-05 	-2.06625e-23 	1.57824e-05
1.89716 	1.5555e-05 	3.01753e-06 	1.26226e-22 	1.65847e-05 	-1.94241e-23 	1.57008e-05
1.90223 	1.54754e-05 	2.96336e-06 	1.42832e-22 	1.65102e-05 	-1.81858e-23 	1.56192e-05
1.90731 	1.53957e-05 	2.90919e-06 	1.59438e-22 	1.64357e-05 	-1.69475e-23 	1.55377e-05
1.91238 	1.53161e-05 	2.85502e-06 	1.76043e-22 	1.63613e-05 	-1.57092e-23 	1.54561e-05
1.91746 	1.52364e-05 	2.80085e-06 	1.92649e-22 	1.62868e-05 	-1.44708e-23 	1.53745e-05
1.92253 	1.51568e-05 	2.74668e-06 	2.09254e-22 	1.62123e-05 	-1.32325e-23 	1.52929e-05
1.92761 	1.50772e-05 	2.6925e-06 	2.2586e-22 	1.61378e-05 	-1.19942e-23 	1.52114e-05
1.93268 	1.49975e-05 	2.63833e-06 	2.42465e-22 	1.60634e-05 	-1.07559e-23 	1.51298e-05
1.93776 	1.49179e-05 	2.58416e-06 	2.59071e-22 	1.59889e-05 	-9.51754e-24 	1.50482e-05
1.94283 	1.48382e-05 	2.52999e-06 	2.75676e-22 	1.59144e-05 	-8.27922e-24 	1.49666e-05
1.94791 	1.47586e-05 	2.47582e-06 	2.92282e-22 	1.584e-05 	-7.04089e-24 	1.4885e-05
1.95298 	1.46789e-05 	2.42164e-06 	3.08888e-22 	1.57655e-05 	-5.80256e-24 	1.48035e-05
1.95806 	1.45993e-05 	2.36747e-06 	3.25493e-22 	1.5691e-05 	-4.56424e-24 	1.47219e-05
1.96314 	1.45197e-05 	2.3133e-06 	3.42099e-22 	1.56165e-05 	-3.32591e-24 	1.46403e-05
1.96821 	1.444e-05 	2.25913e-06 	3.58704e-22 	1.55421e-05 	-2.08759e-24 	1.45587e-05
1.97329 	1.43604e-05 	2.20496e-06 	3.7531e-22 	1.54676e-05 	-8.4926e-25 	1.44771e-05
1.97836 	1.42807e-05 	2.15078e-06 	3.91915e-22 	1.53931e-05 	3.89066e-25 	1.43956e-05
1.98344 	1.42011e-05 	2.09661e-06 	4.08521e-22 	1.53186e-05 	1.62739e-24 	1.4314e-05
1.98851 	1.41215e-05 	2.04244e-06 	4.25127e-22 	1.52442e-05 	2.86572e-24 	1.42324e-05
1.99359 	1.40418e-05 	1.98827e-06 	4.41732e-22 	1.51697e-05 	4.10404e-24 	1.41508e-05
1.99866 	1.39622e-05 	1.9341e-06 	4.58338e-22 	1.50952e-05 	5.34237e-24 	1.40692e-05
2.00374 	1.38825e-05 	1.87993e-06 	4.74943e-22 	1.50207e-05 	6.5807e-24 	1.39877e-05
2.00881 	1.38029e-05 	1.82575e-06 	4.91549e-22 	1.49463e-05 	7.81902e-24 	1.39061e-05
2.01389 	1.37232e-05 	1.77158e-06 	5.08154e-22 	1.48718e-05 	9.05735e-24 	1.38245e-05
2.01896 	1.36457e-05 	1.72331e-06 	5.19118e-22 	1.47982e-05 	1.01612e-23 	1.37455e-05
2.02404 	1.35771e-05 	1.70025e-06 	5.05974e-22 	1.47285e-05 	1.06902e-23 	1.36774e-05
2.02911 	1.35084e-05 	1.6772e-06 	4.9283e-22 	1.46587e-05 	1.12193e-23 	1.36093e-05
2.03419 	1.34398e-05 	1.65414e-06 	4.79686e-22 	1.4589e-05 	1.17483e-23 	1.35412e-05
2.03926 	1.33712e-05 	1.63108e-06 	4.66542e-22 	1.45192e-05 	1.22774e-23 	1.34731e-05
2.04434 	1.33025e-05 	1.60803e-06 	4.53398e-22 	1.44495e-05 	1.28064e-23 	1.34049e-05
2.04941 	1.32339e-05 	1.58497e-06 	4.40254e-22 	1.43797e-05 	1.33355e-23 	1.33368e-05
2.05449 	1.31653e-05 	1.56192e-06 	4.27109e-22 	1.431e-05 	1.38645e-23 	1.32687e-05
2.05956 	1.30966e-05 	1.53886e-06 	4.13965e-22 	1.42402e-05 	1.43936e-23 	1.32006e-05
2.06464 	1.3028e-05 	1.5158e-06 	4.00821e-22 	1.41704e-05 	1.49227e-23 	1.31325e-05
2.06971 	1.29594e-05 	1.49275e-06 	3.87677e-22 	1.41007e-05 	1.54517e-23 	1.30644e-05
2.07479 	1.28907e-05 	1.46969e-06 	3.74533e-22 	1.40309e-05 	1.59808e-23 	1.29963e-05
2.07986 	1.28221e-05 	1.44663e-06 	3.61389e-22 	1.39612e-05 	1.65098e-23 	1.29282e-05
2.08494 	1.27535e-05 	1.42358e-06 	3.48244e-22 	1.38914e-05 	1.70389e-23 	1.28601e-05
2.09002 	1.26848e-05 	1.40052e-06 	3.351e-22 	1.38217e-05 	1.75679e-23 	1.2792e-05
2.09509 	1.26162e-05 	1.37746e-06 	3.21956e-22 	1.37519e-05 	1.8097e-23 	1.27239e-05
2.10017 	1.25476e-05 	1.35441e-06 	3.08812e-22 	1.36822e-05 	1.8626e-23 	1.26558e-05
2.10524 	1.2479e-05 	1.33135e-06 	2.95668e-22 	1.36124e-05 	1.91551e-23 	1.25876e-05
2.11032 	1.24103e-05 	1.30829e-06 	2.82524e-22 	1.35427e-05 	1.96841e-23 	1.25195e-05
2.11539 	1.23417e-05 	1.28524e-06 	2.69379e-22 	1.34729e-05 	2.02132e-23 	1.24514e-05
2.12047 	1.22731e-05 	1.26218e-06 	2.56235e-22 	1.34032e-05 	2.07422e-23 	1.23833e-05
2.12554 	1.22044e-05 	1.23913e-06 	2.43091e-22 	1.33334e-05 	2.12713e-23 	1.23152e-05
2.13062 	1.21358e-05 	1.21607e-06 	2.29947e-22 	1.32637e-05 	2.18003e-23 	1.22471e-05
2.13569 	1.20672e-05 	1.19301e-06 	2.16803e-22 	1.31939e-05 	2.23294e-23 	1.2179e-05
2.14077 	1.19985e-05 	1.16996e-06 	2.03659e-22 	1.31241e-05 	2.28585e-23 	1.21109e-05
2.14584 	1.19299e-05 	1.1469e-06 	1.90514e-22 	1.30544e-05 	2.33875e-23 	1.20428e-05
2.15092 	1.18613e-05 	1.12384e-06 	1.7737e-22 	1.29846e-05 	2.39166e-23 	1.19747e-05
2.15599 	1.17926e-05 	1.10079e-06 	1.64226e-22 	1.29149e-05 	2.44456e-23 	1.19066e-05
2.16107 	1.1724e-05 	1.07773e-06 	1.51082e-22 	1.28451e-05 	2.49747e-23 	1.18385e-05
2.16614 	1.16554e-05 	1.05467e-06 	1.37938e-22 	1.27754e-05 	2.55037e-23 	1.17704e-05
2.17122 	1.15867e-05 	1.03162e-06 	1.24794e-22 	1.27056e-05 	2.60328e-23 	1.17022e-05
2.17629 	1.15181e-05 	1.00856e-06 	1.11649e-22 	1.26359e-05 	2.65618e-23 	1.16341e-05
2.18137 	1.14495e-05 	9.85504e-07 	9.85053e-23 	1.25661e-05 	2.70909e-23 	1.1566e-05
2.18644 	1.13809e-05 	9.62448e-07 	8.53611e-23 	1.24964e-05 	2.76199e-23 	1.14979e-05
2.19152 	1.13122e-05 	9.39392e-07 	7.22169e-23 	1.24266e-05 	2.8149e-23 	1.14298e-05
2.19659 	1.12436e-05 	9.16335e-07 	5.90728e-23 	1.23569e-05 	2.8678e-23 	1.13617e-05
2.20167 	1.1175e-05 	8.93279e-07 	4.59286e-23 	1.22871e-05 	2.92071e-23 	1.12936e-05
2.20674 	1.11063e-05 	8.70222e-07 	3.27845e-23 	1.22174e-05 	2.97361e-23 	1.12255e-05
2.21182 	1.10377e-05 	8.47166e-07 	1.96403e-23 	1.21476e-05 	3.02652e-23 	1.11574e-05
2.21689 	1.09691e-05 	8.24109e-07 	6.49613e-24 	1.20778e-05 	3.07943e-23 	1.10893e-05
2.22197 	1.09004e-05 	8.01053e-07 	-6.64803e-24 	1.20081e-05 	3.13233e-23 	1.10212e-05
2.22705 	1.08318e-05 	7.77996e-07 	-1.97922e-23 	1.19383e-05 	3.18524e-23 	1.09531e-05
2.23212 	1.07632e-05 	7.5494e-07 	-3.29364e-23 	1.18686e-05 	3.23814e-23 	1.08849e-05
2.2372 	1.06945e-05 	7.31884e-07 	-4.60805e-23 	1.17988e-05 	3.29105e-23 	1.08168e-05
2.24227 	1.06259e-05 	7.08827e-07 	-5.92247e-23 	1.17291e-05 	3.34395e-23 	1.07487e-05
2.24735 	1.05573e-05 	6.85771e-07 	-7.23688e-23 	1.16593e-05 	3.39686e-23 	1.06806e-05
2.25242 	1.04927e-05 	6.81226e-07 	-7.67028e-23 	1.15961e-05 	3.27312e-23 	1.06212e-05
2.2575 	1.04283e-05 	6.77663e-07 	-8.05693e-23 	1.15332e-05 	3.14e-23 	1.05622e-05
2.26257 	1.03639e-05 	6.74101e-07 	-8.44358e-23 	1.14704e-05 	3.00689e-23 	1.05032e-05
2.26765 	1.02995e-05 	6.70538e-07 	-8.83022e-23 	1.14075e-05 	2.87377e-23 	1.04442e-05
2.27272 	1.02351e-05 	6.66976e-07 	-9.21687e-23 	1.13446e-05 	2.74066e-23 	1.03852e-05
2.2778 	1.01708e-05 	6.63413e-07 	-9.60351e-23 	1.12818e-05 	2.60755e-23 	1.03262e-05
2.28287 	1.01064e-05 	6.59851e-07 	-9.99016e-23 	1.12189e-05 	2.47443e-23 	1.02672e-05
2.28795 	1.0042e-05 	6.56288e-07 	-1.03768e-22 	1.1156e-05 	2.34132e-23 	1.02082e-05
2.29302 	9.97762e-06 	6.52726e-07 	-1.07635e-22 	1.10931e-05 	2.2082e-23 	1.01492e-05
2.2981 	9.91324e-06 	6.49163e-07 	-1.11501e-22 	1.10303e-05 	2.07509e-23 	1.00902e-05
2.30317 	9.84886e-06 	6.45601e-07 	-1.15367e-22 	1.09674e-05 	1.94197e-23 	1.00312e-05
2.30825 	9.78448e-06 	6.42038e-07 	-1.19234e-22 	1.09045e-05 	1.80886e-23 	9.97219e-06
2.31332 	9.72009e-06 	6.38476e-07 	-1.231e-22 	1.08416e-05 	1.67574e-23 	9.91319e-06
2.3184 	9.65571e-06 	6.34914e-07 	-1.26967e-22 	1.07788e-05 	1.54263e-23 	9.8542e-06
2.32347 	9.59133e-06 	6.31351e-07 	-1.30833e-22 	1.07159e-05 	1.40952e-23 	9.7952e-06
2.32855 	9.52695e-06 	6.27789e-07 	-1.347e-22 	1.0653e-05 	1.2764e-23 	9.7362e-06
2.33362 	9.46257e-06 	6.24226e-07 	-1.38566e-22 	1.05902e-05 	1.14329e-23 	9.6772e-06
2.3387 	9.39818e-06 	6.20664e-07 	-1.42433e-22 	1.05273e-05 	1.01017e-23 	9.61821e-06
2.34377 	9.3338e-06 	6.17101e-07 	-1.46299e-22 	1.04644e-05 	8.77058e-24 	9.55921e-06
2.34885 	9.26942e-06 	6.13539e-07 	-1.50166e-22 	1.04015e-05 	7.43944e-24 	9.50021e-06
2.35392 	9.20504e-06 	6.09976e-07 	-1.54032e-22 	1.03387e-05 	6.1083e-24 	9.44121e-06
2.359 	9.14066e-06 	6.06414e-07 	-1.57899e-22 	1.02758e-05 	4.77715e-24 	9.38222e-06
2.36408 	9.07627e-06 	6.02851e-07 	-1.61765e-22 	1.02129e-05 	3.44601e-24 	9.32322e-06
2.36915 	9.01189e-06 	5.99289e-07 	-1.65631e-22 	1.01501e-05 	2.11487e-24 	9.26422e-06
2.37423 	8.94751e-06 	5.95726e-07 	-1.69498e-22 	1.00872e-05 	7.83724e-25 	9.20522e-06
2.3793 	8.88313e-06 	5.92164e-07 	-1.73364e-22 	1.00243e-05 	-5.4742e-25 	9.14623e-06
2.38438 	8.81875e-06 	5.88601e-07 	-1.77231e-22 	9.96144e-06 	-1.87856e-24 	9.08723e-06
2.38945 	8.75436e-06 	5.85039e-07 	-1.81097e-22 	9.89857e-06 	-3.20971e-24 	9.02823e-06
2.39453 	8.68998e-06 	5.81476e-07 	-1.84964e-22 	9.8357e-06 	-4.54085e-24 	8.96923e-06
2.3996 	8.6256e-06 	5.77914e-07 	-1.8883e-22 	9.77283e-06 	-5.87199e-24 	8.91023e-06
2.40468 	8.56122e-06 	5.74351e-07 	-1.92697e-22 	9.70995e-06 	-7.20314e-24 	8.85124e-06
2.40975 	8.49684e-06 	5.70789e-07 	-1.96563e-22 	9.64708e-06 	-8.53428e-24 	8.79224e-06
2.41483 	8.43245e-06 	5.67226e-07 	-2.0043e-22 	9.58421e-06 	-9.86542e-24 	8.73324e-06
2.4199 	8.36807e-06 	5.63664e-07 	-2.04296e-22 	9.52134e-06 	-1.11966e-23 	8.67424e-06
2.42498 	8.30369e-06 	5.60101e-07 	-2.08163e-22 	9.45847e-06 	-1.25277e-23 	8.61525e-06
2.43005 	8.24543e-06 	5.64786e-07 	-2.04512e-22 	9.39987e-06 	-1.30002e-23 	8.56162e-06
2.43513 	8.19022e-06 	5.73566e-07 	-1.97127e-22 	9.3434e-06 	-1.30462e-23 	8.51067e-06
2.4402 	8.13501e-06 	5.82347e-07 	-1.89743e-22 	9.28693e-06 	-1.30923e-23 	8.45971e-06
2.44528 	8.0798e-06 	5.91127e-07 	-1.82359e-22 	9.23045e-06 	-1.31383e-23 	8.40875e-06
2.45035 	8.02459e-06 	5.99908e-07 	-1.74974e-22 	9.17398e-06 	-1.31843e-23 	8.3578e-06
2.45543 	7.96938e-06 	6.08689e-07 	-1.6759e-22 	9.11751e-06 	-1.32304e-23 	8.30684e-06
2.4605 	7.91417e-06 	6.17469e-07 	-1.60205e-22 	9.06104e-06 	-1.32764e-23 	8.25588e-06
2.46558 	7.85896e-06 	6.2625e-07 	-1.52821e-22 	9.00457e-06 	-1.33224e-23 	8.20493e-06
2.47065 	7.80375e-06 	6.3503e-07 	-1.45436e-22 	8.94809e-06 	-1.33684e-23 	8.15397e-06
2.47573 	7.74854e-06 	6.43811e-07 	-1.38052e-22 	8.89162e-06 	-1.34145e-23 	8.10301e-06
2.4808 	7.69332e-06 	6.52592e-07 	-1.30668e-22 	8.83515e-06 	-1.34605e-23 	8.05206e-06
2.48588 	7.63811e-06 	6.61372e-07 	-1.23283e-22 	8.77868e-06 	-1.35065e-23 	8.0011e-06
2.49095 	7.5829e-06 	6.70153e-07 	-1.15899e-22 	8.72221e-06 	-1.35525e-23 	7.95014e-06
2.49603 	7.52769e-06 	6.78933e-07 	-1.08514e-22 	8.66573e-06 	-1.35986e-23 	7.89919e-06
2.50111 	7.47248e-06 	6.87714e-07 	-1.0113e-22 	8.60926e-06 	-1.36446e-23 	7.84823e-06
2.50618 	7.41727e-06 	6.96495e-07 	-9.37455e-23 	8.55279e-06 	-1.36906e-23 	7.79727e-06
2.51126 	7.36206e-06 	7.05275e-07 	-8.63611e-23 	8.49632e-06 	-1.37367e-23 	7.74632e-06
2.51633 	7.30685e-06 	7.14056e-07 	-7.89766e-23 	8.43985e-06 	-1.37827e-23 	7.69536e-06
2.52141 	7.25164e-06 	7.22836e-07 	-7.15922e-23 	8.38337e-06 	-1.38287e-23 	7.6444e-06
2.52648 	7.19643e-06 	7.31617e-07 	-6.42078e-23 	8.3269e-06 	-1.38747e-23 	7.59345e-06
2.53156 	7.14121e-06 	7.40398e-07 	-5.68234e-23 	8.27043e-06 	-1.39208e-23 	7.54249e-06
2.53663 	7.086e-06 	7.49178e-07 	-4.94389e-23 	8.21396e-06 	-1.39668e-23 	7.49153e-06
2.54171 	7.03079e-06 	7.57959e-07 	-4.20545e-23 	8.15749e-06 	-1.40128e-23 	7.44058e-06
2.54678 	6.97558e-06 	7.66739e-07 	-3.46701e-23 	8.10101e-06 	-1.40589e-23 	7.38962e-06
2.55186 	6.92037e-06 	7.7552e-07 	-2.72857e-23 	8.04454e-06 	-1.41049e-23 	7.33866e-06
2.55693 	6.86516e-06 	7.84301e-07 	-1.99012e-23 	7.98807e-06 	-1.41509e-23 	7.28771e-06
2.56201 	6.80995e-06 	7.93081e-07 	-1.25168e-23 	7.9316e-06 	-1.41969e-23 	7.23675e-06
2.56708 	6.75648e-06 	8.03075e-07 	-6.22324e-24 	7.87609e-06 	-1.41383e-23 	7.18704e-06
2.57216 	6.71267e-06 	8.19778e-07 	-5.96513e-24 	7.8259e-06 	-1.35006e-23 	7.14418e-06
2.57723 	6.66887e-06 	8.36482e-07 	-5.70701e-24 	7.7757e-06 	-1.28629e-23 	7.10133e-06
2.58231 	6.62506e-06 	8.53186e-07 	-5.4489e-24 	7.72551e-06 	-1.22252e-23 	7.05848e-06
2.58738 	6.58125e-06 	8.6989e-07 	-5.19078e-24 	7.67532e-06 	-1.15875e-23 	7.01563e-06
2.59246 	6.53744e-06 	8.86594e-07 	-4.93267e-24 	7.62513e-06 	-1.09498e-23 	6.97278e-06
2.59753 	6.49363e-06 	9.03297e-07 	-4.67455e-24 	7.57493e-06 	-1.03121e-23 	6.92993e-06
2.60261 	6.44982e-06 	9.20001e-07 	-4.41643e-24 	7.52474e-06 	-9.67445e-24 	6.88708e-06
2.60768 	6.40602e-06 	9.36705e-07 	-4.15832e-24 	7.47455e-06 	-9.03676e-24 	6.84423e-06
2.61276 	6.36221e-06 	9.53409e-07 	-3.9002e-24 	7.42436e-06 	-8.39907e-24 	6.80138e-06
2.61783 	6.3184e-06 	9.70112e-07 	-3.64209e-24 	7.37417e-06 	-7.76138e-24 	6.75853e-06
2.62291 	6.27459e-06 	9.86816e-07 	-3.38397e-24 	7.32397e-06 	-7.12368e-24 	6.71568e-06
2.62798 	6.23078e-06 	1.00352e-06 	-3.12586e-24 	7.27378e-06 	-6.48599e-24 	6.67283e-06
2.63306 	6.18697e-06 	1.02022e-06 	-2.86774e-24 	7.22359e-06 	-5.8483e-24 	6.62998e-06
2.63814 	6.14317e-06 	1.03693e-06 	-2.60963e-24 	7.1734e-06 	-5.2106e-24 	6.58712e-06
2.64321 	6.09936e-06 	1.05363e-06 	-2.35151e-24 	7.1232e-06 	-4.57291e-24 	6.54427e-06
2.64829 	6.05555e-06 	1.07034e-06 	-2.0934e-24 	7.07301e-06 	-3.93522e-24 	6.50142e-06
2.65336 	6.01174e-06 	1.08704e-06 	-1.83528e-24 	7.02282e-06 	-3.29753e-24 	6.45857e-06
2.65844 	5.96793e-06 	1.10374e-06 	-1.57716e-24 	6.97263e-06 	-2.65983e-24 	6.41572e-06
2.66351 	5.92412e-06 	1.12045e-06 	-1.31905e-24 	6.92244e-06 	-2.02214e-24 	6.37287e-06
2.66859 	5.88032e-06 	1.13715e-06 	-1.06093e-24 	6.87224e-06 	-1.38445e-24 	6.33002e-06
2.67366 	5.83651e-06 	1.15385e-06 	-8.02819e-25 	6.82205e-06 	-7.46755e-25 	6.28717e-06
2.67874 	5.80212e-06 	1.17231e-06 	-7.05832e-25 	6.77838e-06 	-5.28991e-25 	6.25149e-06
2.68381 	5.77188e-06 	1.19153e-06 	-6.79618e-25 	6.73757e-06 	-4.9567e-25 	6.21895e-06
2.68889 	5.74163e-06 	1.21076e-06 	-6.53405e-25 	6.69675e-06 	-4.6235e-25 	6.18642e-06
2.69396 	5.71139e-06 	1.22998e-06 	-6.27191e-25 	6.65594e-06 	-4.2903e-25 	6.15389e-06
2.69904 	5.68114e-06 	1.24921e-06 	-6.00977e-25 	6.61513e-06 	-3.95709e-25 	6.12136e-06
2.70411 	5.65089e-06 	1.26843e-06 	-5.74763e-25 	6.57432e-06 	-3.62389e-25 	6.08882e-06
2.70919 	5.62065e-06 	1.28766e-06 	-5.48549e-25 	6.53351e-06 	-3.29069e-25 	6.05629e-06
2.71426 	5.5904e-06 	1.30688e-06 	-5.22335e-25 	6.49269e-06 	-2.95748e-25 	6.02376e-06
2.71934 	5.56016e-06 	1.32611e-06 	-4.96121e-25 	6.45188e-06 	-2.62428e-25 	5.99122e-06
2.72441 	5.52991e-06 	1.34533e-06 	-4.69907e-25 	6.41107e-06 	-2.29107e-25 	5.95869e-06
2.72949 	5.49967e-06 	1.36456e-06 	-4.43693e-25 	6.37026e-06 	-1.95787e-25 	5.92616e-06
2.73456 	5.46942e-06 	1.38378e-06 	-4.17479e-25 	6.32945e-06 	-1.62467e-25 	5.89363e-06
2.73964 	5.43917e-06 	1.40301e-06 	-3.91265e-25 	6.28864e-06 	-1.29146e-25 	5.86109e-06
2.74471 	5.40893e-06 	1.42223e-06 	-3.65051e-25 	6.24782e-06 	-9.58259e-26 	5.82856e-06
2.74979 	5.37868e-06 	1.44146e-06 	-3.38837e-25 	6.20701e-06 	-6.25055e-26 	5.79603e-06
2.75486 	5.34844e-06 	1.46068e-06 	-3.12623e-25 	6.1662e-06 	-2.91851e-26 	5.76349e-06
2.75994 	5.31819e-06 	1.47991e-06 	-2.86409e-25 	6.12539e-06 	4.1353e-27 	5.73096e-06
2.76502 	5.30388e-06 	1.4965e-06 	-2.83824e-25 	6.09797e-06 	4.92378e-25 	5.71195e-06
2.77009 	5.29023e-06 	1.51297e-06 	-2.82221e-25 	6.07112e-06 	9.99525e-25 	5.6935e-06
2.77517 	5.27658e-06 	1.52945e-06 	-2.80618e-25 	6.04426e-06 	1.50667e-24 	5.67506e-06
2.78024 	5.26294e-06 	1.54593e-06 	-2.79015e-25 	6.01741e-06 	2.01382e-24 	5.65661e-06
2.78532 	5.24929e-06 	1.56241e-06 	-2.77412e-25 	5.99055e-06 	2.52097e-24 	5.63816e-06
2.79039 	5.23564e-06 	1.57889e-06 	-2.75808e-25 	5.96369e-06 	3.02811e-24 	5.61971e-06
2.79547 	5.22199e-06 	1.59537e-06 	-2.74205e-25 	5.93684e-06 	3.53526e-24 	5.60127e-06
2.80054 	5.20834e-06 	1.61185e-06 	-2.72602e-25 	5.90998e-06 	4.04241e-24 	5.58282e-06
2.80562 	5.19469e-06 	1.62833e-06 	-2.70999e-25 	5.88313e-06 	4.54955e-24 	5.56437e-06
2.81069 	5.18105e-06 	1.64481e-06 	-2.69396e-25 	5.85627e-06 	5.0567e-24 	5.54592e-06
2.81577 	5.1674e-06 	1.66129e-06 	-2.67793e-25 	5.82941e-06 	5.56385e-24 	5.52748e-06
2.82084 	5.15375e-06 	1.67777e-06 	-2.66189e-25 	5.80256e-06 	6.07099e-24 	5.50903e-06
2.82592 	5.1401e-06 	1.69425e-06 	-2.64586e-25 	5.7757e-06 	6.57814e-24 	5.49058e-06
2.83099 	5.1429e-06 	1.70454e-06 	-7.82661e-25 	5.76229e-06 	5.30446e-24 	5.48592e-06
2.83607 	5.14734e-06 	1.71421e-06 	-1.35267e-24 	5.75022e-06 	3.85284e-24 	5.48264e-06
2.84114 	5.15178e-06 	1.72388e-06 	-1.92267e-24 	5.73816e-06 	2.40121e-24 	5.47936e-06
2.84622 	5.15622e-06 	1.73355e-06 	-2.49267e-24 	5.72609e-06 	9.49584e-25 	5.47607e-06
2.85129 	5.16066e-06 	1.74322e-06 	-3.06268e-24 	5.71402e-06 	-5.02043e-25 	5.47279e-06
2.85637 	5.1651e-06 	1.75289e-06 	-3.63268e-24 	5.70195e-06 	-1.95367e-24 	5.46951e-06
2.86144 	5.16954e-06 	1.76256e-06 	-4.20269e-24 	5.68989e-06 	-3.4053e-24 	5.46623e-06
2.86652 	5.17398e-06 	1.77223e-06 	-4.77269e-24 	5.67782e-06 	-4.85692e-24 	5.46295e-06
2.87159 	5.17843e-06 	1.7819e-06 	-5.3427e-24 	5.66575e-06 	-6.30855e-24 	5.45966e-06
2.87667 	5.18287e-06 	1.79157e-06 	-5.9127e-24 	5.65368e-06 	-7.76018e-24 	5.45638e-06
2.88174 	5.19486e-06 	1.79293e-06 	-5.0472e-24 	5.64483e-06 	-7.87307e-24 	5.45748e-06
2.88682 	5.20964e-06 	1.79124e-06 	-3.65362e-24 	5.63716e-06 	-7.49349e-24 	5.46019e-06
2.89189 	5.22442e-06 	1.78955e-06 	-2.26005e-24 	5.62949e-06 	-7.11392e-24 	5.4629e-06
2.89697 	5.2392e-06 	1.78785e-06 	-8.66479e-25 	5.62183e-06 	-6.73434e-24 	5.46562e-06
2.90205 	5.25397e-06 	1.78616e-06 	5.27093e-25 	5.61416e-06 	-6.35477e-24 	5.46833e-06
2.90712 	5.26875e-06 	1.78446e-06 	1.92067e-24 	5.60649e-06 	-5.97519e-24 	5.47104e-06
2.9122 	5.28353e-06 	1.78277e-06 	3.31424e-24 	5.59882e-06 	-5.59562e-24 	5.47375e-06
2.91727 	5.2983e-06 	1.78108e-06 	4.70781e-24 	5.59115e-06 	-5.21604e-24 	5.47646e-06
2.92235 	5.29591e-06 	1.7609e-06 	5.05327e-24 	5.56298e-06 	-2.99648e-24 	5.4594e-06
2.92742 	5.28906e-06 	1.73591e-06 	5.1259e-24 	5.52947e-06 	-2.97954e-25 	5.43718e-06
2.9325 	5.2822e-06 	1.71092e-06 	5.19853e-24 	5.49597e-06 	2.40057e-24 	5.41497e-06
2.93757 	5.27534e-06 	1.68593e-06 	5.27117e-24 	5.46246e-06 	5.0991e-24 	5.39276e-06
2.94265 	5.26848e-06 	1.66094e-06 	5.3438e-24 	5.42896e-06 	7.79763e-24 	5.37054e-06
2.94772 	5.26162e-06 	1.63595e-06 	5.41643e-24 	5.39545e-06 	1.04962e-23 	5.34833e-06
2.9528 	5.18982e-06 	1.58136e-06 	4.18906e-24 	5.29984e-06 	1.00233e-23 	5.26228e-06
2.95787 	5.07528e-06 	1.5073e-06 	2.10625e-24 	5.16336e-06 	7.46358e-24 	5.13423e-06
2.96295 	4.96074e-06 	1.43325e-06 	2.34485e-26 	5.02688e-06 	4.90386e-24 	5.00618e-06
2.96802 	4.84619e-06 	1.35919e-06 	-2.05936e-24 	4.89039e-06 	2.34414e-24 	4.87813e-06
2.9731 	4.73165e-06 	1.28513e-06 	-4.14216e-24 	4.75391e-06 	-2.15575e-25 	4.75008e-06
2.97817 	4.41789e-06 	1.15084e-06 	-3.56073e-24 	4.42879e-06 	-1.36743e-24 	4.42875e-06
2.98325 	4.04645e-06 	9.99119e-07 	-2.20782e-24 	4.04905e-06 	-2.11163e-24 	4.05145e-06
2.98832 	3.675e-06 	8.47395e-07 	-8.54916e-25 	3.66931e-06 	-2.85582e-24 	3.67414e-06
2.9934 	3.30128e-06 	6.95525e-07 	4.82113e-25 	3.28741e-06 	-3.57883e-24 	3.29464e-06
2.99847 	2.71331e-06 	5.29835e-07 	3.20926e-25 	2.70182e-06 	-2.30217e-24 	2.70761e-06
3.00355 	2.12534e-06 	3.64145e-07 	1.59739e-25 	2.11623e-06 	-1.02551e-24 	2.12057e-06
3.00862 	1.54541e-06 	2.04943e-07 	1.00927e-26 	1.53871e-06 	1.53113e-25 	1.54163e-06
3.0137 	1.06578e-06 	1.26575e-07 	4.2625e-27 	1.06167e-06 	1.10082e-25 	1.06344e-06
3.01877 	5.8614e-07 	4.82073e-08 	-1.56765e-27 	5.84625e-07 	6.70506e-26 	5.85262e-07
3.02385 	3.10057e-07 	1.88355e-08 	-1.46266e-27 	3.09495e-07 	3.24117e-26 	3.09724e-07
3.02892 	8.9915e-08 	2.92871e-09 	2.73429e-28 	8.98535e-08 	7.91922e-29 	8.98764e-08
3.034 	3.00277e-08 	8.67954e-10 	7.80507e-29 	3.001e-08 	9.71277e-30 	3.00166e-08
