0.007 	1.64003e-06 	2.02406e-07 	6.69027e-24 	1.69528e-06 	-1.78228e-23 	1.66688e-06
0.014584 	3.71202e-06 	5.51182e-07 	2.22183e-23 	3.85735e-06 	-7.11763e-23 	3.78287e-06
0.0221679 	5.17155e-06 	6.29732e-07 	8.03067e-24 	5.58214e-06 	-5.42603e-23 	5.37659e-06
0.0297519 	6.12629e-06 	5.34211e-07 	-3.83261e-23 	6.81222e-06 	3.3412e-23 	6.47187e-06
0.0373358 	6.72409e-06 	2.92839e-07 	-3.00919e-23 	7.75843e-06 	4.91213e-23 	7.24584e-06
0.0449198 	7.25292e-06 	3.17619e-08 	1.63435e-23 	8.6158e-06 	3.93161e-23 	7.94033e-06
0.0525038 	7.61138e-06 	-1.93822e-07 	4.48082e-23 	9.27174e-06 	8.1554e-24 	8.44751e-06
0.0600877 	7.95825e-06 	-4.51282e-07 	3.97057e-23 	9.93464e-06 	-2.31553e-24 	8.95139e-06
0.0676717 	8.27758e-06 	-7.14799e-07 	-5.30323e-24 	1.05791e-05 	1.30126e-23 	9.43142e-06
0.0752556 	8.55049e-06 	-9.17972e-07 	-6.83341e-23 	1.10824e-05 	9.54e-25 	9.81903e-06
0.0828396 	8.8155e-06 	-1.16296e-06 	-7.81086e-23 	1.1616e-05 	-4.28778e-24 	1.02172e-05
0.0904236 	9.08051e-06 	-1.40795e-06 	-8.78832e-23 	1.21497e-05 	-9.52956e-24 	1.06154e-05
0.0980075 	9.31192e-06 	-1.656e-06 	-2.92816e-23 	1.26897e-05 	-9.96605e-24 	1.09998e-05
0.105591 	9.54997e-06 	-1.85365e-06 	-2.98443e-23 	1.31021e-05 	-4.72171e-23 	1.13246e-05
0.113175 	9.78092e-06 	-2.09151e-06 	-1.93867e-23 	1.35566e-05 	-3.90424e-23 	1.16666e-05
0.120759 	1.00119e-05 	-2.32938e-06 	-8.929e-24 	1.40111e-05 	-3.08676e-23 	1.20086e-05
0.128343 	1.02428e-05 	-2.56725e-06 	1.52867e-24 	1.44655e-05 	-2.26928e-23 	1.23506e-05
0.135927 	1.04303e-05 	-2.80806e-06 	-6.52726e-24 	1.49593e-05 	-3.71079e-23 	1.26904e-05
0.143511 	1.06501e-05 	-3.01575e-06 	-2.26029e-24 	1.5332e-05 	1.59703e-23 	1.29841e-05
0.151095 	1.08692e-05 	-3.2337e-06 	1.68739e-25 	1.57115e-05 	4.5612e-23 	1.32819e-05
0.158679 	1.1086e-05 	-3.46106e-06 	5.57011e-25 	1.6102e-05 	5.40841e-23 	1.3585e-05
0.166263 	1.13028e-05 	-3.68842e-06 	9.45283e-25 	1.64926e-05 	6.25562e-23 	1.38881e-05
0.173847 	1.15196e-05 	-3.91579e-06 	1.33356e-24 	1.68832e-05 	7.10283e-23 	1.41912e-05
0.181431 	1.16999e-05 	-4.14421e-06 	-1.72526e-24 	1.73148e-05 	7.04443e-23 	1.44986e-05
0.189015 	1.18917e-05 	-4.366e-06 	3.65945e-24 	1.77072e-05 	7.4061e-23 	1.47904e-05
0.196599 	1.21082e-05 	-4.57779e-06 	2.22353e-23 	1.80333e-05 	8.57557e-23 	1.50579e-05
0.204183 	1.23231e-05 	-4.78923e-06 	3.28212e-23 	1.83574e-05 	8.51915e-23 	1.53249e-05
0.211767 	1.25353e-05 	-5.00014e-06 	3.09285e-23 	1.86781e-05 	6.54821e-23 	1.55912e-05
0.219351 	1.27475e-05 	-5.21104e-06 	2.90359e-23 	1.89989e-05 	4.57727e-23 	1.58574e-05
0.226935 	1.29597e-05 	-5.42195e-06 	2.71433e-23 	1.93197e-05 	2.60633e-23 	1.61237e-05
0.234519 	1.31666e-05 	-5.63298e-06 	2.35793e-23 	1.96463e-05 	2.35804e-24 	1.63912e-05
0.242103 	1.33489e-05 	-5.84461e-06 	1.21609e-23 	2.00002e-05 	-4.01251e-23 	1.66649e-05
0.249687 	1.35315e-05 	-6.05614e-06 	7.45714e-25 	2.03531e-05 	-8.25005e-23 	1.69381e-05
0.257271 	1.37507e-05 	-6.25903e-06 	-1.03979e-23 	2.06211e-05 	-1.15727e-22 	1.71769e-05
0.264855 	1.39699e-05 	-6.46193e-06 	-2.15416e-23 	2.0889e-05 	-1.48954e-22 	1.74158e-05
0.272439 	1.4189e-05 	-6.66478e-06 	-3.26422e-23 	2.11569e-05 	-1.8211e-22 	1.76546e-05
0.280023 	1.43975e-05 	-6.84977e-06 	-2.65692e-23 	2.13908e-05 	-1.87051e-22 	1.78761e-05
0.287607 	1.4606e-05 	-7.03476e-06 	-2.04961e-23 	2.16248e-05 	-1.91992e-22 	1.80977e-05
0.29519 	1.48145e-05 	-7.21975e-06 	-1.44231e-23 	2.18587e-05 	-1.96933e-22 	1.83192e-05
0.302774 	1.5023e-05 	-7.40474e-06 	-8.35009e-24 	2.20926e-05 	-2.01873e-22 	1.85408e-05
0.310358 	1.52265e-05 	-7.58974e-06 	5.76136e-24 	2.23287e-05 	-1.92387e-22 	1.87644e-05
0.317942 	1.5424e-05 	-7.77476e-06 	2.96478e-23 	2.25674e-05 	-1.65356e-22 	1.89905e-05
0.325526 	1.56215e-05 	-7.95979e-06 	5.35342e-23 	2.28061e-05 	-1.38325e-22 	1.92165e-05
0.33311 	1.58235e-05 	-8.14145e-06 	7.15524e-23 	2.30308e-05 	-1.14579e-22 	1.94349e-05
0.340694 	1.60405e-05 	-8.31205e-06 	7.02132e-23 	2.32091e-05 	-1.01666e-22 	1.9628e-05
0.348278 	1.62575e-05 	-8.48264e-06 	6.88741e-23 	2.33875e-05 	-8.87527e-23 	1.9821e-05
0.355862 	1.64744e-05 	-8.65323e-06 	6.7535e-23 	2.35658e-05 	-7.58397e-23 	2.00141e-05
0.363446 	1.66914e-05 	-8.82382e-06 	6.61959e-23 	2.37442e-05 	-6.29267e-23 	2.02071e-05
0.37103 	1.68929e-05 	-8.97319e-06 	6.61468e-23 	2.38886e-05 	-4.86332e-23 	2.03788e-05
0.378614 	1.7086e-05 	-9.11122e-06 	6.67869e-23 	2.40148e-05 	-3.3602e-23 	2.05392e-05
0.386198 	1.72791e-05 	-9.24925e-06 	6.74271e-23 	2.4141e-05 	-1.85707e-23 	2.06995e-05
0.393782 	1.74722e-05 	-9.38729e-06 	6.80673e-23 	2.42673e-05 	-3.53944e-24 	2.08598e-05
0.401366 	1.76647e-05 	-9.5224e-06 	6.75016e-23 	2.43873e-05 	1.05961e-23 	2.10178e-05
0.40895 	1.78548e-05 	-9.64747e-06 	6.27873e-23 	2.44859e-05 	2.16501e-23 	2.11677e-05
0.416534 	1.80449e-05 	-9.77254e-06 	5.80729e-23 	2.45846e-05 	3.27041e-23 	2.13176e-05
0.424118 	1.8235e-05 	-9.89761e-06 	5.33586e-23 	2.46833e-05 	4.37581e-23 	2.14675e-05
0.431702 	1.84251e-05 	-1.00227e-05 	4.86443e-23 	2.47819e-05 	5.48121e-23 	2.16174e-05
0.439286 	1.86167e-05 	-1.01408e-05 	4.1531e-23 	2.48663e-05 	6.66845e-23 	2.17572e-05
0.44687 	1.88105e-05 	-1.02477e-05 	3.05177e-23 	2.49276e-05 	7.98873e-23 	2.18804e-05
0.454454 	1.90044e-05 	-1.03546e-05 	1.95044e-23 	2.49889e-05 	9.30902e-23 	2.20036e-05
0.462038 	1.91983e-05 	-1.04615e-05 	8.49111e-24 	2.50501e-05 	1.06293e-22 	2.21268e-05
0.469622 	1.93921e-05 	-1.05684e-05 	-2.52217e-24 	2.51114e-05 	1.19496e-22 	2.22501e-05
0.477206 	1.9586e-05 	-1.06753e-05 	-1.35355e-23 	2.51726e-05 	1.32699e-22 	2.23733e-05
0.484789 	1.97798e-05 	-1.07822e-05 	-2.45488e-23 	2.52339e-05 	1.45902e-22 	2.24965e-05
0.492373 	1.99603e-05 	-1.0877e-05 	-3.37197e-23 	2.5282e-05 	1.56218e-22 	2.26072e-05
0.499957 	2.01059e-05 	-1.09401e-05 	-3.80779e-23 	2.52957e-05 	1.58995e-22 	2.26853e-05
0.507541 	2.02515e-05 	-1.10032e-05 	-4.24361e-23 	2.53094e-05 	1.61772e-22 	2.27633e-05
0.515125 	2.0397e-05 	-1.10664e-05 	-4.67944e-23 	2.5323e-05 	1.64549e-22 	2.28414e-05
0.522709 	2.05064e-05 	-1.10936e-05 	-3.61171e-23 	2.52969e-05 	1.54381e-22 	2.28827e-05
0.530293 	2.06133e-05 	-1.11182e-05 	-2.43801e-23 	2.5268e-05 	1.43302e-22 	2.29215e-05
0.537877 	2.07202e-05 	-1.11429e-05 	-1.26432e-23 	2.52391e-05 	1.32223e-22 	2.29603e-05
0.545461 	2.08271e-05 	-1.11676e-05 	-9.06289e-25 	2.52102e-05 	1.21143e-22 	2.29991e-05
0.553045 	2.0934e-05 	-1.11923e-05 	1.08306e-23 	2.51813e-05 	1.10064e-22 	2.30379e-05
0.560629 	2.10408e-05 	-1.12169e-05 	2.25676e-23 	2.51523e-05 	9.89844e-23 	2.30767e-05
0.568213 	2.11477e-05 	-1.12416e-05 	3.43045e-23 	2.51234e-05 	8.7905e-23 	2.31154e-05
0.575797 	2.12657e-05 	-1.12618e-05 	4.30131e-23 	2.50846e-05 	8.51437e-23 	2.31491e-05
0.583381 	2.13919e-05 	-1.12785e-05 	4.94306e-23 	2.50384e-05 	8.86754e-23 	2.31788e-05
0.590965 	2.15182e-05 	-1.12952e-05 	5.58482e-23 	2.49922e-05 	9.2207e-23 	2.32085e-05
0.598549 	2.16445e-05 	-1.13119e-05 	6.22657e-23 	2.4946e-05 	9.57387e-23 	2.32382e-05
0.606133 	2.17708e-05 	-1.13287e-05 	6.86833e-23 	2.48998e-05 	9.92703e-23 	2.32679e-05
0.613717 	2.18971e-05 	-1.13454e-05 	7.51008e-23 	2.48536e-05 	1.02802e-22 	2.32976e-05
0.621301 	2.20234e-05 	-1.13621e-05 	8.15184e-23 	2.48074e-05 	1.06334e-22 	2.33273e-05
0.628885 	2.21496e-05 	-1.13788e-05 	8.79359e-23 	2.47611e-05 	1.09865e-22 	2.3357e-05
0.636469 	2.22759e-05 	-1.13956e-05 	9.43535e-23 	2.47149e-05 	1.13397e-22 	2.33867e-05
0.644053 	2.24022e-05 	-1.14123e-05 	1.00771e-22 	2.46687e-05 	1.16929e-22 	2.34164e-05
0.651637 	2.25285e-05 	-1.1429e-05 	1.07189e-22 	2.46225e-05 	1.2046e-22 	2.34461e-05
0.659221 	2.26315e-05 	-1.14361e-05 	1.09525e-22 	2.45706e-05 	1.21198e-22 	2.3464e-05
0.666805 	2.26158e-05 	-1.13937e-05 	8.79075e-23 	2.44897e-05 	1.12918e-22 	2.34214e-05
0.674388 	2.25949e-05 	-1.1349e-05 	6.51616e-23 	2.44074e-05 	1.04382e-22 	2.33762e-05
0.681972 	2.25741e-05 	-1.13043e-05 	4.24157e-23 	2.43251e-05 	9.58452e-23 	2.33309e-05
0.689556 	2.25532e-05 	-1.12597e-05 	1.96697e-23 	2.42429e-05 	8.73087e-23 	2.32857e-05
0.69714 	2.25323e-05 	-1.1215e-05 	-3.07619e-24 	2.41606e-05 	7.87722e-23 	2.32405e-05
0.704724 	2.25114e-05 	-1.11704e-05 	-2.58221e-23 	2.40783e-05 	7.02356e-23 	2.31952e-05
0.712308 	2.24905e-05 	-1.11257e-05 	-4.85681e-23 	2.39961e-05 	6.16991e-23 	2.315e-05
0.719892 	2.24697e-05 	-1.1081e-05 	-7.1314e-23 	2.39138e-05 	5.31626e-23 	2.31048e-05
0.727476 	2.24488e-05 	-1.10364e-05 	-9.40599e-23 	2.38316e-05 	4.46261e-23 	2.30595e-05
0.73506 	2.24279e-05 	-1.09917e-05 	-1.16806e-22 	2.37493e-05 	3.60896e-23 	2.30143e-05
0.742644 	2.2407e-05 	-1.09471e-05 	-1.39552e-22 	2.3667e-05 	2.7553e-23 	2.29691e-05
0.750228 	2.24103e-05 	-1.09049e-05 	-1.83557e-22 	2.35823e-05 	2.95813e-23 	2.29265e-05
0.757812 	2.24267e-05 	-1.0864e-05 	-2.3912e-22 	2.34963e-05 	3.73536e-23 	2.28853e-05
0.765396 	2.24431e-05 	-1.08232e-05 	-2.94684e-22 	2.34102e-05 	4.5126e-23 	2.28442e-05
0.77298 	2.24595e-05 	-1.07823e-05 	-3.50247e-22 	2.33241e-05 	5.28984e-23 	2.2803e-05
0.780564 	2.2476e-05 	-1.07415e-05 	-4.05811e-22 	2.32381e-05 	6.06708e-23 	2.27619e-05
0.788148 	2.24924e-05 	-1.07006e-05 	-4.61374e-22 	2.3152e-05 	6.84432e-23 	2.27207e-05
0.795732 	2.25088e-05 	-1.06598e-05 	-5.16938e-22 	2.3066e-05 	7.62155e-23 	2.26796e-05
0.803316 	2.25252e-05 	-1.06189e-05 	-5.72501e-22 	2.29799e-05 	8.39879e-23 	2.26384e-05
0.8109 	2.25416e-05 	-1.05781e-05 	-6.28065e-22 	2.28938e-05 	9.17603e-23 	2.25973e-05
0.818484 	2.25581e-05 	-1.05372e-05 	-6.83628e-22 	2.28078e-05 	9.95327e-23 	2.25561e-05
0.826068 	2.25745e-05 	-1.04964e-05 	-7.39192e-22 	2.27217e-05 	1.07305e-22 	2.25149e-05
0.833652 	2.25909e-05 	-1.04556e-05 	-7.94755e-22 	2.26356e-05 	1.15077e-22 	2.24738e-05
0.841236 	2.25799e-05 	-1.04092e-05 	-8.2056e-22 	2.25523e-05 	1.17289e-22 	2.24254e-05
0.84882 	2.25495e-05 	-1.03589e-05 	-8.25335e-22 	2.2471e-05 	1.1557e-22 	2.23719e-05
0.856404 	2.25191e-05 	-1.03087e-05 	-8.30109e-22 	2.23896e-05 	1.13851e-22 	2.23184e-05
0.863987 	2.24888e-05 	-1.02584e-05 	-8.34884e-22 	2.23082e-05 	1.12132e-22 	2.22649e-05
0.871571 	2.24584e-05 	-1.02081e-05 	-8.39659e-22 	2.22268e-05 	1.10413e-22 	2.22114e-05
0.879155 	2.2428e-05 	-1.01579e-05 	-8.44433e-22 	2.21454e-05 	1.08694e-22 	2.21579e-05
0.886739 	2.23802e-05 	-1.01044e-05 	-8.2453e-22 	2.20658e-05 	1.02748e-22 	2.20993e-05
0.894323 	2.23112e-05 	-1.0047e-05 	-7.7457e-22 	2.19884e-05 	9.16535e-23 	2.20346e-05
0.901907 	2.22422e-05 	-9.98962e-06 	-7.24609e-22 	2.19109e-05 	8.05589e-23 	2.19698e-05
0.909491 	2.21732e-05 	-9.93224e-06 	-6.74649e-22 	2.18334e-05 	6.94644e-23 	2.1905e-05
0.917075 	2.21042e-05 	-9.87485e-06 	-6.24688e-22 	2.1756e-05 	5.83698e-23 	2.18402e-05
0.924659 	2.20351e-05 	-9.81747e-06 	-5.74728e-22 	2.16785e-05 	4.72752e-23 	2.17755e-05
0.932243 	2.19661e-05 	-9.76008e-06 	-5.24767e-22 	2.1601e-05 	3.61807e-23 	2.17107e-05
0.939827 	2.18971e-05 	-9.7027e-06 	-4.74807e-22 	2.15235e-05 	2.50861e-23 	2.16459e-05
0.947411 	2.18281e-05 	-9.64531e-06 	-4.24846e-22 	2.14461e-05 	1.39915e-23 	2.15811e-05
0.954995 	2.17591e-05 	-9.58792e-06 	-3.74886e-22 	2.13686e-05 	2.89695e-24 	2.15164e-05
0.962579 	2.16901e-05 	-9.53054e-06 	-3.24926e-22 	2.12911e-05 	-8.19762e-24 	2.14516e-05
0.970163 	2.16236e-05 	-9.47396e-06 	-2.79815e-22 	2.1214e-05 	-1.90815e-23 	2.13874e-05
0.977747 	2.15758e-05 	-9.42327e-06 	-2.70223e-22 	2.11395e-05 	-2.84227e-23 	2.13274e-05
0.985331 	2.15279e-05 	-9.37259e-06 	-2.6063e-22 	2.10649e-05 	-3.77638e-23 	2.12674e-05
0.992915 	2.14801e-05 	-9.3219e-06 	-2.51038e-22 	2.09903e-05 	-4.7105e-23 	2.12074e-05
1.0005 	2.14322e-05 	-9.27121e-06 	-2.41445e-22 	2.09158e-05 	-5.64461e-23 	2.11473e-05
1.00808 	2.13844e-05 	-9.22053e-06 	-2.31853e-22 	2.08412e-05 	-6.57873e-23 	2.10873e-05
1.01567 	2.13365e-05 	-9.16984e-06 	-2.22261e-22 	2.07667e-05 	-7.51284e-23 	2.10273e-05
1.02325 	2.12887e-05 	-9.11916e-06 	-2.12668e-22 	2.06921e-05 	-8.44696e-23 	2.09673e-05
1.03083 	2.12408e-05 	-9.06847e-06 	-2.03076e-22 	2.06175e-05 	-9.38107e-23 	2.09073e-05
1.03842 	2.1193e-05 	-9.01778e-06 	-1.93483e-22 	2.0543e-05 	-1.03152e-22 	2.08473e-05
1.046 	2.11451e-05 	-8.9671e-06 	-1.83891e-22 	2.04684e-05 	-1.12493e-22 	2.07872e-05
1.05359 	2.1097e-05 	-8.91678e-06 	-1.74954e-22 	2.03938e-05 	-1.2051e-22 	2.07271e-05
1.06117 	2.10472e-05 	-8.86869e-06 	-1.69978e-22 	2.03193e-05 	-1.20524e-22 	2.06664e-05
1.06875 	2.09973e-05 	-8.82061e-06 	-1.65002e-22 	2.02447e-05 	-1.20537e-22 	2.06056e-05
1.07634 	2.09475e-05 	-8.77252e-06 	-1.60026e-22 	2.01701e-05 	-1.2055e-22 	2.05449e-05
1.08392 	2.08977e-05 	-8.72443e-06 	-1.5505e-22 	2.00955e-05 	-1.20564e-22 	2.04841e-05
1.09151 	2.08478e-05 	-8.67634e-06 	-1.50075e-22 	2.00209e-05 	-1.20577e-22 	2.04234e-05
1.09909 	2.0798e-05 	-8.62826e-06 	-1.45099e-22 	1.99463e-05 	-1.20591e-22 	2.03626e-05
1.10667 	2.07482e-05 	-8.58017e-06 	-1.40123e-22 	1.98718e-05 	-1.20604e-22 	2.03019e-05
1.11426 	2.06984e-05 	-8.53208e-06 	-1.35147e-22 	1.97972e-05 	-1.20617e-22 	2.02411e-05
1.12184 	2.06485e-05 	-8.48399e-06 	-1.30171e-22 	1.97226e-05 	-1.20631e-22 	2.01803e-05
1.12943 	2.05987e-05 	-8.43591e-06 	-1.25196e-22 	1.9648e-05 	-1.20644e-22 	2.01196e-05
1.13701 	2.05489e-05 	-8.38782e-06 	-1.2022e-22 	1.95734e-05 	-1.20657e-22 	2.00588e-05
1.14459 	2.0499e-05 	-8.33973e-06 	-1.15244e-22 	1.94988e-05 	-1.20671e-22 	1.99981e-05
1.15218 	2.04492e-05 	-8.29164e-06 	-1.10268e-22 	1.94243e-05 	-1.20684e-22 	1.99373e-05
1.15976 	2.03994e-05 	-8.24356e-06 	-1.05292e-22 	1.93497e-05 	-1.20698e-22 	1.98766e-05
1.16735 	2.03496e-05 	-8.19547e-06 	-1.00316e-22 	1.92751e-05 	-1.20711e-22 	1.98158e-05
1.17493 	2.02997e-05 	-8.14738e-06 	-9.53406e-23 	1.92005e-05 	-1.20724e-22 	1.97551e-05
1.18251 	2.02499e-05 	-8.09929e-06 	-9.03648e-23 	1.91259e-05 	-1.20738e-22 	1.96943e-05
1.1901 	2.02001e-05 	-8.05121e-06 	-8.5389e-23 	1.90513e-05 	-1.20751e-22 	1.96336e-05
1.19768 	2.01502e-05 	-8.00312e-06 	-8.04132e-23 	1.89767e-05 	-1.20764e-22 	1.95728e-05
1.20527 	2.00938e-05 	-7.9543e-06 	-7.27253e-23 	1.8903e-05 	-1.11512e-22 	1.95091e-05
1.21285 	2.00374e-05 	-7.90547e-06 	-6.50159e-23 	1.88292e-05 	-1.02186e-22 	1.94453e-05
1.22043 	1.99809e-05 	-7.85664e-06 	-5.73064e-23 	1.87555e-05 	-9.28607e-23 	1.93815e-05
1.22802 	1.99244e-05 	-7.80781e-06 	-4.9597e-23 	1.86817e-05 	-8.3535e-23 	1.93178e-05
1.2356 	1.9868e-05 	-7.75899e-06 	-4.18876e-23 	1.86079e-05 	-7.42092e-23 	1.9254e-05
1.24319 	1.98115e-05 	-7.71016e-06 	-3.41782e-23 	1.85342e-05 	-6.48835e-23 	1.91902e-05
1.25077 	1.9755e-05 	-7.66133e-06 	-2.64687e-23 	1.84604e-05 	-5.55578e-23 	1.91265e-05
1.25835 	1.96987e-05 	-7.61262e-06 	-1.89209e-23 	1.83868e-05 	-4.63408e-23 	1.90628e-05
1.26594 	1.96467e-05 	-7.56744e-06 	-1.61941e-23 	1.83188e-05 	-4.03686e-23 	1.90024e-05
1.27352 	1.95947e-05 	-7.52226e-06 	-1.34673e-23 	1.82509e-05 	-3.43963e-23 	1.89419e-05
1.28111 	1.95427e-05 	-7.47708e-06 	-1.07405e-23 	1.81829e-05 	-2.84241e-23 	1.88814e-05
1.28869 	1.94907e-05 	-7.4319e-06 	-8.01364e-24 	1.81149e-05 	-2.24519e-23 	1.8821e-05
1.29627 	1.94387e-05 	-7.38672e-06 	-5.28682e-24 	1.80469e-05 	-1.64796e-23 	1.87605e-05
1.30386 	1.93867e-05 	-7.34153e-06 	-2.56001e-24 	1.79789e-05 	-1.05074e-23 	1.87e-05
1.31144 	1.93347e-05 	-7.29635e-06 	1.66809e-25 	1.7911e-05 	-4.53518e-24 	1.86396e-05
1.31903 	1.92858e-05 	-7.25796e-06 	1.81746e-24 	1.78392e-05 	-4.25475e-24 	1.85788e-05
1.32661 	1.92372e-05 	-7.22023e-06 	3.36441e-24 	1.77671e-05 	-4.52276e-24 	1.8518e-05
1.33419 	1.91886e-05 	-7.18249e-06 	4.91136e-24 	1.76951e-05 	-4.79078e-24 	1.84572e-05
1.34178 	1.914e-05 	-7.14476e-06 	6.45831e-24 	1.7623e-05 	-5.0588e-24 	1.83964e-05
1.34936 	1.90914e-05 	-7.10702e-06 	8.00527e-24 	1.75509e-05 	-5.32682e-24 	1.83356e-05
1.35694 	1.90429e-05 	-7.06929e-06 	9.55222e-24 	1.74788e-05 	-5.59483e-24 	1.82748e-05
1.36453 	1.89943e-05 	-7.03155e-06 	1.10992e-23 	1.74067e-05 	-5.86285e-24 	1.82139e-05
1.37211 	1.89457e-05 	-6.99382e-06 	1.26461e-23 	1.73346e-05 	-6.13087e-24 	1.81531e-05
1.3797 	1.88971e-05 	-6.95608e-06 	1.41931e-23 	1.72625e-05 	-6.39889e-24 	1.80923e-05
1.38728 	1.88485e-05 	-6.91835e-06 	1.574e-23 	1.71904e-05 	-6.66691e-24 	1.80315e-05
1.39486 	1.87999e-05 	-6.88062e-06 	1.7287e-23 	1.71184e-05 	-6.93492e-24 	1.79707e-05
1.40245 	1.87513e-05 	-6.84288e-06 	1.88339e-23 	1.70463e-05 	-7.20294e-24 	1.79099e-05
1.41003 	1.87027e-05 	-6.80515e-06 	2.03809e-23 	1.69742e-05 	-7.47096e-24 	1.78491e-05
1.41762 	1.86541e-05 	-6.76741e-06 	2.19278e-23 	1.69021e-05 	-7.73898e-24 	1.77883e-05
1.4252 	1.86055e-05 	-6.72968e-06 	2.34748e-23 	1.683e-05 	-8.007e-24 	1.77275e-05
1.43278 	1.8557e-05 	-6.69194e-06 	2.50217e-23 	1.67579e-05 	-8.27501e-24 	1.76667e-05
1.44037 	1.85084e-05 	-6.65421e-06 	2.65687e-23 	1.66858e-05 	-8.54303e-24 	1.76059e-05
1.44795 	1.84598e-05 	-6.61647e-06 	2.81156e-23 	1.66138e-05 	-8.81105e-24 	1.7545e-05
1.45554 	1.84112e-05 	-6.57874e-06 	2.96626e-23 	1.65417e-05 	-9.07907e-24 	1.74842e-05
1.46312 	1.83626e-05 	-6.541e-06 	3.12095e-23 	1.64696e-05 	-9.34708e-24 	1.74234e-05
1.4707 	1.8314e-05 	-6.50327e-06 	3.27565e-23 	1.63975e-05 	-9.6151e-24 	1.73626e-05
1.47829 	1.82654e-05 	-6.46553e-06 	3.43035e-23 	1.63254e-05 	-9.88312e-24 	1.73018e-05
1.48587 	1.82168e-05 	-6.4278e-06 	3.58504e-23 	1.62533e-05 	-1.01511e-23 	1.7241e-05
1.49346 	1.81682e-05 	-6.39006e-06 	3.73974e-23 	1.61812e-05 	-1.04192e-23 	1.71802e-05
1.50104 	1.81196e-05 	-6.35233e-06 	3.89443e-23 	1.61091e-05 	-1.06872e-23 	1.71194e-05
1.50862 	1.80711e-05 	-6.31459e-06 	4.04913e-23 	1.60371e-05 	-1.09552e-23 	1.70586e-05
1.51621 	1.80225e-05 	-6.27686e-06 	4.20382e-23 	1.5965e-05 	-1.12232e-23 	1.69978e-05
1.52379 	1.79739e-05 	-6.23912e-06 	4.35852e-23 	1.58929e-05 	-1.14912e-23 	1.6937e-05
1.53138 	1.79253e-05 	-6.20139e-06 	4.51321e-23 	1.58208e-05 	-1.17592e-23 	1.68762e-05
1.53896 	1.78767e-05 	-6.16365e-06 	4.66791e-23 	1.57487e-05 	-1.20273e-23 	1.68153e-05
1.54654 	1.78281e-05 	-6.12592e-06 	4.8226e-23 	1.56766e-05 	-1.22953e-23 	1.67545e-05
1.55413 	1.77795e-05 	-6.08819e-06 	4.9773e-23 	1.56045e-05 	-1.25633e-23 	1.66937e-05
1.56171 	1.77309e-05 	-6.05045e-06 	5.13199e-23 	1.55324e-05 	-1.28313e-23 	1.66329e-05
1.5693 	1.76823e-05 	-6.01272e-06 	5.28669e-23 	1.54604e-05 	-1.30993e-23 	1.65721e-05
1.57688 	1.76338e-05 	-5.97489e-06 	5.46709e-23 	1.53883e-05 	-1.33813e-23 	1.65113e-05
1.58446 	1.75856e-05 	-5.93572e-06 	6.00698e-23 	1.53167e-05 	-1.38588e-23 	1.64511e-05
1.59205 	1.75375e-05 	-5.89655e-06 	6.54686e-23 	1.52451e-05 	-1.43364e-23 	1.63908e-05
1.59963 	1.74894e-05 	-5.85739e-06 	7.08675e-23 	1.51734e-05 	-1.48139e-23 	1.63305e-05
1.60722 	1.74412e-05 	-5.81822e-06 	7.62664e-23 	1.51018e-05 	-1.52914e-23 	1.62702e-05
1.6148 	1.73931e-05 	-5.77906e-06 	8.16652e-23 	1.50302e-05 	-1.57689e-23 	1.62099e-05
1.62238 	1.73449e-05 	-5.74006e-06 	8.72223e-23 	1.49584e-05 	-1.59229e-23 	1.61495e-05
1.62997 	1.72963e-05 	-5.70445e-06 	9.59191e-23 	1.48825e-05 	-9.65322e-24 	1.60857e-05
1.63755 	1.72437e-05 	-5.66856e-06 	1.42433e-22 	1.48051e-05 	-9.04883e-24 	1.60196e-05
1.64514 	1.71879e-05 	-5.63419e-06 	1.76199e-22 	1.47288e-05 	-9.07051e-24 	1.5953e-05
1.65272 	1.71292e-05 	-5.60199e-06 	1.80372e-22 	1.46546e-05 	-8.08765e-24 	1.58865e-05
1.6603 	1.70705e-05 	-5.56979e-06 	1.84544e-22 	1.45804e-05 	-7.10479e-24 	1.58201e-05
1.66789 	1.70118e-05 	-5.53758e-06 	1.88717e-22 	1.45062e-05 	-6.12192e-24 	1.57537e-05
1.67547 	1.69531e-05 	-5.50538e-06 	1.92889e-22 	1.4432e-05 	-5.13906e-24 	1.56873e-05
1.68306 	1.68944e-05 	-5.47318e-06 	1.97062e-22 	1.43578e-05 	-4.1562e-24 	1.56208e-05
1.69064 	1.68357e-05 	-5.44098e-06 	2.01235e-22 	1.42835e-05 	-3.17334e-24 	1.55544e-05
1.69822 	1.6777e-05 	-5.40877e-06 	2.05407e-22 	1.42093e-05 	-2.19047e-24 	1.5488e-05
1.70581 	1.67183e-05 	-5.37657e-06 	2.0958e-22 	1.41351e-05 	-1.20761e-24 	1.54215e-05
1.71339 	1.66596e-05 	-5.34437e-06 	2.13752e-22 	1.40609e-05 	-2.24747e-25 	1.53551e-05
1.72097 	1.66009e-05 	-5.31216e-06 	2.17925e-22 	1.39867e-05 	7.58116e-25 	1.52887e-05
1.72856 	1.65422e-05 	-5.27996e-06 	2.22097e-22 	1.39125e-05 	1.74098e-24 	1.52222e-05
1.73614 	1.64836e-05 	-5.24776e-06 	2.2627e-22 	1.38383e-05 	2.72384e-24 	1.51558e-05
1.74373 	1.64249e-05 	-5.21556e-06 	2.30443e-22 	1.37641e-05 	3.7067e-24 	1.50894e-05
1.75131 	1.63662e-05 	-5.18335e-06 	2.34615e-22 	1.36899e-05 	4.68957e-24 	1.50229e-05
1.75889 	1.63075e-05 	-5.15115e-06 	2.38788e-22 	1.36157e-05 	5.67243e-24 	1.49565e-05
1.76648 	1.62488e-05 	-5.11895e-06 	2.4296e-22 	1.35415e-05 	6.65529e-24 	1.48901e-05
1.77406 	1.61901e-05 	-5.08675e-06 	2.47133e-22 	1.34672e-05 	7.63816e-24 	1.48236e-05
1.78165 	1.61314e-05 	-5.05454e-06 	2.51305e-22 	1.3393e-05 	8.62102e-24 	1.47572e-05
1.78923 	1.60727e-05 	-5.02234e-06 	2.55478e-22 	1.33188e-05 	9.60388e-24 	1.46908e-05
1.79681 	1.6014e-05 	-4.99014e-06 	2.59651e-22 	1.32446e-05 	1.05867e-23 	1.46243e-05
1.8044 	1.59553e-05 	-4.95793e-06 	2.63823e-22 	1.31704e-05 	1.15696e-23 	1.45579e-05
1.81198 	1.58966e-05 	-4.92573e-06 	2.67996e-22 	1.30962e-05 	1.25525e-23 	1.44915e-05
1.81957 	1.58379e-05 	-4.89353e-06 	2.72168e-22 	1.3022e-05 	1.35353e-23 	1.44251e-05
1.82715 	1.57792e-05 	-4.86133e-06 	2.76341e-22 	1.29478e-05 	1.45182e-23 	1.43586e-05
1.83473 	1.57205e-05 	-4.82912e-06 	2.80513e-22 	1.28736e-05 	1.55011e-23 	1.42922e-05
1.84232 	1.56618e-05 	-4.79692e-06 	2.84686e-22 	1.27994e-05 	1.64839e-23 	1.42258e-05
1.8499 	1.56031e-05 	-4.76472e-06 	2.88859e-22 	1.27252e-05 	1.74668e-23 	1.41593e-05
1.85749 	1.55444e-05 	-4.73252e-06 	2.93031e-22 	1.26509e-05 	1.84496e-23 	1.40929e-05
1.86507 	1.54857e-05 	-4.70031e-06 	2.97204e-22 	1.25767e-05 	1.94325e-23 	1.40265e-05
1.87265 	1.5427e-05 	-4.66811e-06 	3.01376e-22 	1.25025e-05 	2.04154e-23 	1.396e-05
1.88024 	1.53683e-05 	-4.63591e-06 	3.05549e-22 	1.24283e-05 	2.13982e-23 	1.38936e-05
1.88782 	1.53096e-05 	-4.6037e-06 	3.09721e-22 	1.23541e-05 	2.23811e-23 	1.38272e-05
1.89541 	1.52509e-05 	-4.5715e-06 	3.13894e-22 	1.22799e-05 	2.3364e-23 	1.37607e-05
1.90299 	1.51922e-05 	-4.5393e-06 	3.18067e-22 	1.22057e-05 	2.43468e-23 	1.36943e-05
1.91057 	1.51335e-05 	-4.5071e-06 	3.22239e-22 	1.21315e-05 	2.53297e-23 	1.36279e-05
1.91816 	1.50748e-05 	-4.47489e-06 	3.26412e-22 	1.20573e-05 	2.63126e-23 	1.35614e-05
1.92574 	1.50052e-05 	-4.44578e-06 	2.53077e-22 	1.19847e-05 	2.96142e-23 	1.34915e-05
1.93333 	1.49352e-05 	-4.41678e-06 	1.76994e-22 	1.19121e-05 	3.2998e-23 	1.34214e-05
1.94091 	1.48651e-05 	-4.38777e-06 	1.00911e-22 	1.18395e-05 	3.63818e-23 	1.33513e-05
1.94849 	1.47951e-05 	-4.35877e-06 	2.48278e-23 	1.1767e-05 	3.97656e-23 	1.32811e-05
1.95608 	1.47209e-05 	-4.32887e-06 	-3.08961e-23 	1.169e-05 	4.60216e-23 	1.3207e-05
1.96366 	1.46448e-05 	-4.29857e-06 	-7.75734e-23 	1.16111e-05 	5.35538e-23 	1.3131e-05
1.97125 	1.45687e-05 	-4.26828e-06 	-1.24251e-22 	1.15322e-05 	6.10859e-23 	1.3055e-05
1.97883 	1.44927e-05 	-4.23798e-06 	-1.70928e-22 	1.14533e-05 	6.86181e-23 	1.2979e-05
1.98641 	1.44183e-05 	-4.20392e-06 	-1.92558e-22 	1.13803e-05 	6.93438e-23 	1.29057e-05
1.994 	1.43443e-05 	-4.16931e-06 	-2.10474e-22 	1.13081e-05 	6.90599e-23 	1.28328e-05
2.00158 	1.42702e-05 	-4.13469e-06 	-2.28389e-22 	1.1236e-05 	6.8776e-23 	1.276e-05
2.00917 	1.41961e-05 	-4.10008e-06 	-2.46304e-22 	1.11638e-05 	6.84921e-23 	1.26871e-05
2.01675 	1.4122e-05 	-4.06547e-06 	-2.6422e-22 	1.10917e-05 	6.82082e-23 	1.26142e-05
2.02433 	1.4048e-05 	-4.03085e-06 	-2.82135e-22 	1.10195e-05 	6.79244e-23 	1.25414e-05
2.03192 	1.39739e-05 	-3.99624e-06 	-3.0005e-22 	1.09474e-05 	6.76405e-23 	1.24685e-05
2.0395 	1.38998e-05 	-3.96162e-06 	-3.17966e-22 	1.08752e-05 	6.73566e-23 	1.23956e-05
2.04709 	1.38257e-05 	-3.92701e-06 	-3.35881e-22 	1.08031e-05 	6.70727e-23 	1.23228e-05
2.05467 	1.37517e-05 	-3.89239e-06 	-3.53796e-22 	1.07309e-05 	6.67888e-23 	1.22499e-05
2.06225 	1.36776e-05 	-3.85778e-06 	-3.71712e-22 	1.06588e-05 	6.65049e-23 	1.2177e-05
2.06984 	1.36035e-05 	-3.82317e-06 	-3.89627e-22 	1.05866e-05 	6.62211e-23 	1.21042e-05
2.07742 	1.35294e-05 	-3.78855e-06 	-4.07542e-22 	1.05145e-05 	6.59372e-23 	1.20313e-05
2.08501 	1.34554e-05 	-3.75394e-06 	-4.25458e-22 	1.04423e-05 	6.56533e-23 	1.19584e-05
2.09259 	1.33813e-05 	-3.71932e-06 	-4.43373e-22 	1.03702e-05 	6.53694e-23 	1.18855e-05
2.10017 	1.33072e-05 	-3.68471e-06 	-4.61288e-22 	1.0298e-05 	6.50855e-23 	1.18127e-05
2.10776 	1.32331e-05 	-3.6501e-06 	-4.79203e-22 	1.02259e-05 	6.48016e-23 	1.17398e-05
2.11534 	1.31591e-05 	-3.61548e-06 	-4.97119e-22 	1.01537e-05 	6.45178e-23 	1.16669e-05
2.12292 	1.3085e-05 	-3.58087e-06 	-5.15034e-22 	1.00816e-05 	6.42339e-23 	1.15941e-05
2.13051 	1.30109e-05 	-3.54625e-06 	-5.32949e-22 	1.00094e-05 	6.395e-23 	1.15212e-05
2.13809 	1.29368e-05 	-3.51164e-06 	-5.50865e-22 	9.93728e-06 	6.36661e-23 	1.14483e-05
2.14568 	1.28628e-05 	-3.47703e-06 	-5.6878e-22 	9.86513e-06 	6.33822e-23 	1.13755e-05
2.15326 	1.27887e-05 	-3.44241e-06 	-5.86695e-22 	9.79298e-06 	6.30983e-23 	1.13026e-05
2.16084 	1.27137e-05 	-3.40608e-06 	-5.91222e-22 	9.72272e-06 	5.96927e-23 	1.12299e-05
2.16843 	1.26361e-05 	-3.36472e-06 	-5.56493e-22 	9.658e-06 	4.71342e-23 	1.11577e-05
2.17601 	1.25585e-05 	-3.32337e-06 	-5.21764e-22 	9.59328e-06 	3.45757e-23 	1.10855e-05
2.1836 	1.24809e-05 	-3.28201e-06 	-4.87036e-22 	9.52856e-06 	2.20172e-23 	1.10133e-05
2.19118 	1.24033e-05 	-3.24065e-06 	-4.52307e-22 	9.46384e-06 	9.4587e-24 	1.09411e-05
2.19876 	1.23257e-05 	-3.1993e-06 	-4.17578e-22 	9.39912e-06 	-3.0998e-24 	1.08689e-05
2.20635 	1.22398e-05 	-3.15421e-06 	-4.38852e-22 	9.3264e-06 	-1.56123e-23 	1.07885e-05
2.21393 	1.21539e-05 	-3.10909e-06 	-4.60635e-22 	9.25361e-06 	-2.81244e-23 	1.07081e-05
2.22152 	1.20679e-05 	-3.06398e-06 	-4.82418e-22 	9.18082e-06 	-4.06365e-23 	1.06277e-05
2.2291 	1.19819e-05 	-3.01886e-06 	-5.04201e-22 	9.10803e-06 	-5.31485e-23 	1.05472e-05
2.23668 	1.18981e-05 	-2.97274e-06 	-5.09718e-22 	9.03767e-06 	-6.15483e-23 	1.04693e-05
2.24427 	1.18171e-05 	-2.92527e-06 	-4.93351e-22 	8.97057e-06 	-6.44159e-23 	1.03949e-05
2.25185 	1.17361e-05 	-2.8778e-06 	-4.76985e-22 	8.90347e-06 	-6.72835e-23 	1.03205e-05
2.25944 	1.16551e-05 	-2.83034e-06 	-4.60618e-22 	8.83636e-06 	-7.01511e-23 	1.0246e-05
2.26702 	1.15742e-05 	-2.78287e-06 	-4.44252e-22 	8.76926e-06 	-7.30187e-23 	1.01716e-05
2.2746 	1.14932e-05 	-2.7354e-06 	-4.27885e-22 	8.70216e-06 	-7.58863e-23 	1.00971e-05
2.28219 	1.14122e-05 	-2.68793e-06 	-4.11519e-22 	8.63506e-06 	-7.87539e-23 	1.00227e-05
2.28977 	1.13312e-05 	-2.64047e-06 	-3.95152e-22 	8.56796e-06 	-8.16215e-23 	9.94824e-06
2.29736 	1.12502e-05 	-2.593e-06 	-3.78786e-22 	8.50086e-06 	-8.44892e-23 	9.87379e-06
2.30494 	1.11693e-05 	-2.54553e-06 	-3.62419e-22 	8.43376e-06 	-8.73568e-23 	9.79935e-06
2.31252 	1.10883e-05 	-2.49806e-06 	-3.46053e-22 	8.36666e-06 	-9.02244e-23 	9.72491e-06
2.32011 	1.10073e-05 	-2.4506e-06 	-3.29686e-22 	8.29956e-06 	-9.3092e-23 	9.65046e-06
2.32769 	1.09263e-05 	-2.40313e-06 	-3.1332e-22 	8.23245e-06 	-9.59596e-23 	9.57602e-06
2.33528 	1.08454e-05 	-2.35566e-06 	-2.96953e-22 	8.16535e-06 	-9.88272e-23 	9.50158e-06
2.34286 	1.07644e-05 	-2.30819e-06 	-2.80587e-22 	8.09825e-06 	-1.01695e-22 	9.42713e-06
2.35044 	1.06834e-05 	-2.26073e-06 	-2.6422e-22 	8.03115e-06 	-1.04562e-22 	9.35269e-06
2.35803 	1.06036e-05 	-2.20987e-06 	-1.9313e-22 	7.97047e-06 	-9.63364e-23 	9.28261e-06
2.36561 	1.0524e-05 	-2.1585e-06 	-1.13759e-22 	7.91075e-06 	-8.64317e-23 	9.21318e-06
2.3732 	1.04444e-05 	-2.10713e-06 	-3.43886e-23 	7.85104e-06 	-7.65271e-23 	9.14375e-06
2.38078 	1.03648e-05 	-2.05577e-06 	4.4982e-23 	7.79132e-06 	-6.66224e-23 	9.07433e-06
2.38836 	1.02852e-05 	-2.0044e-06 	1.24353e-22 	7.73161e-06 	-5.67178e-23 	9.0049e-06
2.39595 	1.01994e-05 	-1.94912e-06 	2.32067e-22 	7.66632e-06 	-4.88739e-23 	8.92964e-06
2.40353 	1.0109e-05 	-1.89093e-06 	3.60951e-22 	7.59687e-06 	-4.25693e-23 	8.85002e-06
2.41112 	1.00186e-05 	-1.83274e-06 	4.89836e-22 	7.52742e-06 	-3.62647e-23 	8.77039e-06
2.4187 	9.92815e-06 	-1.77454e-06 	6.1872e-22 	7.45797e-06 	-2.99601e-23 	8.69077e-06
2.42628 	9.83829e-06 	-1.71636e-06 	7.37978e-22 	7.38932e-06 	-2.39779e-23 	8.61181e-06
2.43387 	9.75426e-06 	-1.65824e-06 	7.56131e-22 	7.32901e-06 	-2.13818e-23 	8.53979e-06
2.44145 	9.67024e-06 	-1.60012e-06 	7.74284e-22 	7.26871e-06 	-1.87858e-23 	8.46776e-06
2.44904 	9.58622e-06 	-1.542e-06 	7.92438e-22 	7.20841e-06 	-1.61897e-23 	8.39574e-06
2.45662 	9.5022e-06 	-1.48388e-06 	8.10591e-22 	7.14811e-06 	-1.35936e-23 	8.32371e-06
2.4642 	9.41818e-06 	-1.42577e-06 	8.28744e-22 	7.0878e-06 	-1.09975e-23 	8.25169e-06
2.47179 	9.33415e-06 	-1.36765e-06 	8.46898e-22 	7.0275e-06 	-8.4014e-24 	8.17966e-06
2.47937 	9.25013e-06 	-1.30953e-06 	8.65051e-22 	6.9672e-06 	-5.80531e-24 	8.10764e-06
2.48695 	9.16611e-06 	-1.25141e-06 	8.83205e-22 	6.9069e-06 	-3.20922e-24 	8.03561e-06
2.49454 	9.08209e-06 	-1.19329e-06 	9.01358e-22 	6.84659e-06 	-6.13132e-25 	7.96359e-06
2.50212 	8.99806e-06 	-1.13517e-06 	9.19511e-22 	6.78629e-06 	1.98296e-24 	7.89156e-06
2.50971 	8.91675e-06 	-1.07674e-06 	8.45706e-22 	6.73352e-06 	4.92779e-24 	7.82455e-06
2.51729 	8.83681e-06 	-1.01815e-06 	7.25165e-22 	6.68458e-06 	8.04986e-24 	7.76008e-06
2.52487 	8.75687e-06 	-9.59555e-07 	6.04624e-22 	6.63564e-06 	1.11719e-23 	7.69561e-06
2.53246 	8.67694e-06 	-9.00962e-07 	4.84083e-22 	6.5867e-06 	1.4294e-23 	7.63114e-06
2.54004 	8.597e-06 	-8.42369e-07 	3.63542e-22 	6.53776e-06 	1.74161e-23 	7.56668e-06
2.54763 	8.50655e-06 	-7.75782e-07 	2.45506e-22 	6.48096e-06 	2.31834e-23 	7.49304e-06
2.55521 	8.41347e-06 	-7.07194e-07 	1.28099e-22 	6.42219e-06 	2.96132e-23 	7.4171e-06
2.56279 	8.32039e-06 	-6.38605e-07 	1.06913e-23 	6.36342e-06 	3.6043e-23 	7.34117e-06
2.57038 	8.22732e-06 	-5.70017e-07 	-1.06716e-22 	6.30465e-06 	4.24728e-23 	7.26523e-06
2.57796 	8.1402e-06 	-5.04659e-07 	-1.54801e-22 	6.25266e-06 	4.50983e-23 	7.19567e-06
2.58555 	8.05501e-06 	-4.40345e-07 	-1.80474e-22 	6.20286e-06 	4.64939e-23 	7.12816e-06
2.59313 	7.96983e-06 	-3.76032e-07 	-2.06146e-22 	6.15305e-06 	4.78896e-23 	7.06065e-06
2.60071 	7.88464e-06 	-3.11718e-07 	-2.31819e-22 	6.10325e-06 	4.92852e-23 	6.99315e-06
2.6083 	7.79945e-06 	-2.47404e-07 	-2.57491e-22 	6.05345e-06 	5.06808e-23 	6.92564e-06
2.61588 	7.71427e-06 	-1.83091e-07 	-2.83164e-22 	6.00365e-06 	5.20764e-23 	6.85814e-06
2.62347 	7.62908e-06 	-1.18777e-07 	-3.08836e-22 	5.95385e-06 	5.34721e-23 	6.79063e-06
2.63105 	7.54838e-06 	-5.75804e-08 	-2.81817e-22 	5.91132e-06 	5.00545e-23 	6.72902e-06
2.63863 	7.47007e-06 	1.95711e-09 	-2.26737e-22 	5.87266e-06 	4.40738e-23 	6.67055e-06
2.64622 	7.39177e-06 	6.14946e-08 	-1.71657e-22 	5.834e-06 	3.80931e-23 	6.61208e-06
2.6538 	7.31346e-06 	1.21032e-07 	-1.16577e-22 	5.79534e-06 	3.21123e-23 	6.55361e-06
2.66139 	7.22904e-06 	1.85509e-07 	-6.87067e-23 	5.75298e-06 	2.35229e-23 	6.49024e-06
2.66897 	7.1358e-06 	2.57099e-07 	-3.12152e-23 	5.70531e-06 	1.11777e-23 	6.4198e-06
2.67655 	7.04257e-06 	3.28688e-07 	6.27637e-24 	5.65763e-06 	-1.16761e-24 	6.34936e-06
2.68414 	6.94934e-06 	4.00278e-07 	4.37679e-23 	5.60996e-06 	-1.35129e-23 	6.27892e-06
2.69172 	6.86607e-06 	4.64039e-07 	5.21185e-23 	5.56976e-06 	-1.50521e-23 	6.21721e-06
2.69931 	6.78353e-06 	5.27227e-07 	5.83368e-23 	5.53011e-06 	-1.58005e-23 	6.15614e-06
2.70689 	6.70099e-06 	5.90414e-07 	6.45551e-23 	5.49046e-06 	-1.65489e-23 	6.09507e-06
2.71447 	6.61845e-06 	6.53602e-07 	7.07734e-23 	5.4508e-06 	-1.72974e-23 	6.03401e-06
2.72206 	6.53602e-06 	7.16685e-07 	7.66007e-23 	5.41126e-06 	-1.79552e-23 	5.97305e-06
2.72964 	6.46459e-06 	7.69648e-07 	4.50612e-23 	5.38153e-06 	-9.95143e-24 	5.92252e-06
2.73723 	6.39315e-06 	8.22611e-07 	1.35216e-23 	5.3518e-06 	-1.94763e-24 	5.87199e-06
2.74481 	6.32172e-06 	8.75575e-07 	-1.80179e-23 	5.32207e-06 	6.05617e-24 	5.82146e-06
2.75239 	6.24379e-06 	9.33667e-07 	-3.00241e-23 	5.28905e-06 	1.7652e-23 	5.76603e-06
2.75998 	6.15713e-06 	9.98668e-07 	-1.57168e-23 	5.25159e-06 	3.40866e-23 	5.70401e-06
2.76756 	6.07046e-06 	1.06367e-06 	-1.40953e-24 	5.21413e-06 	5.05211e-23 	5.64199e-06
2.77515 	5.99174e-06 	1.12191e-06 	3.3909e-24 	5.18114e-06 	5.84127e-23 	5.58619e-06
2.78273 	5.92035e-06 	1.17391e-06 	-5.83978e-25 	5.1523e-06 	5.84185e-23 	5.53611e-06
2.79031 	5.84896e-06 	1.22592e-06 	-4.55885e-24 	5.12345e-06 	5.84244e-23 	5.48604e-06
2.7979 	5.77849e-06 	1.27702e-06 	-8.79769e-24 	5.09515e-06 	5.75549e-23 	5.4367e-06
2.80548 	5.72376e-06 	1.31274e-06 	-1.75637e-23 	5.07626e-06 	4.16725e-23 	5.39993e-06
2.81307 	5.66902e-06 	1.34846e-06 	-2.63297e-23 	5.05737e-06 	2.57901e-23 	5.36316e-06
2.82065 	5.61311e-06 	1.38497e-06 	-3.72645e-23 	5.03797e-06 	1.08352e-23 	5.32555e-06
2.82823 	5.54561e-06 	1.42935e-06 	-6.97964e-23 	5.0135e-06 	5.11613e-24 	5.27959e-06
2.83582 	5.4781e-06 	1.47374e-06 	-1.02328e-22 	4.98902e-06 	-6.02967e-25 	5.23363e-06
2.8434 	5.42621e-06 	1.50676e-06 	-1.10853e-22 	4.97392e-06 	-4.99097e-24 	5.20016e-06
2.85098 	5.38073e-06 	1.5351e-06 	-1.09516e-22 	4.96266e-06 	-8.83216e-24 	5.17182e-06
2.85857 	5.34035e-06 	1.55869e-06 	-1.01604e-22 	4.95431e-06 	-1.20132e-23 	5.14748e-06
2.86615 	5.31681e-06 	1.56661e-06 	-7.19724e-23 	4.95553e-06 	-1.30132e-23 	5.13634e-06
2.87374 	5.29327e-06 	1.57452e-06 	-4.23407e-23 	4.95675e-06 	-1.40133e-23 	5.12521e-06
2.88132 	5.2645e-06 	1.58373e-06 	-2.42351e-23 	4.95708e-06 	-2.33149e-23 	5.11099e-06
2.8889 	5.23457e-06 	1.59322e-06 	-8.6942e-24 	4.95721e-06 	-3.44638e-23 	5.09609e-06
2.89649 	5.22411e-06 	1.59863e-06 	1.69183e-25 	4.9705e-06 	-3.42922e-23 	5.09745e-06
2.90407 	5.21743e-06 	1.60252e-06 	7.52307e-24 	4.98607e-06 	-3.15861e-23 	5.10184e-06
2.91166 	5.22384e-06 	1.59687e-06 	8.38772e-24 	5.00794e-06 	-1.81114e-23 	5.11587e-06
2.91924 	5.23014e-06 	1.59081e-06 	9.94458e-24 	5.03025e-06 	-4.89654e-24 	5.13006e-06
2.92682 	5.2359e-06 	1.58238e-06 	1.54302e-23 	5.05505e-06 	6.84357e-24 	5.14517e-06
2.93441 	5.21936e-06 	1.56835e-06 	1.69315e-23 	5.05644e-06 	1.31463e-23 	5.1375e-06
2.94199 	5.1708e-06 	1.54485e-06 	1.38745e-23 	5.02449e-06 	1.30947e-23 	5.09722e-06
2.94958 	5.07908e-06 	1.50694e-06 	5.98934e-24 	4.9479e-06 	6.12319e-24 	5.01311e-06
2.95716 	4.96474e-06 	1.4594e-06 	-2.43402e-26 	4.85159e-06 	4.0387e-24 	4.90784e-06
2.96474 	4.73478e-06 	1.3636e-06 	-3.5382e-24 	4.64122e-06 	2.87959e-24 	4.68775e-06
2.97233 	4.26615e-06 	1.17076e-06 	-2.70803e-24 	4.19293e-06 	9.83051e-25 	4.2294e-06
2.97991 	3.62685e-06 	9.09119e-07 	-3.41048e-25 	3.57582e-06 	-1.60353e-24 	3.60133e-06
2.9875 	2.86805e-06 	6.1334e-07 	1.97603e-25 	2.84053e-06 	-4.83081e-24 	2.85441e-06
2.99508 	2.13837e-06 	3.98887e-07 	2.41086e-25 	2.12282e-06 	-2.62562e-24 	2.13071e-06
3.00266 	1.28524e-06 	1.78537e-07 	7.93215e-26 	1.27902e-06 	-2.67883e-25 	1.28217e-06
3.01025 	6.76904e-07 	4.9637e-08 	4.30943e-26 	6.75715e-07 	2.89722e-25 	6.76314e-07
3.01783 	3.00813e-07 	1.68883e-08 	6.54559e-27 	3.0046e-07 	6.79256e-26 	3.00637e-07
3.02542 	1.00198e-07 	2.86767e-09 	-1.26121e-27 	1.00158e-07 	8.4334e-27 	1.00178e-07
3.033 	5.51791e-09 	4.23332e-11 	-5.92302e-31 	5.51771e-09 	-2.31319e-28 	5.51781e-09
