0.455 	1.07086e-06 	2.07545e-08 	-7.53658e-24 	9.03242e-07 	-7.48823e-25 	9.89789e-07
0.461461 	2.41066e-06 	4.98224e-08 	7.85938e-25 	2.03306e-06 	-8.85708e-24 	2.22737e-06
0.467922 	3.93257e-06 	8.14698e-08 	7.70939e-23 	3.37305e-06 	-1.33332e-23 	3.65981e-06
0.474383 	5.21622e-06 	8.70232e-08 	2.06612e-22 	4.62985e-06 	3.85967e-23 	4.92991e-06
0.480845 	6.09102e-06 	2.56043e-08 	-2.1282e-22 	5.89183e-06 	-4.18673e-22 	5.99751e-06
0.487306 	6.96582e-06 	-3.58146e-08 	-6.32252e-22 	7.15382e-06 	-8.75944e-22 	7.06512e-06
0.493767 	7.35956e-06 	-1.92995e-07 	-1.18287e-21 	8.24988e-06 	-1.40071e-21 	7.81039e-06
0.500228 	7.68663e-06 	-3.86835e-07 	-1.14713e-21 	9.37801e-06 	-1.27588e-21 	8.53957e-06
0.506689 	8.01371e-06 	-5.80674e-07 	-1.11139e-21 	1.05061e-05 	-1.15106e-21 	9.26875e-06
0.51315 	8.27257e-06 	-7.98338e-07 	-7.049e-22 	1.15274e-05 	-6.28647e-22 	9.91072e-06
0.519612 	8.48645e-06 	-1.10393e-06 	-4.44815e-22 	1.25515e-05 	-3.40005e-22 	1.05323e-05
0.526073 	8.70032e-06 	-1.40952e-06 	-1.84729e-22 	1.35755e-05 	-5.13631e-23 	1.11539e-05
0.532534 	8.9142e-06 	-1.71511e-06 	7.53563e-23 	1.45995e-05 	2.37279e-22 	1.17756e-05
0.538995 	9.11818e-06 	-2.0087e-06 	3.03846e-22 	1.55777e-05 	4.68194e-22 	1.23694e-05
0.545456 	9.35313e-06 	-2.39512e-06 	3.77947e-22 	1.64915e-05 	5.36058e-22 	1.29453e-05
0.551917 	9.58925e-06 	-2.78363e-06 	4.52226e-22 	1.74086e-05 	6.04382e-22 	1.35234e-05
0.558378 	9.82536e-06 	-3.17214e-06 	5.26505e-22 	1.83256e-05 	6.72707e-22 	1.41014e-05
0.56484 	1.00615e-05 	-3.56065e-06 	6.00784e-22 	1.92427e-05 	7.41031e-22 	1.46795e-05
0.571301 	1.02976e-05 	-3.94916e-06 	6.75062e-22 	2.01597e-05 	8.09355e-22 	1.52576e-05
0.577762 	1.05649e-05 	-4.33026e-06 	6.3817e-22 	2.09301e-05 	7.73038e-22 	1.57768e-05
0.584223 	1.08614e-05 	-4.71393e-06 	5.17253e-22 	2.16108e-05 	6.55854e-22 	1.62647e-05
0.590684 	1.11579e-05 	-5.0976e-06 	3.96336e-22 	2.22916e-05 	5.3867e-22 	1.67527e-05
0.597145 	1.14517e-05 	-5.48035e-06 	2.84133e-22 	2.29746e-05 	4.2981e-22 	1.72406e-05
0.603607 	1.17453e-05 	-5.86301e-06 	1.7286e-22 	2.3658e-05 	3.21838e-22 	1.77284e-05
0.610068 	1.20388e-05 	-6.24567e-06 	6.15863e-23 	2.43413e-05 	2.13867e-22 	1.82163e-05
0.616529 	1.23324e-05 	-6.62832e-06 	-4.96871e-23 	2.50247e-05 	1.05895e-22 	1.87041e-05
0.62299 	1.26432e-05 	-6.95422e-06 	-1.60058e-22 	2.54922e-05 	-2.31486e-23 	1.9091e-05
0.629451 	1.29528e-05 	-7.23078e-06 	-2.05039e-22 	2.58241e-05 	-1.28529e-22 	1.94089e-05
0.635912 	1.32623e-05 	-7.50735e-06 	-2.50019e-22 	2.6156e-05 	-2.33909e-22 	1.97268e-05
0.642373 	1.35718e-05 	-7.78391e-06 	-2.94999e-22 	2.64878e-05 	-3.39289e-22 	2.00447e-05
0.648835 	1.38814e-05 	-8.06048e-06 	-3.39979e-22 	2.68197e-05 	-4.44669e-22 	2.03627e-05
0.655296 	1.41909e-05 	-8.33704e-06 	-3.8496e-22 	2.71516e-05 	-5.5005e-22 	2.06806e-05
0.661757 	1.45005e-05 	-8.61361e-06 	-4.2994e-22 	2.74835e-05 	-6.5543e-22 	2.09985e-05
0.668218 	1.481e-05 	-8.89017e-06 	-4.7492e-22 	2.78153e-05 	-7.6081e-22 	2.13164e-05
0.674679 	1.51195e-05 	-9.16674e-06 	-5.19901e-22 	2.81472e-05 	-8.6619e-22 	2.16344e-05
0.68114 	1.54076e-05 	-9.33173e-06 	-2.73832e-22 	2.81878e-05 	-8.88574e-22 	2.17946e-05
0.687602 	1.56635e-05 	-9.46037e-06 	-2.02688e-22 	2.82112e-05 	-8.16845e-22 	2.19317e-05
0.694063 	1.59194e-05 	-9.58901e-06 	-1.31545e-22 	2.82346e-05 	-7.45116e-22 	2.20687e-05
0.700524 	1.61752e-05 	-9.71765e-06 	-6.04011e-23 	2.8258e-05 	-6.73387e-22 	2.22057e-05
0.706985 	1.64311e-05 	-9.84629e-06 	1.07425e-23 	2.82814e-05 	-6.01658e-22 	2.23427e-05
0.713446 	1.66869e-05 	-9.97493e-06 	8.18861e-23 	2.83048e-05 	-5.29929e-22 	2.24798e-05
0.719907 	1.69428e-05 	-1.01036e-05 	1.5303e-22 	2.83282e-05 	-4.582e-22 	2.26168e-05
0.726368 	1.71986e-05 	-1.02322e-05 	2.24173e-22 	2.83516e-05 	-3.86471e-22 	2.27538e-05
0.73283 	1.74545e-05 	-1.03609e-05 	2.95317e-22 	2.8375e-05 	-3.14741e-22 	2.28908e-05
0.739291 	1.77103e-05 	-1.04895e-05 	3.66461e-22 	2.83984e-05 	-2.43012e-22 	2.30278e-05
0.745752 	1.79662e-05 	-1.06181e-05 	4.37604e-22 	2.84217e-05 	-1.71283e-22 	2.31649e-05
0.752213 	1.82083e-05 	-1.06442e-05 	1.76507e-22 	2.82045e-05 	3.73709e-23 	2.31753e-05
0.758674 	1.83968e-05 	-1.06915e-05 	-1.5395e-22 	2.81316e-05 	2.99862e-22 	2.32317e-05
0.765135 	1.85762e-05 	-1.07154e-05 	-2.23161e-22 	2.80175e-05 	3.73036e-22 	2.32634e-05
0.771596 	1.87543e-05 	-1.0736e-05 	-2.55507e-22 	2.78977e-05 	4.19494e-22 	2.32916e-05
0.778058 	1.89324e-05 	-1.07566e-05 	-2.87853e-22 	2.77779e-05 	4.65952e-22 	2.33197e-05
0.784519 	1.91105e-05 	-1.07772e-05 	-3.20198e-22 	2.76581e-05 	5.12411e-22 	2.33479e-05
0.79098 	1.92886e-05 	-1.07978e-05 	-3.52544e-22 	2.75382e-05 	5.58869e-22 	2.33761e-05
0.797441 	1.94667e-05 	-1.08184e-05 	-3.8489e-22 	2.74184e-05 	6.05327e-22 	2.34043e-05
0.803902 	1.96448e-05 	-1.0839e-05 	-4.17236e-22 	2.72986e-05 	6.51785e-22 	2.34325e-05
0.810363 	1.98229e-05 	-1.08596e-05 	-4.49581e-22 	2.71787e-05 	6.98243e-22 	2.34607e-05
0.816825 	2.0001e-05 	-1.08802e-05 	-4.81927e-22 	2.70589e-05 	7.44701e-22 	2.34889e-05
0.823286 	2.01791e-05 	-1.09007e-05 	-5.14273e-22 	2.69391e-05 	7.9116e-22 	2.35171e-05
0.829747 	2.03572e-05 	-1.09213e-05 	-5.46619e-22 	2.68193e-05 	8.37618e-22 	2.35453e-05
0.836208 	2.0536e-05 	-1.09398e-05 	-5.57139e-22 	2.66954e-05 	8.68104e-22 	2.35719e-05
0.842669 	2.07296e-05 	-1.09149e-05 	-1.17245e-22 	2.64881e-05 	5.68963e-22 	2.35662e-05
0.84913 	2.08969e-05 	-1.08943e-05 	2.42115e-22 	2.63147e-05 	3.02537e-22 	2.35637e-05
0.855591 	2.10165e-05 	-1.08815e-05 	4.55036e-22 	2.6203e-05 	9.55981e-23 	2.3567e-05
0.862053 	2.11361e-05 	-1.08687e-05 	6.67957e-22 	2.60913e-05 	-1.11341e-22 	2.35703e-05
0.868514 	2.12509e-05 	-1.08428e-05 	7.14332e-22 	2.59582e-05 	-1.71977e-22 	2.35611e-05
0.874975 	2.13654e-05 	-1.08165e-05 	7.55208e-22 	2.58244e-05 	-2.27782e-22 	2.35515e-05
0.881436 	2.148e-05 	-1.07902e-05 	7.96085e-22 	2.56906e-05 	-2.83587e-22 	2.35419e-05
0.887897 	2.15946e-05 	-1.07638e-05 	8.36961e-22 	2.55568e-05 	-3.39392e-22 	2.35323e-05
0.894358 	2.17092e-05 	-1.07375e-05 	8.77837e-22 	2.5423e-05 	-3.95197e-22 	2.35227e-05
0.90082 	2.18238e-05 	-1.07112e-05 	9.18713e-22 	2.52892e-05 	-4.51002e-22 	2.35131e-05
0.907281 	2.19384e-05 	-1.06849e-05 	9.59589e-22 	2.51554e-05 	-5.06807e-22 	2.35035e-05
0.913742 	2.20529e-05 	-1.06586e-05 	1.00047e-21 	2.50216e-05 	-5.62612e-22 	2.34939e-05
0.920203 	2.21675e-05 	-1.06322e-05 	1.04134e-21 	2.48877e-05 	-6.18417e-22 	2.34843e-05
0.926664 	2.22821e-05 	-1.06059e-05 	1.08222e-21 	2.47539e-05 	-6.74222e-22 	2.34747e-05
0.933125 	2.23967e-05 	-1.05796e-05 	1.12309e-21 	2.46201e-05 	-7.30027e-22 	2.34651e-05
0.939586 	2.25113e-05 	-1.05533e-05 	1.16397e-21 	2.44863e-05 	-7.85832e-22 	2.34555e-05
0.946048 	2.26258e-05 	-1.05269e-05 	1.20485e-21 	2.43525e-05 	-8.41637e-22 	2.34459e-05
0.952509 	2.27534e-05 	-1.0484e-05 	1.00475e-21 	2.42017e-05 	-6.974e-22 	2.34357e-05
0.95897 	2.28852e-05 	-1.04356e-05 	7.25028e-22 	2.40452e-05 	-4.87072e-22 	2.34254e-05
0.965431 	2.3017e-05 	-1.03871e-05 	4.45311e-22 	2.38888e-05 	-2.76744e-22 	2.3415e-05
0.971892 	2.31095e-05 	-1.03493e-05 	2.85873e-22 	2.37716e-05 	-1.4826e-22 	2.34031e-05
0.978353 	2.31792e-05 	-1.03174e-05 	1.95737e-22 	2.36771e-05 	-6.69336e-23 	2.33904e-05
0.984815 	2.32489e-05 	-1.02856e-05 	1.05601e-22 	2.35825e-05 	1.43932e-23 	2.33776e-05
0.991276 	2.33187e-05 	-1.02538e-05 	1.54645e-23 	2.3488e-05 	9.57201e-23 	2.33648e-05
0.997737 	2.33873e-05 	-1.02207e-05 	-6.83668e-23 	2.33915e-05 	1.7023e-22 	2.33506e-05
1.0042 	2.34482e-05 	-1.01786e-05 	-1.06818e-22 	2.32808e-05 	1.95669e-22 	2.3326e-05
1.01066 	2.3509e-05 	-1.01364e-05 	-1.4527e-22 	2.31701e-05 	2.21108e-22 	2.33014e-05
1.01712 	2.35699e-05 	-1.00942e-05 	-1.83721e-22 	2.30594e-05 	2.46547e-22 	2.32768e-05
1.02358 	2.36308e-05 	-1.0052e-05 	-2.22173e-22 	2.29487e-05 	2.71986e-22 	2.32522e-05
1.03004 	2.36916e-05 	-1.00098e-05 	-2.60624e-22 	2.28381e-05 	2.97425e-22 	2.32276e-05
1.0365 	2.37525e-05 	-9.96761e-06 	-2.99076e-22 	2.27274e-05 	3.22864e-22 	2.3203e-05
1.04296 	2.38134e-05 	-9.92542e-06 	-3.37528e-22 	2.26167e-05 	3.48303e-22 	2.31784e-05
1.04943 	2.38742e-05 	-9.88323e-06 	-3.75979e-22 	2.2506e-05 	3.73742e-22 	2.31538e-05
1.05589 	2.39351e-05 	-9.84104e-06 	-4.14431e-22 	2.23953e-05 	3.99181e-22 	2.31291e-05
1.06235 	2.3996e-05 	-9.79885e-06 	-4.52882e-22 	2.22847e-05 	4.2462e-22 	2.31045e-05
1.06881 	2.40568e-05 	-9.75666e-06 	-4.91334e-22 	2.2174e-05 	4.50059e-22 	2.30799e-05
1.07527 	2.41177e-05 	-9.71448e-06 	-5.29785e-22 	2.20633e-05 	4.75498e-22 	2.30553e-05
1.08173 	2.41785e-05 	-9.67229e-06 	-5.68237e-22 	2.19526e-05 	5.00937e-22 	2.30307e-05
1.08819 	2.42366e-05 	-9.62327e-06 	-5.84907e-22 	2.18385e-05 	5.00725e-22 	2.30034e-05
1.09465 	2.42874e-05 	-9.55615e-06 	-5.43857e-22 	2.17151e-05 	4.32541e-22 	2.29689e-05
1.10112 	2.43382e-05 	-9.48903e-06 	-5.02807e-22 	2.15918e-05 	3.64356e-22 	2.29345e-05
1.10758 	2.4389e-05 	-9.42191e-06 	-4.61757e-22 	2.14684e-05 	2.96171e-22 	2.29e-05
1.11404 	2.44397e-05 	-9.35479e-06 	-4.20707e-22 	2.1345e-05 	2.27987e-22 	2.28656e-05
1.1205 	2.44905e-05 	-9.28767e-06 	-3.79657e-22 	2.12217e-05 	1.59802e-22 	2.28311e-05
1.12696 	2.45139e-05 	-9.24109e-06 	-3.54981e-22 	2.11329e-05 	1.28479e-22 	2.27987e-05
1.13342 	2.4531e-05 	-9.1992e-06 	-3.34041e-22 	2.1052e-05 	1.05569e-22 	2.27668e-05
1.13988 	2.45481e-05 	-9.1573e-06 	-3.13101e-22 	2.09711e-05 	8.26589e-23 	2.27348e-05
1.14634 	2.45651e-05 	-9.11541e-06 	-2.92161e-22 	2.08902e-05 	5.97489e-23 	2.27029e-05
1.1528 	2.45822e-05 	-9.07351e-06 	-2.71221e-22 	2.08093e-05 	3.68388e-23 	2.2671e-05
1.15927 	2.45993e-05 	-9.03162e-06 	-2.50281e-22 	2.07284e-05 	1.39288e-23 	2.26391e-05
1.16573 	2.46164e-05 	-8.98972e-06 	-2.29341e-22 	2.06475e-05 	-8.98122e-24 	2.26071e-05
1.17219 	2.46335e-05 	-8.94783e-06 	-2.08401e-22 	2.05666e-05 	-3.18912e-23 	2.25752e-05
1.17865 	2.46427e-05 	-8.90133e-06 	-1.93981e-22 	2.04789e-05 	-4.49583e-23 	2.2536e-05
1.18511 	2.46476e-05 	-8.8524e-06 	-1.82995e-22 	2.03877e-05 	-5.28429e-23 	2.24929e-05
1.19157 	2.46525e-05 	-8.80348e-06 	-1.72009e-22 	2.02964e-05 	-6.07274e-23 	2.24499e-05
1.19803 	2.46574e-05 	-8.75455e-06 	-1.61022e-22 	2.02052e-05 	-6.8612e-23 	2.24069e-05
1.20449 	2.46623e-05 	-8.70563e-06 	-1.50036e-22 	2.0114e-05 	-7.64965e-23 	2.23638e-05
1.21095 	2.46672e-05 	-8.6567e-06 	-1.39049e-22 	2.00227e-05 	-8.43811e-23 	2.23208e-05
1.21742 	2.46722e-05 	-8.60778e-06 	-1.28063e-22 	1.99315e-05 	-9.22656e-23 	2.22777e-05
1.22388 	2.46771e-05 	-8.55885e-06 	-1.17077e-22 	1.98402e-05 	-1.0015e-22 	2.22347e-05
1.23034 	2.4682e-05 	-8.50993e-06 	-1.0609e-22 	1.9749e-05 	-1.08035e-22 	2.21917e-05
1.2368 	2.46869e-05 	-8.461e-06 	-9.51041e-23 	1.96578e-05 	-1.15919e-22 	2.21486e-05
1.24326 	2.46918e-05 	-8.41208e-06 	-8.41178e-23 	1.95665e-05 	-1.23804e-22 	2.21056e-05
1.24972 	2.46968e-05 	-8.36315e-06 	-7.31314e-23 	1.94753e-05 	-1.31688e-22 	2.20626e-05
1.25618 	2.47017e-05 	-8.31423e-06 	-6.21451e-23 	1.93841e-05 	-1.39573e-22 	2.20195e-05
1.26264 	2.46785e-05 	-8.24825e-06 	-4.47305e-23 	1.92895e-05 	-1.35599e-22 	2.1961e-05
1.26911 	2.46473e-05 	-8.17741e-06 	-2.5487e-23 	1.9194e-05 	-1.28252e-22 	2.18982e-05
1.27557 	2.46161e-05 	-8.10657e-06 	-6.24349e-24 	1.90984e-05 	-1.20904e-22 	2.18353e-05
1.28203 	2.45849e-05 	-8.03574e-06 	1.3e-23 	1.90029e-05 	-1.13557e-22 	2.17725e-05
1.28849 	2.45537e-05 	-7.9649e-06 	3.22435e-23 	1.89074e-05 	-1.06209e-22 	2.17096e-05
1.29495 	2.45226e-05 	-7.89406e-06 	5.1487e-23 	1.88119e-05 	-9.88618e-23 	2.16467e-05
1.30141 	2.44914e-05 	-7.82323e-06 	7.07305e-23 	1.87163e-05 	-9.15143e-23 	2.15839e-05
1.30787 	2.44602e-05 	-7.75239e-06 	8.9974e-23 	1.86208e-05 	-8.41668e-23 	2.1521e-05
1.31433 	2.4429e-05 	-7.68155e-06 	1.09218e-22 	1.85253e-05 	-7.68194e-23 	2.14582e-05
1.32079 	2.43937e-05 	-7.62451e-06 	1.38014e-22 	1.8443e-05 	-7.4075e-23 	2.13993e-05
1.32726 	2.43552e-05 	-7.57846e-06 	1.74417e-22 	1.83712e-05 	-7.49956e-23 	2.13437e-05
1.33372 	2.43166e-05 	-7.5324e-06 	2.10821e-22 	1.82994e-05 	-7.59163e-23 	2.12881e-05
1.34018 	2.42781e-05 	-7.48635e-06 	2.47224e-22 	1.82277e-05 	-7.68369e-23 	2.12324e-05
1.34664 	2.42396e-05 	-7.44029e-06 	2.83627e-22 	1.81559e-05 	-7.77575e-23 	2.11768e-05
1.3531 	2.4201e-05 	-7.39424e-06 	3.2003e-22 	1.80841e-05 	-7.86782e-23 	2.11212e-05
1.35956 	2.41625e-05 	-7.34818e-06 	3.56433e-22 	1.80124e-05 	-7.95988e-23 	2.10655e-05
1.36602 	2.41239e-05 	-7.30213e-06 	3.92836e-22 	1.79406e-05 	-8.05195e-23 	2.10099e-05
1.37248 	2.40854e-05 	-7.25607e-06 	4.29239e-22 	1.78688e-05 	-8.14401e-23 	2.09543e-05
1.37894 	2.40469e-05 	-7.21002e-06 	4.65642e-22 	1.7797e-05 	-8.23607e-23 	2.08986e-05
1.38541 	2.40083e-05 	-7.16396e-06 	5.02046e-22 	1.77253e-05 	-8.32814e-23 	2.0843e-05
1.39187 	2.39698e-05 	-7.11791e-06 	5.38449e-22 	1.76535e-05 	-8.4202e-23 	2.07874e-05
1.39833 	2.39312e-05 	-7.07185e-06 	5.74852e-22 	1.75817e-05 	-8.51226e-23 	2.07317e-05
1.40479 	2.38927e-05 	-7.02579e-06 	6.11255e-22 	1.75099e-05 	-8.60433e-23 	2.06761e-05
1.41125 	2.38522e-05 	-6.97947e-06 	6.40792e-22 	1.74368e-05 	-8.65333e-23 	2.06189e-05
1.41771 	2.38049e-05 	-6.93222e-06 	6.46206e-22 	1.73587e-05 	-8.55103e-23 	2.05564e-05
1.42417 	2.37576e-05 	-6.88497e-06 	6.5162e-22 	1.72806e-05 	-8.44873e-23 	2.04939e-05
1.43063 	2.37103e-05 	-6.83771e-06 	6.57033e-22 	1.72025e-05 	-8.34643e-23 	2.04314e-05
1.4371 	2.3663e-05 	-6.79046e-06 	6.62447e-22 	1.71244e-05 	-8.24413e-23 	2.03689e-05
1.44356 	2.36157e-05 	-6.7432e-06 	6.67861e-22 	1.70463e-05 	-8.14183e-23 	2.03064e-05
1.45002 	2.35684e-05 	-6.69595e-06 	6.73274e-22 	1.69682e-05 	-8.03953e-23 	2.02439e-05
1.45648 	2.35211e-05 	-6.6487e-06 	6.78688e-22 	1.68901e-05 	-7.93723e-23 	2.01814e-05
1.46294 	2.34738e-05 	-6.60144e-06 	6.84102e-22 	1.6812e-05 	-7.83493e-23 	2.01189e-05
1.4694 	2.34134e-05 	-6.5517e-06 	6.75632e-22 	1.67344e-05 	-7.5883e-23 	2.00504e-05
1.47586 	2.33268e-05 	-6.49695e-06 	6.3921e-22 	1.66578e-05 	-7.0511e-23 	1.997e-05
1.48232 	2.32402e-05 	-6.44219e-06 	6.02789e-22 	1.65812e-05 	-6.5139e-23 	1.98895e-05
1.48878 	2.31536e-05 	-6.38744e-06 	5.66368e-22 	1.65046e-05 	-5.97669e-23 	1.98091e-05
1.49525 	2.3067e-05 	-6.33269e-06 	5.29946e-22 	1.6428e-05 	-5.43949e-23 	1.97286e-05
1.50171 	2.29804e-05 	-6.27793e-06 	4.93525e-22 	1.63514e-05 	-4.90229e-23 	1.96481e-05
1.50817 	2.28938e-05 	-6.22318e-06 	4.57104e-22 	1.62748e-05 	-4.36509e-23 	1.95677e-05
1.51463 	2.28072e-05 	-6.16843e-06 	4.20682e-22 	1.61982e-05 	-3.82788e-23 	1.94872e-05
1.52109 	2.27205e-05 	-6.11367e-06 	3.84261e-22 	1.61216e-05 	-3.29068e-23 	1.94068e-05
1.52755 	2.26339e-05 	-6.05892e-06 	3.4784e-22 	1.6045e-05 	-2.75348e-23 	1.93263e-05
1.53401 	2.25473e-05 	-6.00417e-06 	3.11418e-22 	1.59684e-05 	-2.21627e-23 	1.92458e-05
1.54047 	2.24607e-05 	-5.94941e-06 	2.74997e-22 	1.58918e-05 	-1.67907e-23 	1.91654e-05
1.54693 	2.23741e-05 	-5.89466e-06 	2.38576e-22 	1.58152e-05 	-1.14187e-23 	1.90849e-05
1.5534 	2.22875e-05 	-5.83991e-06 	2.02154e-22 	1.57386e-05 	-6.04666e-24 	1.90045e-05
1.55986 	2.22009e-05 	-5.78515e-06 	1.65733e-22 	1.5662e-05 	-6.74637e-25 	1.8924e-05
1.56632 	2.21156e-05 	-5.73367e-06 	1.35621e-22 	1.55873e-05 	4.24633e-24 	1.88451e-05
1.57278 	2.20358e-05 	-5.69546e-06 	1.31097e-22 	1.55205e-05 	7.33805e-24 	1.87726e-05
1.57924 	2.19559e-05 	-5.65725e-06 	1.26572e-22 	1.54538e-05 	1.04298e-23 	1.87002e-05
1.5857 	2.18761e-05 	-5.61904e-06 	1.22048e-22 	1.5387e-05 	1.35215e-23 	1.86277e-05
1.59216 	2.17962e-05 	-5.58084e-06 	1.17524e-22 	1.53202e-05 	1.66132e-23 	1.85552e-05
1.59862 	2.17164e-05 	-5.54263e-06 	1.12999e-22 	1.52534e-05 	1.97049e-23 	1.84827e-05
1.60509 	2.16366e-05 	-5.50442e-06 	1.08475e-22 	1.51867e-05 	2.27966e-23 	1.84102e-05
1.61155 	2.15567e-05 	-5.46621e-06 	1.03951e-22 	1.51199e-05 	2.58883e-23 	1.83378e-05
1.61801 	2.14769e-05 	-5.428e-06 	9.94264e-23 	1.50531e-05 	2.89801e-23 	1.82653e-05
1.62447 	2.1397e-05 	-5.38979e-06 	9.49021e-23 	1.49864e-05 	3.20718e-23 	1.81928e-05
1.63093 	2.13172e-05 	-5.35158e-06 	9.03778e-23 	1.49196e-05 	3.51635e-23 	1.81203e-05
1.63739 	2.12374e-05 	-5.31337e-06 	8.58535e-23 	1.48528e-05 	3.82552e-23 	1.80478e-05
1.64385 	2.11575e-05 	-5.27516e-06 	8.13292e-23 	1.4786e-05 	4.13469e-23 	1.79753e-05
1.65031 	2.10777e-05 	-5.23695e-06 	7.68049e-23 	1.47193e-05 	4.44386e-23 	1.79029e-05
1.65677 	2.09978e-05 	-5.19874e-06 	7.22805e-23 	1.46525e-05 	4.75304e-23 	1.78304e-05
1.66324 	2.0918e-05 	-5.16053e-06 	6.77562e-23 	1.45857e-05 	5.06221e-23 	1.77579e-05
1.6697 	2.08382e-05 	-5.12232e-06 	6.32319e-23 	1.4519e-05 	5.37138e-23 	1.76854e-05
1.67616 	2.07583e-05 	-5.08412e-06 	5.87076e-23 	1.44522e-05 	5.68055e-23 	1.76129e-05
1.68262 	2.06785e-05 	-5.04591e-06 	5.41833e-23 	1.43854e-05 	5.98972e-23 	1.75405e-05
1.68908 	2.05986e-05 	-5.0077e-06 	4.9659e-23 	1.43186e-05 	6.29889e-23 	1.7468e-05
1.69554 	2.05188e-05 	-4.96949e-06 	4.51346e-23 	1.42519e-05 	6.60806e-23 	1.73955e-05
1.702 	2.04389e-05 	-4.93128e-06 	4.06103e-23 	1.41851e-05 	6.91724e-23 	1.7323e-05
1.70846 	2.03591e-05 	-4.89307e-06 	3.6086e-23 	1.41183e-05 	7.22641e-23 	1.72505e-05
1.71492 	2.02793e-05 	-4.85486e-06 	3.15617e-23 	1.40516e-05 	7.53558e-23 	1.7178e-05
1.72139 	2.01994e-05 	-4.81665e-06 	2.70374e-23 	1.39848e-05 	7.84475e-23 	1.71056e-05
1.72785 	2.01067e-05 	-4.77784e-06 	1.57407e-23 	1.3923e-05 	7.71382e-23 	1.70276e-05
1.73431 	2.00141e-05 	-4.73856e-06 	2.78144e-24 	1.38613e-05 	7.41903e-23 	1.69494e-05
1.74077 	1.99216e-05 	-4.69928e-06 	-1.01778e-23 	1.37996e-05 	7.12424e-23 	1.68711e-05
1.74723 	1.98291e-05 	-4.66e-06 	-2.3137e-23 	1.37379e-05 	6.82945e-23 	1.67929e-05
1.75369 	1.97366e-05 	-4.62071e-06 	-3.60962e-23 	1.36762e-05 	6.53466e-23 	1.67146e-05
1.76015 	1.96441e-05 	-4.58143e-06 	-4.90554e-23 	1.36145e-05 	6.23987e-23 	1.66364e-05
1.76661 	1.95516e-05 	-4.54215e-06 	-6.20147e-23 	1.35528e-05 	5.94508e-23 	1.65581e-05
1.77308 	1.94591e-05 	-4.50287e-06 	-7.49739e-23 	1.34911e-05 	5.65029e-23 	1.64799e-05
1.77954 	1.93666e-05 	-4.46359e-06 	-8.79331e-23 	1.34294e-05 	5.3555e-23 	1.64016e-05
1.786 	1.9274e-05 	-4.42431e-06 	-1.00892e-22 	1.33678e-05 	5.06071e-23 	1.63234e-05
1.79246 	1.91815e-05 	-4.38503e-06 	-1.13852e-22 	1.33061e-05 	4.76592e-23 	1.62451e-05
1.79892 	1.9089e-05 	-4.34574e-06 	-1.26811e-22 	1.32444e-05 	4.47113e-23 	1.61669e-05
1.80538 	1.89965e-05 	-4.30646e-06 	-1.3977e-22 	1.31827e-05 	4.17634e-23 	1.60886e-05
1.81184 	1.8904e-05 	-4.26718e-06 	-1.52729e-22 	1.3121e-05 	3.88155e-23 	1.60104e-05
1.8183 	1.88115e-05 	-4.2279e-06 	-1.65688e-22 	1.30593e-05 	3.58676e-23 	1.59321e-05
1.82476 	1.8719e-05 	-4.18862e-06 	-1.78648e-22 	1.29976e-05 	3.29197e-23 	1.58539e-05
1.83123 	1.86265e-05 	-4.14934e-06 	-1.91607e-22 	1.29359e-05 	2.99718e-23 	1.57756e-05
1.83769 	1.85339e-05 	-4.11006e-06 	-2.04566e-22 	1.28742e-05 	2.70239e-23 	1.56974e-05
1.84415 	1.84414e-05 	-4.07077e-06 	-2.17525e-22 	1.28126e-05 	2.4076e-23 	1.56191e-05
1.85061 	1.83489e-05 	-4.03149e-06 	-2.30484e-22 	1.27509e-05 	2.11281e-23 	1.55409e-05
1.85707 	1.82564e-05 	-3.99221e-06 	-2.43444e-22 	1.26892e-05 	1.81802e-23 	1.54626e-05
1.86353 	1.81639e-05 	-3.95293e-06 	-2.56403e-22 	1.26275e-05 	1.52323e-23 	1.53844e-05
1.86999 	1.80714e-05 	-3.91365e-06 	-2.69362e-22 	1.25658e-05 	1.22844e-23 	1.53061e-05
1.87645 	1.79789e-05 	-3.87437e-06 	-2.82321e-22 	1.25041e-05 	9.33654e-24 	1.52279e-05
1.88291 	1.78851e-05 	-3.83864e-06 	-3.08524e-22 	1.24393e-05 	7.13319e-24 	1.51474e-05
1.88938 	1.77906e-05 	-3.80465e-06 	-3.41155e-22 	1.23731e-05 	5.29131e-24 	1.50659e-05
1.89584 	1.76962e-05 	-3.77065e-06 	-3.73787e-22 	1.23068e-05 	3.44943e-24 	1.49844e-05
1.9023 	1.76017e-05 	-3.73665e-06 	-4.06419e-22 	1.22406e-05 	1.60755e-24 	1.49029e-05
1.90876 	1.75073e-05 	-3.70265e-06 	-4.39051e-22 	1.21743e-05 	-2.34328e-25 	1.48214e-05
1.91522 	1.74129e-05 	-3.66866e-06 	-4.71683e-22 	1.21081e-05 	-2.07621e-24 	1.47399e-05
1.92168 	1.73184e-05 	-3.63466e-06 	-5.04314e-22 	1.20418e-05 	-3.91809e-24 	1.46584e-05
1.92814 	1.7224e-05 	-3.60066e-06 	-5.36946e-22 	1.19756e-05 	-5.75997e-24 	1.45768e-05
1.9346 	1.71295e-05 	-3.56667e-06 	-5.69578e-22 	1.19093e-05 	-7.60184e-24 	1.44953e-05
1.94107 	1.70351e-05 	-3.53267e-06 	-6.0221e-22 	1.18431e-05 	-9.44372e-24 	1.44138e-05
1.94753 	1.69407e-05 	-3.49867e-06 	-6.34842e-22 	1.17768e-05 	-1.12856e-23 	1.43323e-05
1.95399 	1.68462e-05 	-3.46467e-06 	-6.67473e-22 	1.17106e-05 	-1.31275e-23 	1.42508e-05
1.96045 	1.67518e-05 	-3.43068e-06 	-7.00105e-22 	1.16443e-05 	-1.49694e-23 	1.41693e-05
1.96691 	1.66573e-05 	-3.39668e-06 	-7.32737e-22 	1.15781e-05 	-1.68112e-23 	1.40878e-05
1.97337 	1.65629e-05 	-3.36268e-06 	-7.65369e-22 	1.15118e-05 	-1.86531e-23 	1.40063e-05
1.97983 	1.64685e-05 	-3.32869e-06 	-7.98001e-22 	1.14456e-05 	-2.0495e-23 	1.39247e-05
1.98629 	1.6374e-05 	-3.29469e-06 	-8.30632e-22 	1.13793e-05 	-2.23369e-23 	1.38432e-05
1.99275 	1.62774e-05 	-3.262e-06 	-8.47157e-22 	1.13162e-05 	-2.38055e-23 	1.37626e-05
1.99922 	1.61771e-05 	-3.2315e-06 	-8.3649e-22 	1.12582e-05 	-2.46439e-23 	1.36835e-05
2.00568 	1.60769e-05 	-3.20101e-06 	-8.25823e-22 	1.12003e-05 	-2.54824e-23 	1.36044e-05
2.01214 	1.59766e-05 	-3.17052e-06 	-8.15156e-22 	1.11423e-05 	-2.63208e-23 	1.35254e-05
2.0186 	1.58763e-05 	-3.14002e-06 	-8.04489e-22 	1.10844e-05 	-2.71593e-23 	1.34463e-05
2.02506 	1.57761e-05 	-3.10953e-06 	-7.93822e-22 	1.10264e-05 	-2.79977e-23 	1.33672e-05
2.03152 	1.56768e-05 	-3.07914e-06 	-7.76163e-22 	1.0969e-05 	-2.85788e-23 	1.32891e-05
2.03798 	1.55825e-05 	-3.0493e-06 	-7.23768e-22 	1.09146e-05 	-2.78816e-23 	1.32162e-05
2.04444 	1.54883e-05 	-3.01945e-06 	-6.71372e-22 	1.08602e-05 	-2.71843e-23 	1.31432e-05
2.0509 	1.5394e-05 	-2.9896e-06 	-6.18977e-22 	1.08057e-05 	-2.6487e-23 	1.30702e-05
2.05737 	1.52997e-05 	-2.95975e-06 	-5.66581e-22 	1.07513e-05 	-2.57897e-23 	1.29973e-05
2.06383 	1.52055e-05 	-2.9299e-06 	-5.14186e-22 	1.06969e-05 	-2.50925e-23 	1.29243e-05
2.07029 	1.51112e-05 	-2.90006e-06 	-4.61791e-22 	1.06424e-05 	-2.43952e-23 	1.28514e-05
2.07675 	1.5017e-05 	-2.87021e-06 	-4.09395e-22 	1.0588e-05 	-2.36979e-23 	1.27784e-05
2.08321 	1.49227e-05 	-2.84036e-06 	-3.57e-22 	1.05336e-05 	-2.30006e-23 	1.27055e-05
2.08967 	1.48284e-05 	-2.81051e-06 	-3.04604e-22 	1.04791e-05 	-2.23034e-23 	1.26325e-05
2.09613 	1.47342e-05 	-2.78067e-06 	-2.52209e-22 	1.04247e-05 	-2.16061e-23 	1.25595e-05
2.10259 	1.46399e-05 	-2.75082e-06 	-1.99813e-22 	1.03702e-05 	-2.09088e-23 	1.24866e-05
2.10906 	1.45456e-05 	-2.72097e-06 	-1.47418e-22 	1.03158e-05 	-2.02116e-23 	1.24136e-05
2.11552 	1.44514e-05 	-2.69112e-06 	-9.50227e-23 	1.02614e-05 	-1.95143e-23 	1.23407e-05
2.12198 	1.43571e-05 	-2.66127e-06 	-4.26272e-23 	1.02069e-05 	-1.8817e-23 	1.22677e-05
2.12844 	1.42628e-05 	-2.63143e-06 	9.76816e-24 	1.01525e-05 	-1.81197e-23 	1.21948e-05
2.1349 	1.41686e-05 	-2.60158e-06 	6.21636e-23 	1.00981e-05 	-1.74225e-23 	1.21218e-05
2.14136 	1.40737e-05 	-2.57176e-06 	1.1531e-22 	1.00427e-05 	-1.7129e-23 	1.20481e-05
2.14782 	1.39737e-05 	-2.54222e-06 	1.75238e-22 	9.97889e-06 	-2.04796e-23 	1.19681e-05
2.15428 	1.38737e-05 	-2.51269e-06 	2.35165e-22 	9.9151e-06 	-2.38302e-23 	1.1888e-05
2.16074 	1.37736e-05 	-2.48315e-06 	2.95093e-22 	9.8513e-06 	-2.71807e-23 	1.18079e-05
2.16721 	1.36736e-05 	-2.45361e-06 	3.5502e-22 	9.7875e-06 	-3.05313e-23 	1.17278e-05
2.17367 	1.35736e-05 	-2.42407e-06 	4.14948e-22 	9.72371e-06 	-3.38819e-23 	1.16478e-05
2.18013 	1.34735e-05 	-2.39453e-06 	4.74875e-22 	9.65991e-06 	-3.72325e-23 	1.15677e-05
2.18659 	1.33735e-05 	-2.365e-06 	5.34803e-22 	9.59612e-06 	-4.05831e-23 	1.14876e-05
2.19305 	1.32735e-05 	-2.33546e-06 	5.9473e-22 	9.53232e-06 	-4.39336e-23 	1.14076e-05
2.19951 	1.31734e-05 	-2.30592e-06 	6.54657e-22 	9.46852e-06 	-4.72842e-23 	1.13275e-05
2.20597 	1.30734e-05 	-2.27638e-06 	7.14585e-22 	9.40473e-06 	-5.06348e-23 	1.12474e-05
2.21243 	1.29734e-05 	-2.24684e-06 	7.74512e-22 	9.34093e-06 	-5.39854e-23 	1.11673e-05
2.21889 	1.28733e-05 	-2.21731e-06 	8.3444e-22 	9.27713e-06 	-5.7336e-23 	1.10873e-05
2.22536 	1.27754e-05 	-2.18712e-06 	8.69033e-22 	9.21792e-06 	-5.87481e-23 	1.10099e-05
2.23182 	1.26799e-05 	-2.15615e-06 	8.73217e-22 	9.1642e-06 	-5.78335e-23 	1.09358e-05
2.23828 	1.25845e-05 	-2.12518e-06 	8.77401e-22 	9.11049e-06 	-5.69189e-23 	1.08618e-05
2.24474 	1.2489e-05 	-2.09421e-06 	8.81584e-22 	9.05677e-06 	-5.60042e-23 	1.07877e-05
2.2512 	1.23936e-05 	-2.06324e-06 	8.85768e-22 	9.00305e-06 	-5.50896e-23 	1.07136e-05
2.25766 	1.22982e-05 	-2.03227e-06 	8.89951e-22 	8.94934e-06 	-5.4175e-23 	1.06396e-05
2.26412 	1.22027e-05 	-2.00128e-06 	8.93906e-22 	8.89565e-06 	-5.3249e-23 	1.05655e-05
2.27058 	1.21168e-05 	-1.96593e-06 	8.34563e-22 	8.84921e-06 	-4.9203e-23 	1.04985e-05
2.27705 	1.20308e-05 	-1.93058e-06 	7.7522e-22 	8.80277e-06 	-4.5157e-23 	1.04315e-05
2.28351 	1.19448e-05 	-1.89522e-06 	7.15878e-22 	8.75634e-06 	-4.1111e-23 	1.03645e-05
2.28997 	1.18588e-05 	-1.85987e-06 	6.56535e-22 	8.7099e-06 	-3.7065e-23 	1.02975e-05
2.29643 	1.17728e-05 	-1.82452e-06 	5.97193e-22 	8.66346e-06 	-3.30191e-23 	1.02305e-05
2.30289 	1.16868e-05 	-1.78917e-06 	5.3785e-22 	8.61702e-06 	-2.89731e-23 	1.01635e-05
2.30935 	1.16008e-05 	-1.75382e-06 	4.78508e-22 	8.57058e-06 	-2.49271e-23 	1.00965e-05
2.31581 	1.15148e-05 	-1.71846e-06 	4.19165e-22 	8.52415e-06 	-2.08811e-23 	1.00294e-05
2.32227 	1.14288e-05 	-1.68311e-06 	3.59823e-22 	8.47771e-06 	-1.68351e-23 	9.96244e-06
2.32873 	1.13429e-05 	-1.64776e-06 	3.0048e-22 	8.43127e-06 	-1.27891e-23 	9.89543e-06
2.3352 	1.12569e-05 	-1.61241e-06 	2.41138e-22 	8.38483e-06 	-8.7431e-24 	9.82842e-06
2.34166 	1.11709e-05 	-1.57705e-06 	1.81795e-22 	8.3384e-06 	-4.6971e-24 	9.76141e-06
2.34812 	1.10807e-05 	-1.53998e-06 	1.52476e-22 	8.28637e-06 	-3.31699e-25 	9.68967e-06
2.35458 	1.09869e-05 	-1.50136e-06 	1.49958e-22 	8.22935e-06 	4.31882e-24 	9.61369e-06
2.36104 	1.0893e-05 	-1.46274e-06 	1.47439e-22 	8.17233e-06 	8.96933e-24 	9.53772e-06
2.3675 	1.07991e-05 	-1.42413e-06 	1.4492e-22 	8.11531e-06 	1.36199e-23 	9.46175e-06
2.37396 	1.07053e-05 	-1.38551e-06 	1.42401e-22 	8.05829e-06 	1.82704e-23 	9.38577e-06
2.38042 	1.06114e-05 	-1.34689e-06 	1.39882e-22 	8.00127e-06 	2.29209e-23 	9.3098e-06
2.38688 	1.05175e-05 	-1.30828e-06 	1.37364e-22 	7.94425e-06 	2.75714e-23 	9.23382e-06
2.39335 	1.04237e-05 	-1.26966e-06 	1.34845e-22 	7.88723e-06 	3.22219e-23 	9.15785e-06
2.39981 	1.03298e-05 	-1.23104e-06 	1.32326e-22 	7.83021e-06 	3.68724e-23 	9.08188e-06
2.40627 	1.02373e-05 	-1.1926e-06 	1.28224e-22 	7.77463e-06 	4.06378e-23 	9.00736e-06
2.41273 	1.01513e-05 	-1.15497e-06 	1.16782e-22 	7.72572e-06 	4.03015e-23 	8.9396e-06
2.41919 	1.00652e-05 	-1.11735e-06 	1.05341e-22 	7.67681e-06 	3.99653e-23 	8.87184e-06
2.42565 	9.97914e-06 	-1.07972e-06 	9.38994e-23 	7.6279e-06 	3.9629e-23 	8.80408e-06
2.43211 	9.89309e-06 	-1.04209e-06 	8.2458e-23 	7.57899e-06 	3.92927e-23 	8.73632e-06
2.43857 	9.80703e-06 	-1.00446e-06 	7.10166e-23 	7.53008e-06 	3.89564e-23 	8.66856e-06
2.44504 	9.72255e-06 	-9.66399e-07 	6.03212e-23 	7.48245e-06 	3.74908e-23 	8.60225e-06
2.4515 	9.64507e-06 	-9.26391e-07 	5.29507e-23 	7.4405e-06 	3.09919e-23 	8.5424e-06
2.45796 	9.5676e-06 	-8.86384e-07 	4.55803e-23 	7.39855e-06 	2.44929e-23 	8.48256e-06
2.46442 	9.49012e-06 	-8.46376e-07 	3.82099e-23 	7.3566e-06 	1.79939e-23 	8.42272e-06
2.47088 	9.41264e-06 	-8.06369e-07 	3.08394e-23 	7.31465e-06 	1.1495e-23 	8.36287e-06
2.47734 	9.33517e-06 	-7.66361e-07 	2.3469e-23 	7.2727e-06 	4.99603e-24 	8.30303e-06
2.4838 	9.25769e-06 	-7.26354e-07 	1.60986e-23 	7.23075e-06 	-1.50293e-24 	8.24319e-06
2.49026 	9.18021e-06 	-6.86346e-07 	8.72811e-24 	7.18881e-06 	-8.00189e-24 	8.18334e-06
2.49672 	9.10274e-06 	-6.46338e-07 	1.35768e-24 	7.14686e-06 	-1.45008e-23 	8.1235e-06
2.50319 	9.02526e-06 	-6.06331e-07 	-6.01276e-24 	7.10491e-06 	-2.09998e-23 	8.06366e-06
2.50965 	8.93838e-06 	-5.59952e-07 	-1.39439e-23 	7.05275e-06 	-2.62726e-23 	7.99424e-06
2.51611 	8.85098e-06 	-5.13229e-07 	-2.19055e-23 	7.00004e-06 	-3.14791e-23 	7.9243e-06
2.52257 	8.76359e-06 	-4.66506e-07 	-2.9867e-23 	6.94732e-06 	-3.66856e-23 	7.85437e-06
2.52903 	8.6762e-06 	-4.19782e-07 	-3.78285e-23 	6.89461e-06 	-4.18921e-23 	7.78443e-06
2.53549 	8.58881e-06 	-3.73059e-07 	-4.579e-23 	6.8419e-06 	-4.70985e-23 	7.7145e-06
2.54195 	8.50141e-06 	-3.26336e-07 	-5.37515e-23 	6.78919e-06 	-5.2305e-23 	7.64456e-06
2.54841 	8.41402e-06 	-2.79612e-07 	-6.17131e-23 	6.73647e-06 	-5.75115e-23 	7.57463e-06
2.55487 	8.33643e-06 	-2.36539e-07 	-5.53811e-23 	6.6922e-06 	-5.68433e-23 	7.51371e-06
2.56134 	8.25921e-06 	-1.93598e-07 	-4.85269e-23 	6.64823e-06 	-5.59604e-23 	7.45313e-06
2.5678 	8.18198e-06 	-1.50658e-07 	-4.16727e-23 	6.60427e-06 	-5.50775e-23 	7.39254e-06
2.57426 	8.10475e-06 	-1.07718e-07 	-3.48184e-23 	6.5603e-06 	-5.41945e-23 	7.33195e-06
2.58072 	8.02752e-06 	-6.47775e-08 	-2.79642e-23 	6.51634e-06 	-5.33116e-23 	7.27137e-06
2.58718 	7.95614e-06 	-2.2044e-08 	1.41255e-25 	6.47838e-06 	-4.68772e-23 	7.21666e-06
2.59364 	7.88712e-06 	2.06059e-08 	3.68442e-23 	6.44286e-06 	-3.81968e-23 	7.16432e-06
2.6001 	7.8181e-06 	6.32558e-08 	7.35472e-23 	6.40734e-06 	-2.95163e-23 	7.11199e-06
2.60656 	7.74908e-06 	1.05906e-07 	1.1025e-22 	6.37182e-06 	-2.08359e-23 	7.05966e-06
2.61303 	7.68006e-06 	1.48556e-07 	1.46953e-22 	6.3363e-06 	-1.21555e-23 	7.00733e-06
2.61949 	7.61104e-06 	1.91205e-07 	1.83656e-22 	6.30078e-06 	-3.47502e-24 	6.955e-06
2.62595 	7.54202e-06 	2.33855e-07 	2.20359e-22 	6.26526e-06 	5.20541e-24 	6.90267e-06
2.63241 	7.46391e-06 	2.84036e-07 	2.61997e-22 	6.2218e-06 	1.68117e-23 	6.84199e-06
2.63887 	7.38359e-06 	3.36044e-07 	3.04831e-22 	6.17641e-06 	2.91281e-23 	6.7793e-06
2.64533 	7.30328e-06 	3.88051e-07 	3.47666e-22 	6.13103e-06 	4.14445e-23 	6.7166e-06
2.65179 	7.22296e-06 	4.40059e-07 	3.90501e-22 	6.08564e-06 	5.37609e-23 	6.6539e-06
2.65825 	7.14264e-06 	4.92067e-07 	4.33336e-22 	6.04025e-06 	6.60773e-23 	6.5912e-06
2.66471 	7.0692e-06 	5.39638e-07 	4.48624e-22 	5.99933e-06 	7.19635e-23 	6.53413e-06
2.67118 	7.00151e-06 	5.83501e-07 	4.40895e-22 	5.96215e-06 	7.24772e-23 	6.48174e-06
2.67764 	6.93382e-06 	6.27365e-07 	4.33167e-22 	5.92497e-06 	7.2991e-23 	6.42936e-06
2.6841 	6.86614e-06 	6.71228e-07 	4.25439e-22 	5.88779e-06 	7.35047e-23 	6.37698e-06
2.69056 	6.7993e-06 	7.14668e-07 	4.10828e-22 	5.85147e-06 	7.30293e-23 	6.32544e-06
2.69702 	6.7401e-06 	7.54309e-07 	3.34543e-22 	5.82289e-06 	6.36907e-23 	6.28147e-06
2.70348 	6.68091e-06 	7.9395e-07 	2.58259e-22 	5.79431e-06 	5.43522e-23 	6.2375e-06
2.70994 	6.62171e-06 	8.33591e-07 	1.81974e-22 	5.76573e-06 	4.50136e-23 	6.19353e-06
2.7164 	6.56251e-06 	8.73232e-07 	1.0569e-22 	5.73715e-06 	3.5675e-23 	6.14956e-06
2.72286 	6.50332e-06 	9.12873e-07 	2.94051e-23 	5.70857e-06 	2.63364e-23 	6.10559e-06
2.72933 	6.43392e-06 	9.61595e-07 	-5.5301e-23 	5.67258e-06 	2.60598e-23 	6.05296e-06
2.73579 	6.36326e-06 	1.01144e-06 	-1.41049e-22 	5.63567e-06 	2.69045e-23 	5.99925e-06
2.74225 	6.2926e-06 	1.06129e-06 	-2.26797e-22 	5.59875e-06 	2.77492e-23 	5.94554e-06
2.74871 	6.22194e-06 	1.11113e-06 	-3.12546e-22 	5.56184e-06 	2.8594e-23 	5.89183e-06
2.75517 	6.165e-06 	1.14977e-06 	-3.26183e-22 	5.53198e-06 	2.70026e-23 	5.84848e-06
2.76163 	6.10957e-06 	1.18717e-06 	-3.31886e-22 	5.5029e-06 	2.51433e-23 	5.80627e-06
2.76809 	6.05414e-06 	1.22456e-06 	-3.37589e-22 	5.47382e-06 	2.32839e-23 	5.76405e-06
2.77455 	6.00079e-06 	1.26017e-06 	-3.26575e-22 	5.44653e-06 	2.05364e-23 	5.72376e-06
2.78102 	5.95461e-06 	1.2896e-06 	-2.57948e-22 	5.42541e-06 	1.47284e-23 	5.69007e-06
2.78748 	5.90844e-06 	1.31902e-06 	-1.89321e-22 	5.40428e-06 	8.9203e-24 	5.65639e-06
2.79394 	5.86226e-06 	1.34845e-06 	-1.20694e-22 	5.38316e-06 	3.11223e-24 	5.6227e-06
2.8004 	5.81343e-06 	1.38015e-06 	-6.56633e-23 	5.36029e-06 	-3.67667e-24 	5.58684e-06
2.80686 	5.75731e-06 	1.41807e-06 	-4.79107e-23 	5.3326e-06 	-1.3155e-23 	5.545e-06
2.81332 	5.7012e-06 	1.45599e-06 	-3.01581e-23 	5.30492e-06 	-2.26333e-23 	5.50316e-06
2.81978 	5.64877e-06 	1.49047e-06 	-1.42667e-23 	5.27897e-06 	-2.98631e-23 	5.46402e-06
2.82624 	5.60903e-06 	1.51305e-06 	-4.79071e-24 	5.25898e-06 	-2.93424e-23 	5.4342e-06
2.8327 	5.56929e-06 	1.53563e-06 	4.68531e-24 	5.239e-06 	-2.88218e-23 	5.40438e-06
2.83917 	5.53173e-06 	1.55578e-06 	1.22842e-23 	5.22065e-06 	-2.59939e-23 	5.37645e-06
2.84563 	5.50142e-06 	1.56783e-06 	1.36419e-23 	5.20776e-06 	-1.54947e-23 	5.35482e-06
2.85209 	5.4711e-06 	1.57988e-06 	1.49996e-23 	5.19486e-06 	-4.99541e-24 	5.33319e-06
2.85855 	5.43933e-06 	1.59276e-06 	1.53569e-23 	5.18098e-06 	3.25996e-24 	5.31035e-06
2.86501 	5.40202e-06 	1.60878e-06 	1.19169e-23 	5.16332e-06 	2.99758e-24 	5.28288e-06
2.87147 	5.36472e-06 	1.62481e-06 	8.47681e-24 	5.14566e-06 	2.73519e-24 	5.25541e-06
2.87793 	5.33787e-06 	1.62668e-06 	3.20645e-24 	5.13214e-06 	2.50427e-24 	5.23523e-06
2.88439 	5.31249e-06 	1.62657e-06 	-2.3196e-24 	5.11921e-06 	2.27775e-24 	5.21607e-06
2.89085 	5.29017e-06 	1.62111e-06 	-8.58904e-24 	5.10857e-06 	1.99869e-24 	5.19958e-06
2.89732 	5.27137e-06 	1.60951e-06 	-1.57105e-23 	5.10056e-06 	1.65941e-24 	5.18614e-06
2.90378 	5.25184e-06 	1.59747e-06 	-2.06213e-23 	5.09195e-06 	1.30935e-24 	5.17205e-06
2.91024 	5.22813e-06 	1.5829e-06 	-1.27188e-23 	5.0799e-06 	8.968e-25 	5.15412e-06
2.9167 	5.20105e-06 	1.56401e-06 	-6.07353e-24 	5.06313e-06 	9.2145e-25 	5.13216e-06
2.92316 	5.16786e-06 	1.53725e-06 	-1.71827e-24 	5.03778e-06 	1.74242e-24 	5.10284e-06
2.92962 	5.1316e-06 	1.50764e-06 	8.7593e-25 	5.00942e-06 	2.13885e-24 	5.07047e-06
2.93608 	5.0912e-06 	1.47419e-06 	1.10965e-24 	4.97704e-06 	1.96622e-24 	5.03401e-06
2.94254 	5.04294e-06 	1.43447e-06 	9.29775e-25 	4.93719e-06 	1.49555e-24 	4.98986e-06
2.94901 	4.96809e-06 	1.38447e-06 	1.51163e-25 	4.87079e-06 	7.62328e-25 	4.91915e-06
2.95547 	4.82977e-06 	1.31508e-06 	-1.67882e-24 	4.74054e-06 	-2.46277e-25 	4.78484e-06
2.96193 	4.64287e-06 	1.23364e-06 	-3.08728e-24 	4.56314e-06 	-1.18202e-24 	4.60272e-06
2.96839 	4.41689e-06 	1.13887e-06 	-3.42944e-24 	4.34782e-06 	-1.22905e-24 	4.38212e-06
2.97485 	4.1024e-06 	1.01399e-06 	-2.12605e-24 	4.04501e-06 	-3.66632e-25 	4.07352e-06
2.98131 	3.6506e-06 	8.51123e-07 	-9.52284e-25 	3.6046e-06 	-1.26129e-24 	3.62748e-06
2.98777 	3.05992e-06 	6.49656e-07 	-1.02563e-25 	3.02669e-06 	-2.07465e-24 	3.04325e-06
2.99423 	2.31991e-06 	4.04753e-07 	-1.86294e-25 	2.3015e-06 	-8.69112e-25 	2.31069e-06
3.00069 	1.68523e-06 	2.41181e-07 	1.28224e-25 	1.67527e-06 	-1.62435e-26 	1.68026e-06
3.00716 	1.07589e-06 	1.24966e-07 	1.18431e-25 	1.07109e-06 	-1.23083e-27 	1.07349e-06
3.01362 	5.44106e-07 	3.55471e-08 	2.00984e-26 	5.4304e-07 	3.28963e-26 	5.43572e-07
3.02008 	2.68632e-07 	1.45011e-08 	3.90316e-27 	2.68238e-07 	3.43238e-26 	2.68435e-07
3.02654 	8.58352e-08 	2.55902e-09 	-9.69906e-28 	8.57899e-08 	1.64754e-28 	8.58124e-08
3.033 	8.76213e-09 	1.64091e-10 	-6.29055e-29 	8.75973e-09 	1.21633e-28 	8.76093e-09
