1.000000e+00 9.846964e-01 5.000000e-02
1.000000e+00 1.789324e+00 5.000000e-02
1.000000e+00 2.593952e+00 5.000000e-02
2.000000e+00 6.136039e-01 5.000000e-02
2.000000e+00 1.541918e+00 5.000000e-02
2.000000e+00 2.470231e+00 5.000000e-02
3.000000e+00 6.136039e-01 5.000000e-02
3.000000e+00 1.541918e+00 5.000000e-02
3.000000e+00 2.470231e+00 5.000000e-02
4.000000e+00 6.136039e-01 5.000000e-02
4.000000e+00 1.541918e+00 5.000000e-02
4.000000e+00 2.470231e+00 5.000000e-02
5.000000e+00 6.136039e-01 5.000000e-02
5.000000e+00 1.541918e+00 5.000000e-02
5.000000e+00 2.470231e+00 5.000000e-02
6.000000e+00 6.136039e-01 5.000000e-02
6.000000e+00 1.541918e+00 5.000000e-02
6.000000e+00 2.470231e+00 5.000000e-02
