(1.000000e+00 7.433079e-01 5.000000e-02)
(1.000000e+00 8.505917e-01 5.000000e-02)
(1.000000e+00 9.578754e-01 5.000000e-02)
(1.000000e+00 1.065159e+00 5.000000e-02)
(1.000000e+00 1.172443e+00 5.000000e-02)
(1.000000e+00 1.279727e+00 5.000000e-02)
(1.000000e+00 1.387010e+00 5.000000e-02)
(1.000000e+00 1.494294e+00 5.000000e-02)
(1.000000e+00 1.601578e+00 5.000000e-02)
(1.000000e+00 1.708862e+00 5.000000e-02)
(1.000000e+00 1.816145e+00 5.000000e-02)
(1.000000e+00 1.923429e+00 5.000000e-02)
(1.000000e+00 2.030713e+00 5.000000e-02)
(1.000000e+00 2.137996e+00 5.000000e-02)
(1.000000e+00 2.245280e+00 5.000000e-02)
(1.000000e+00 2.352564e+00 5.000000e-02)
(1.000000e+00 2.459848e+00 5.000000e-02)
(1.000000e+00 2.567132e+00 5.000000e-02)
(1.000000e+00 2.674415e+00 5.000000e-02)
(1.000000e+00 2.781699e+00 5.000000e-02)
(2.000000e+00 3.846200e-01 5.000000e-02)
(2.000000e+00 5.083951e-01 5.000000e-02)
(2.000000e+00 6.321703e-01 5.000000e-02)
(2.000000e+00 7.559454e-01 5.000000e-02)
(2.000000e+00 8.797205e-01 5.000000e-02)
(2.000000e+00 1.003496e+00 5.000000e-02)
(2.000000e+00 1.127271e+00 5.000000e-02)
(2.000000e+00 1.251046e+00 5.000000e-02)
(2.000000e+00 1.374821e+00 5.000000e-02)
(2.000000e+00 1.498596e+00 5.000000e-02)
(2.000000e+00 1.622371e+00 5.000000e-02)
(2.000000e+00 1.746146e+00 5.000000e-02)
(2.000000e+00 1.869922e+00 5.000000e-02)
(2.000000e+00 1.993697e+00 5.000000e-02)
(2.000000e+00 2.117472e+00 5.000000e-02)
(2.000000e+00 2.241247e+00 5.000000e-02)
(2.000000e+00 2.365022e+00 5.000000e-02)
(2.000000e+00 2.488797e+00 5.000000e-02)
(2.000000e+00 2.612572e+00 5.000000e-02)
(2.000000e+00 2.736348e+00 5.000000e-02)
(3.000000e+00 3.846200e-01 5.000000e-02)
(3.000000e+00 5.083951e-01 5.000000e-02)
(3.000000e+00 6.321703e-01 5.000000e-02)
(3.000000e+00 7.559454e-01 5.000000e-02)
(3.000000e+00 8.797205e-01 5.000000e-02)
(3.000000e+00 1.003496e+00 5.000000e-02)
(3.000000e+00 1.127271e+00 5.000000e-02)
(3.000000e+00 1.251046e+00 5.000000e-02)
(3.000000e+00 1.374821e+00 5.000000e-02)
(3.000000e+00 1.498596e+00 5.000000e-02)
(3.000000e+00 1.622371e+00 5.000000e-02)
(3.000000e+00 1.746146e+00 5.000000e-02)
(3.000000e+00 1.869922e+00 5.000000e-02)
(3.000000e+00 1.993697e+00 5.000000e-02)
(3.000000e+00 2.117472e+00 5.000000e-02)
(3.000000e+00 2.241247e+00 5.000000e-02)
(3.000000e+00 2.365022e+00 5.000000e-02)
(3.000000e+00 2.488797e+00 5.000000e-02)
(3.000000e+00 2.612572e+00 5.000000e-02)
(3.000000e+00 2.736348e+00 5.000000e-02)
(4.000000e+00 3.846200e-01 5.000000e-02)
(4.000000e+00 5.083951e-01 5.000000e-02)
(4.000000e+00 6.321703e-01 5.000000e-02)
(4.000000e+00 7.559454e-01 5.000000e-02)
(4.000000e+00 8.797205e-01 5.000000e-02)
(4.000000e+00 1.003496e+00 5.000000e-02)
(4.000000e+00 1.127271e+00 5.000000e-02)
(4.000000e+00 1.251046e+00 5.000000e-02)
(4.000000e+00 1.374821e+00 5.000000e-02)
(4.000000e+00 1.498596e+00 5.000000e-02)
(4.000000e+00 1.622371e+00 5.000000e-02)
(4.000000e+00 1.746146e+00 5.000000e-02)
(4.000000e+00 1.869922e+00 5.000000e-02)
(4.000000e+00 1.993697e+00 5.000000e-02)
(4.000000e+00 2.117472e+00 5.000000e-02)
(4.000000e+00 2.241247e+00 5.000000e-02)
(4.000000e+00 2.365022e+00 5.000000e-02)
(4.000000e+00 2.488797e+00 5.000000e-02)
(4.000000e+00 2.612572e+00 5.000000e-02)
(4.000000e+00 2.736348e+00 5.000000e-02)
