1.000000e+00 9.846964e-01 5.000000e-02 7.852086e-03 0.000000e+00 0.000000e+00
1.000000e+00 1.789324e+00 5.000000e-02 2.940388e-02 0.000000e+00 0.000000e+00
1.000000e+00 2.593952e+00 5.000000e-02 3.197408e-02 0.000000e+00 0.000000e+00
2.000000e+00 6.136039e-01 5.000000e-02 7.054789e-05 0.000000e+00 0.000000e+00
2.000000e+00 1.541918e+00 5.000000e-02 2.828125e-02 0.000000e+00 0.000000e+00
2.000000e+00 2.470231e+00 5.000000e-02 3.211769e-02 0.000000e+00 0.000000e+00
3.000000e+00 6.136039e-01 5.000000e-02 3.052000e-03 0.000000e+00 0.000000e+00
3.000000e+00 1.541918e+00 5.000000e-02 2.725150e-02 0.000000e+00 0.000000e+00
3.000000e+00 2.470231e+00 5.000000e-02 3.139772e-02 0.000000e+00 0.000000e+00
4.000000e+00 6.136039e-01 5.000000e-02 5.809519e-03 0.000000e+00 0.000000e+00
4.000000e+00 1.541918e+00 5.000000e-02 2.563351e-02 0.000000e+00 0.000000e+00
4.000000e+00 2.470231e+00 5.000000e-02 3.024415e-02 0.000000e+00 0.000000e+00
5.000000e+00 6.136039e-01 5.000000e-02 7.977020e-03 0.000000e+00 0.000000e+00
5.000000e+00 1.541918e+00 5.000000e-02 2.427002e-02 0.000000e+00 0.000000e+00
5.000000e+00 2.470231e+00 5.000000e-02 2.911234e-02 0.000000e+00 0.000000e+00
6.000000e+00 6.136039e-01 5.000000e-02 9.520992e-03 0.000000e+00 0.000000e+00
6.000000e+00 1.541918e+00 5.000000e-02 2.323443e-02 0.000000e+00 0.000000e+00
6.000000e+00 2.470231e+00 5.000000e-02 2.835419e-02 0.000000e+00 0.000000e+00
