7.852086e-03
0.000000e+00
0.000000e+00
2.940388e-02
0.000000e+00
0.000000e+00
3.197408e-02
0.000000e+00
0.000000e+00
7.054789e-05
0.000000e+00
0.000000e+00
2.828125e-02
0.000000e+00
0.000000e+00
3.211769e-02
0.000000e+00
0.000000e+00
3.052000e-03
0.000000e+00
0.000000e+00
2.725150e-02
0.000000e+00
0.000000e+00
3.139772e-02
0.000000e+00
0.000000e+00
5.809519e-03
0.000000e+00
0.000000e+00
2.563351e-02
0.000000e+00
0.000000e+00
3.024415e-02
0.000000e+00
0.000000e+00
7.977020e-03
0.000000e+00
0.000000e+00
2.427002e-02
0.000000e+00
0.000000e+00
2.911234e-02
0.000000e+00
0.000000e+00
9.520992e-03
0.000000e+00
0.000000e+00
2.323443e-02
0.000000e+00
0.000000e+00
2.835419e-02
0.000000e+00
0.000000e+00
