0.455000 6.851212e-07 5.266669e-07 0.000000e+00 4.067205e-07 0.000000e+00 2.453437e-06
0.461461 2.648067e-06 1.972272e-06 0.000000e+00 1.518046e-06 0.000000e+00 9.558774e-06
0.467922 5.017043e-06 3.611799e-06 0.000000e+00 2.806521e-06 0.000000e+00 1.831812e-05
0.474383 7.187296e-06 4.975627e-06 0.000000e+00 3.957029e-06 0.000000e+00 2.668897e-05
0.480845 8.926753e-06 5.916169e-06 0.000000e+00 4.891426e-06 0.000000e+00 3.385286e-05
0.487306 1.021638e-05 6.444835e-06 0.000000e+00 5.629567e-06 0.000000e+00 3.961373e-05
0.493767 1.115118e-05 6.649660e-06 0.000000e+00 6.226882e-06 0.000000e+00 4.412619e-05
0.500228 1.183654e-05 6.626465e-06 0.000000e+00 6.739044e-06 0.000000e+00 4.764790e-05
0.506689 1.235333e-05 6.441490e-06 0.000000e+00 7.197669e-06 0.000000e+00 5.037279e-05
0.513150 1.276329e-05 6.143659e-06 0.000000e+00 7.619665e-06 0.000000e+00 5.244976e-05
0.519612 1.310847e-05 5.770308e-06 0.000000e+00 8.018837e-06 0.000000e+00 5.401457e-05
0.526073 1.341423e-05 5.345509e-06 0.000000e+00 8.403302e-06 0.000000e+00 5.514943e-05
0.532534 1.369985e-05 4.888805e-06 0.000000e+00 8.778702e-06 0.000000e+00 5.594596e-05
0.538995 1.397613e-05 4.414233e-06 0.000000e+00 9.148793e-06 0.000000e+00 5.648185e-05
0.545456 1.425012e-05 3.928700e-06 0.000000e+00 9.515295e-06 0.000000e+00 5.677631e-05
0.551917 1.452563e-05 3.439967e-06 0.000000e+00 9.876158e-06 0.000000e+00 5.689107e-05
0.558378 1.480536e-05 2.952323e-06 0.000000e+00 1.022863e-05 0.000000e+00 5.682686e-05
0.564840 1.508909e-05 2.468471e-06 0.000000e+00 1.057934e-05 0.000000e+00 5.665257e-05
0.571301 1.537865e-05 1.990119e-06 0.000000e+00 1.092842e-05 0.000000e+00 5.637560e-05
0.577762 1.567420e-05 1.520372e-06 0.000000e+00 1.127514e-05 0.000000e+00 5.601488e-05
0.584223 1.597514e-05 1.059191e-06 0.000000e+00 1.161997e-05 0.000000e+00 5.559174e-05
0.590684 1.628145e-05 6.072944e-07 0.000000e+00 1.196261e-05 0.000000e+00 5.511540e-05
0.597145 1.659268e-05 1.651223e-07 0.000000e+00 1.230298e-05 0.000000e+00 5.459510e-05
0.603607 1.690832e-05 -2.666525e-07 0.000000e+00 1.264092e-05 0.000000e+00 5.403915e-05
0.610068 1.722871e-05 -6.900842e-07 0.000000e+00 1.297997e-05 0.000000e+00 5.345907e-05
0.616529 1.755258e-05 -1.104914e-06 0.000000e+00 1.331968e-05 0.000000e+00 5.286195e-05
0.622990 1.787947e-05 -1.510101e-06 0.000000e+00 1.365642e-05 0.000000e+00 5.224470e-05
0.629451 1.820873e-05 -1.906150e-06 0.000000e+00 1.399122e-05 0.000000e+00 5.161258e-05
0.635912 1.853924e-05 -2.293008e-06 0.000000e+00 1.432383e-05 0.000000e+00 5.096982e-05
0.642373 1.886910e-05 -2.671120e-06 0.000000e+00 1.465450e-05 0.000000e+00 5.032009e-05
0.648835 1.919718e-05 -3.040864e-06 0.000000e+00 1.498267e-05 0.000000e+00 4.966794e-05
0.655296 1.952301e-05 -3.402606e-06 0.000000e+00 1.530768e-05 0.000000e+00 4.901865e-05
0.661757 1.984612e-05 -3.757564e-06 0.000000e+00 1.563004e-05 0.000000e+00 4.837239e-05
0.668218 2.016469e-05 -4.105831e-06 0.000000e+00 1.594839e-05 0.000000e+00 4.772802e-05
0.674679 2.047645e-05 -4.444030e-06 0.000000e+00 1.625661e-05 0.000000e+00 4.709146e-05
0.681140 2.078245e-05 -4.775108e-06 0.000000e+00 1.655908e-05 0.000000e+00 4.646577e-05
0.687602 2.108431e-05 -5.101297e-06 0.000000e+00 1.685855e-05 0.000000e+00 4.584735e-05
0.694063 2.138274e-05 -5.421961e-06 0.000000e+00 1.715350e-05 0.000000e+00 4.524015e-05
0.700524 2.167708e-05 -5.735346e-06 0.000000e+00 1.744266e-05 0.000000e+00 4.464677e-05
0.706985 2.196856e-05 -6.042478e-06 0.000000e+00 1.772641e-05 0.000000e+00 4.406597e-05
0.713446 2.225760e-05 -6.344991e-06 0.000000e+00 1.800612e-05 0.000000e+00 4.349450e-05
0.719907 2.254276e-05 -6.640997e-06 0.000000e+00 1.827979e-05 0.000000e+00 4.293665e-05
0.726368 2.282445e-05 -6.930763e-06 0.000000e+00 1.854608e-05 0.000000e+00 4.239844e-05
0.732830 2.310440e-05 -7.216872e-06 0.000000e+00 1.880835e-05 0.000000e+00 4.187009e-05
0.739291 2.338309e-05 -7.497260e-06 0.000000e+00 1.906485e-05 0.000000e+00 4.136509e-05
0.745752 2.366191e-05 -7.775073e-06 0.000000e+00 1.932030e-05 0.000000e+00 4.087427e-05
0.752213 2.393966e-05 -8.045275e-06 0.000000e+00 1.956834e-05 0.000000e+00 4.040576e-05
0.758674 2.421888e-05 -8.310074e-06 0.000000e+00 1.981107e-05 0.000000e+00 3.995396e-05
0.765135 2.449599e-05 -8.568107e-06 0.000000e+00 2.004842e-05 0.000000e+00 3.952145e-05
0.771596 2.477089e-05 -8.818786e-06 0.000000e+00 2.027970e-05 0.000000e+00 3.910943e-05
0.778058 2.504366e-05 -9.065102e-06 0.000000e+00 2.050566e-05 0.000000e+00 3.870953e-05
0.784519 2.531277e-05 -9.305246e-06 0.000000e+00 2.072491e-05 0.000000e+00 3.832882e-05
0.790980 2.557716e-05 -9.541372e-06 0.000000e+00 2.093900e-05 0.000000e+00 3.795853e-05
0.797441 2.583646e-05 -9.772114e-06 0.000000e+00 2.114651e-05 0.000000e+00 3.760499e-05
0.803902 2.608919e-05 -9.998399e-06 0.000000e+00 2.134811e-05 0.000000e+00 3.726251e-05
0.810363 2.633640e-05 -1.022032e-05 0.000000e+00 2.154358e-05 0.000000e+00 3.693362e-05
0.816825 2.657633e-05 -1.043500e-05 0.000000e+00 2.172962e-05 0.000000e+00 3.661460e-05
0.823286 2.680979e-05 -1.064245e-05 0.000000e+00 2.190882e-05 0.000000e+00 3.630553e-05
0.829747 2.703864e-05 -1.084537e-05 0.000000e+00 2.208351e-05 0.000000e+00 3.600862e-05
0.836208 2.726639e-05 -1.104222e-05 0.000000e+00 2.225200e-05 0.000000e+00 3.571695e-05
0.842669 2.749246e-05 -1.123476e-05 0.000000e+00 2.241492e-05 0.000000e+00 3.543686e-05
0.849130 2.771711e-05 -1.142149e-05 0.000000e+00 2.257376e-05 0.000000e+00 3.516251e-05
0.855591 2.793886e-05 -1.160124e-05 0.000000e+00 2.272749e-05 0.000000e+00 3.490009e-05
0.862053 2.816037e-05 -1.177799e-05 0.000000e+00 2.287723e-05 0.000000e+00 3.464294e-05
0.868514 2.838144e-05 -1.194788e-05 0.000000e+00 2.301831e-05 0.000000e+00 3.439704e-05
0.874975 2.860053e-05 -1.211582e-05 0.000000e+00 2.315756e-05 0.000000e+00 3.415539e-05
0.881436 2.881393e-05 -1.227558e-05 0.000000e+00 2.328919e-05 0.000000e+00 3.392840e-05
0.887897 2.902659e-05 -1.243380e-05 0.000000e+00 2.341750e-05 0.000000e+00 3.370253e-05
0.894358 2.923426e-05 -1.258748e-05 0.000000e+00 2.353699e-05 0.000000e+00 3.348769e-05
0.900820 2.943868e-05 -1.274144e-05 0.000000e+00 2.365614e-05 0.000000e+00 3.327052e-05
0.907281 2.963592e-05 -1.289115e-05 0.000000e+00 2.376843e-05 0.000000e+00 3.306454e-05
0.913742 2.982908e-05 -1.303925e-05 0.000000e+00 2.387760e-05 0.000000e+00 3.286194e-05
0.920203 3.001132e-05 -1.318189e-05 0.000000e+00 2.397778e-05 0.000000e+00 3.266507e-05
0.926664 3.018756e-05 -1.332134e-05 0.000000e+00 2.407348e-05 0.000000e+00 3.247204e-05
0.933125 3.036039e-05 -1.345911e-05 0.000000e+00 2.416349e-05 0.000000e+00 3.228115e-05
0.939586 3.053079e-05 -1.359571e-05 0.000000e+00 2.424836e-05 0.000000e+00 3.209155e-05
0.946048 3.069490e-05 -1.372711e-05 0.000000e+00 2.432978e-05 0.000000e+00 3.190487e-05
0.952509 3.084780e-05 -1.384876e-05 0.000000e+00 2.440193e-05 0.000000e+00 3.172212e-05
0.958970 3.099909e-05 -1.396914e-05 0.000000e+00 2.447310e-05 0.000000e+00 3.154001e-05
0.965431 3.116159e-05 -1.409020e-05 0.000000e+00 2.453227e-05 0.000000e+00 3.136467e-05
0.971892 3.132721e-05 -1.421234e-05 0.000000e+00 2.458890e-05 0.000000e+00 3.118945e-05
0.978353 3.147291e-05 -1.431538e-05 0.000000e+00 2.463745e-05 0.000000e+00 3.102500e-05
0.984815 3.160693e-05 -1.440794e-05 0.000000e+00 2.468229e-05 0.000000e+00 3.086737e-05
0.991276 3.174532e-05 -1.450008e-05 0.000000e+00 2.472115e-05 0.000000e+00 3.070630e-05
0.997737 3.190660e-05 -1.459757e-05 0.000000e+00 2.474047e-05 0.000000e+00 3.054081e-05
1.004200 3.206534e-05 -1.469279e-05 0.000000e+00 2.476045e-05 0.000000e+00 3.037589e-05
1.010660 3.219760e-05 -1.476679e-05 0.000000e+00 2.479110e-05 0.000000e+00 3.023333e-05
1.017120 3.232459e-05 -1.483599e-05 0.000000e+00 2.482300e-05 0.000000e+00 3.009576e-05
1.023580 3.246702e-05 -1.490727e-05 0.000000e+00 2.483905e-05 0.000000e+00 2.995690e-05
1.030040 3.262943e-05 -1.498167e-05 0.000000e+00 2.483521e-05 0.000000e+00 2.981522e-05
1.036500 3.278036e-05 -1.504983e-05 0.000000e+00 2.483744e-05 0.000000e+00 2.968093e-05
1.042960 3.290660e-05 -1.510305e-05 0.000000e+00 2.485137e-05 0.000000e+00 2.956537e-05
1.049430 3.303426e-05 -1.515694e-05 0.000000e+00 2.486525e-05 0.000000e+00 2.944971e-05
1.055890 3.317144e-05 -1.521049e-05 0.000000e+00 2.486568e-05 0.000000e+00 2.933761e-05
1.062350 3.331825e-05 -1.526452e-05 0.000000e+00 2.485420e-05 0.000000e+00 2.922618e-05
1.068810 3.345549e-05 -1.531403e-05 0.000000e+00 2.484639e-05 0.000000e+00 2.912129e-05
1.075270 3.357925e-05 -1.535677e-05 0.000000e+00 2.484245e-05 0.000000e+00 2.902719e-05
1.081730 3.369918e-05 -1.539822e-05 0.000000e+00 2.484113e-05 0.000000e+00 2.893462e-05
1.088190 3.382375e-05 -1.543857e-05 0.000000e+00 2.482844e-05 0.000000e+00 2.884297e-05
1.094650 3.394784e-05 -1.547725e-05 0.000000e+00 2.480694e-05 0.000000e+00 2.875072e-05
1.101120 3.407374e-05 -1.551661e-05 0.000000e+00 2.478525e-05 0.000000e+00 2.865781e-05
1.107580 3.418060e-05 -1.554932e-05 0.000000e+00 2.476826e-05 0.000000e+00 2.856897e-05
1.114040 3.428068e-05 -1.557796e-05 0.000000e+00 2.474909e-05 0.000000e+00 2.847948e-05
1.120500 3.437904e-05 -1.560406e-05 0.000000e+00 2.472640e-05 0.000000e+00 2.838805e-05
1.126960 3.447847e-05 -1.562358e-05 0.000000e+00 2.469430e-05 0.000000e+00 2.829567e-05
1.133420 3.457867e-05 -1.564326e-05 0.000000e+00 2.466231e-05 0.000000e+00 2.820384e-05
1.139880 3.467542e-05 -1.566050e-05 0.000000e+00 2.462796e-05 0.000000e+00 2.811045e-05
1.146340 3.475892e-05 -1.567132e-05 0.000000e+00 2.459434e-05 0.000000e+00 2.802454e-05
1.152800 3.484105e-05 -1.568160e-05 0.000000e+00 2.455977e-05 0.000000e+00 2.793773e-05
1.159270 3.492287e-05 -1.569146e-05 0.000000e+00 2.452408e-05 0.000000e+00 2.785192e-05
1.165730 3.500067e-05 -1.569765e-05 0.000000e+00 2.447920e-05 0.000000e+00 2.777292e-05
1.172190 3.507697e-05 -1.570253e-05 0.000000e+00 2.443219e-05 0.000000e+00 2.769385e-05
1.178650 3.515139e-05 -1.570657e-05 0.000000e+00 2.438556e-05 0.000000e+00 2.761595e-05
1.185110 3.521757e-05 -1.570699e-05 0.000000e+00 2.434023e-05 0.000000e+00 2.754166e-05
1.191570 3.528170e-05 -1.570697e-05 0.000000e+00 2.429612e-05 0.000000e+00 2.746808e-05
1.198030 3.534442e-05 -1.570543e-05 0.000000e+00 2.424936e-05 0.000000e+00 2.739334e-05
1.204490 3.540240e-05 -1.570038e-05 0.000000e+00 2.419634e-05 0.000000e+00 2.731721e-05
1.210950 3.545856e-05 -1.569449e-05 0.000000e+00 2.414164e-05 0.000000e+00 2.724164e-05
1.217420 3.551539e-05 -1.568858e-05 0.000000e+00 2.408624e-05 0.000000e+00 2.716510e-05
1.223880 3.556165e-05 -1.567936e-05 0.000000e+00 2.402826e-05 0.000000e+00 2.708919e-05
1.230340 3.559816e-05 -1.566741e-05 0.000000e+00 2.396704e-05 0.000000e+00 2.701364e-05
1.236800 3.563369e-05 -1.565532e-05 0.000000e+00 2.390456e-05 0.000000e+00 2.693792e-05
1.243260 3.566758e-05 -1.564230e-05 0.000000e+00 2.384113e-05 0.000000e+00 2.686049e-05
1.249720 3.569289e-05 -1.562642e-05 0.000000e+00 2.377156e-05 0.000000e+00 2.677826e-05
1.256180 3.571439e-05 -1.560714e-05 0.000000e+00 2.369554e-05 0.000000e+00 2.669382e-05
1.262640 3.573567e-05 -1.558733e-05 0.000000e+00 2.361791e-05 0.000000e+00 2.660889e-05
1.269110 3.574136e-05 -1.556163e-05 0.000000e+00 2.353638e-05 0.000000e+00 2.651253e-05
1.275570 3.574587e-05 -1.553606e-05 0.000000e+00 2.345618e-05 0.000000e+00 2.641576e-05
1.282030 3.574872e-05 -1.550925e-05 0.000000e+00 2.337408e-05 0.000000e+00 2.631751e-05
1.288490 3.574868e-05 -1.548005e-05 0.000000e+00 2.328938e-05 0.000000e+00 2.621710e-05
1.294950 3.574385e-05 -1.544645e-05 0.000000e+00 2.320089e-05 0.000000e+00 2.611368e-05
1.301410 3.573783e-05 -1.541122e-05 0.000000e+00 2.311020e-05 0.000000e+00 2.600967e-05
1.307870 3.573170e-05 -1.537597e-05 0.000000e+00 2.301967e-05 0.000000e+00 2.590579e-05
1.314330 3.572172e-05 -1.533665e-05 0.000000e+00 2.292589e-05 0.000000e+00 2.580194e-05
1.320790 3.570720e-05 -1.529264e-05 0.000000e+00 2.282788e-05 0.000000e+00 2.569739e-05
1.327260 3.569354e-05 -1.524967e-05 0.000000e+00 2.273142e-05 0.000000e+00 2.559250e-05
1.333720 3.567515e-05 -1.520531e-05 0.000000e+00 2.263425e-05 0.000000e+00 2.548835e-05
1.340180 3.564707e-05 -1.515757e-05 0.000000e+00 2.253384e-05 0.000000e+00 2.538607e-05
1.346640 3.561880e-05 -1.510991e-05 0.000000e+00 2.243383e-05 0.000000e+00 2.528390e-05
1.353100 3.558934e-05 -1.506189e-05 0.000000e+00 2.233302e-05 0.000000e+00 2.518208e-05
1.359560 3.555099e-05 -1.501041e-05 0.000000e+00 2.223069e-05 0.000000e+00 2.508060e-05
1.366020 3.550424e-05 -1.495548e-05 0.000000e+00 2.212749e-05 0.000000e+00 2.497906e-05
1.372480 3.545497e-05 -1.489901e-05 0.000000e+00 2.202332e-05 0.000000e+00 2.487624e-05
1.378940 3.540627e-05 -1.484284e-05 0.000000e+00 2.191911e-05 0.000000e+00 2.477387e-05
1.385410 3.535496e-05 -1.478528e-05 0.000000e+00 2.181535e-05 0.000000e+00 2.466889e-05
1.391870 3.530076e-05 -1.472554e-05 0.000000e+00 2.171080e-05 0.000000e+00 2.456109e-05
1.398330 3.524488e-05 -1.466401e-05 0.000000e+00 2.160469e-05 0.000000e+00 2.445264e-05
1.404790 3.518857e-05 -1.460153e-05 0.000000e+00 2.149734e-05 0.000000e+00 2.434423e-05
1.411250 3.511987e-05 -1.453306e-05 0.000000e+00 2.138780e-05 0.000000e+00 2.423103e-05
1.417710 3.504791e-05 -1.446271e-05 0.000000e+00 2.127836e-05 0.000000e+00 2.411679e-05
1.424170 3.497577e-05 -1.439232e-05 0.000000e+00 2.116887e-05 0.000000e+00 2.400244e-05
1.430630 3.490031e-05 -1.432112e-05 0.000000e+00 2.105813e-05 0.000000e+00 2.388635e-05
1.437100 3.482086e-05 -1.425058e-05 0.000000e+00 2.094625e-05 0.000000e+00 2.376636e-05
1.443560 3.473910e-05 -1.418029e-05 0.000000e+00 2.083379e-05 0.000000e+00 2.364466e-05
1.450020 3.465485e-05 -1.410930e-05 0.000000e+00 2.072006e-05 0.000000e+00 2.352190e-05
1.456480 3.457049e-05 -1.403810e-05 0.000000e+00 2.060668e-05 0.000000e+00 2.339979e-05
1.462940 3.447463e-05 -1.396174e-05 0.000000e+00 2.049096e-05 0.000000e+00 2.328000e-05
1.469400 3.436960e-05 -1.388156e-05 0.000000e+00 2.037229e-05 0.000000e+00 2.316140e-05
1.475860 3.426679e-05 -1.380270e-05 0.000000e+00 2.025448e-05 0.000000e+00 2.304245e-05
1.482320 3.416276e-05 -1.372391e-05 0.000000e+00 2.013575e-05 0.000000e+00 2.292376e-05
1.488780 3.405515e-05 -1.364680e-05 0.000000e+00 2.001502e-05 0.000000e+00 2.280585e-05
1.495250 3.394705e-05 -1.357138e-05 0.000000e+00 1.989509e-05 0.000000e+00 2.268828e-05
1.501710 3.383863e-05 -1.349558e-05 0.000000e+00 1.977498e-05 0.000000e+00 2.257079e-05
1.508170 3.373038e-05 -1.342045e-05 0.000000e+00 1.965341e-05 0.000000e+00 2.245271e-05
1.514630 3.360731e-05 -1.333800e-05 0.000000e+00 1.953120e-05 0.000000e+00 2.233527e-05
1.521090 3.347420e-05 -1.325045e-05 0.000000e+00 1.940767e-05 0.000000e+00 2.221731e-05
1.527550 3.334348e-05 -1.316397e-05 0.000000e+00 1.928323e-05 0.000000e+00 2.209765e-05
1.534010 3.321096e-05 -1.307636e-05 0.000000e+00 1.915875e-05 0.000000e+00 2.197939e-05
1.540470 3.308793e-05 -1.299527e-05 0.000000e+00 1.903558e-05 0.000000e+00 2.185268e-05
1.546930 3.296981e-05 -1.291653e-05 0.000000e+00 1.891189e-05 0.000000e+00 2.171902e-05
1.553400 3.285064e-05 -1.283664e-05 0.000000e+00 1.878752e-05 0.000000e+00 2.158441e-05
1.559860 3.273238e-05 -1.275712e-05 0.000000e+00 1.866315e-05 0.000000e+00 2.144952e-05
1.566320 3.260019e-05 -1.266973e-05 0.000000e+00 1.854035e-05 0.000000e+00 2.131073e-05
1.572780 3.245027e-05 -1.257283e-05 0.000000e+00 1.841989e-05 0.000000e+00 2.116902e-05
1.579240 3.230031e-05 -1.247577e-05 0.000000e+00 1.829948e-05 0.000000e+00 2.102755e-05
1.585700 3.214895e-05 -1.237839e-05 0.000000e+00 1.817903e-05 0.000000e+00 2.088511e-05
1.592160 3.200116e-05 -1.228418e-05 0.000000e+00 1.805936e-05 0.000000e+00 2.074161e-05
1.598620 3.186929e-05 -1.220451e-05 0.000000e+00 1.794318e-05 0.000000e+00 2.059268e-05
1.605090 3.173448e-05 -1.212296e-05 0.000000e+00 1.782626e-05 0.000000e+00 2.044307e-05
1.611550 3.160144e-05 -1.204280e-05 0.000000e+00 1.770901e-05 0.000000e+00 2.029269e-05
1.618010 3.146246e-05 -1.195806e-05 0.000000e+00 1.759466e-05 0.000000e+00 2.014656e-05
1.624470 3.130188e-05 -1.185669e-05 0.000000e+00 1.749134e-05 0.000000e+00 2.001624e-05
1.630930 3.113683e-05 -1.175175e-05 0.000000e+00 1.739034e-05 0.000000e+00 1.988927e-05
1.637390 3.097274e-05 -1.164784e-05 0.000000e+00 1.728884e-05 0.000000e+00 1.976144e-05
1.643850 3.080653e-05 -1.154084e-05 0.000000e+00 1.718836e-05 0.000000e+00 1.963586e-05
1.650310 3.065441e-05 -1.144849e-05 0.000000e+00 1.708014e-05 0.000000e+00 1.949794e-05
1.656770 3.051607e-05 -1.137147e-05 0.000000e+00 1.696443e-05 0.000000e+00 1.934761e-05
1.663240 3.037502e-05 -1.129169e-05 0.000000e+00 1.685011e-05 0.000000e+00 1.919887e-05
1.669700 3.023409e-05 -1.121189e-05 0.000000e+00 1.673542e-05 0.000000e+00 1.905096e-05
1.676160 3.009685e-05 -1.113476e-05 0.000000e+00 1.661984e-05 0.000000e+00 1.890156e-05
1.682620 2.992965e-05 -1.103405e-05 0.000000e+00 1.650983e-05 0.000000e+00 1.876911e-05
1.689080 2.975144e-05 -1.092455e-05 0.000000e+00 1.640152e-05 0.000000e+00 1.864313e-05
1.695540 2.957506e-05 -1.081636e-05 0.000000e+00 1.629228e-05 0.000000e+00 1.851652e-05
1.702000 2.939831e-05 -1.070791e-05 0.000000e+00 1.618299e-05 0.000000e+00 1.839004e-05
1.708460 2.922421e-05 -1.060211e-05 0.000000e+00 1.607318e-05 0.000000e+00 1.826075e-05
1.714920 2.907035e-05 -1.051766e-05 0.000000e+00 1.595400e-05 0.000000e+00 1.810837e-05
1.721390 2.891682e-05 -1.043439e-05 0.000000e+00 1.583389e-05 0.000000e+00 1.795378e-05
1.727850 2.876310e-05 -1.035082e-05 0.000000e+00 1.571403e-05 0.000000e+00 1.779923e-05
1.734310 2.860838e-05 -1.026659e-05 0.000000e+00 1.559426e-05 0.000000e+00 1.764432e-05
1.740770 2.843705e-05 -1.017613e-05 0.000000e+00 1.547670e-05 0.000000e+00 1.749462e-05
1.747230 2.824427e-05 -1.007581e-05 0.000000e+00 1.536271e-05 0.000000e+00 1.735430e-05
1.753690 2.805379e-05 -9.976352e-06 0.000000e+00 1.524847e-05 0.000000e+00 1.721313e-05
1.760150 2.786196e-05 -9.876220e-06 0.000000e+00 1.513434e-05 0.000000e+00 1.707256e-05
1.766610 2.766872e-05 -9.778495e-06 0.000000e+00 1.501961e-05 0.000000e+00 1.693032e-05
1.773080 2.747808e-05 -9.689696e-06 0.000000e+00 1.490305e-05 0.000000e+00 1.678117e-05
1.779540 2.728875e-05 -9.604182e-06 0.000000e+00 1.478613e-05 0.000000e+00 1.662983e-05
1.786000 2.709877e-05 -9.518004e-06 0.000000e+00 1.466937e-05 0.000000e+00 1.647918e-05
1.792460 2.691096e-05 -9.433087e-06 0.000000e+00 1.455165e-05 0.000000e+00 1.632746e-05
1.798920 2.671194e-05 -9.342234e-06 0.000000e+00 1.443773e-05 0.000000e+00 1.618219e-05
1.805380 2.650182e-05 -9.245265e-06 0.000000e+00 1.432754e-05 0.000000e+00 1.604394e-05
1.811840 2.629490e-05 -9.149168e-06 0.000000e+00 1.421643e-05 0.000000e+00 1.590578e-05
1.818300 2.608739e-05 -9.052623e-06 0.000000e+00 1.410546e-05 0.000000e+00 1.576800e-05
1.824760 2.588119e-05 -8.957946e-06 0.000000e+00 1.399466e-05 0.000000e+00 1.562922e-05
1.831230 2.568307e-05 -8.868997e-06 0.000000e+00 1.388360e-05 0.000000e+00 1.549031e-05
1.837690 2.548855e-05 -8.781919e-06 0.000000e+00 1.377258e-05 0.000000e+00 1.535194e-05
1.844150 2.529354e-05 -8.694513e-06 0.000000e+00 1.366166e-05 0.000000e+00 1.521387e-05
1.850610 2.509962e-05 -8.607613e-06 0.000000e+00 1.355024e-05 0.000000e+00 1.507521e-05
1.857070 2.489705e-05 -8.517790e-06 0.000000e+00 1.344260e-05 0.000000e+00 1.494717e-05
1.863530 2.469177e-05 -8.426959e-06 0.000000e+00 1.333614e-05 0.000000e+00 1.482176e-05
1.869990 2.448652e-05 -8.336136e-06 0.000000e+00 1.322967e-05 0.000000e+00 1.469629e-05
1.876450 2.428104e-05 -8.245387e-06 0.000000e+00 1.312318e-05 0.000000e+00 1.457125e-05
1.882910 2.407458e-05 -8.156367e-06 0.000000e+00 1.301676e-05 0.000000e+00 1.444972e-05
1.889380 2.386720e-05 -8.069425e-06 0.000000e+00 1.291038e-05 0.000000e+00 1.433140e-05
1.895840 2.365995e-05 -7.982455e-06 0.000000e+00 1.280431e-05 0.000000e+00 1.421307e-05
1.902300 2.345327e-05 -7.895644e-06 0.000000e+00 1.269779e-05 0.000000e+00 1.409496e-05
1.908760 2.324474e-05 -7.808289e-06 0.000000e+00 1.259287e-05 0.000000e+00 1.397575e-05
1.915220 2.302977e-05 -7.719228e-06 0.000000e+00 1.249338e-05 0.000000e+00 1.385319e-05
1.921680 2.281582e-05 -7.630311e-06 0.000000e+00 1.239327e-05 0.000000e+00 1.373072e-05
1.928140 2.260158e-05 -7.541175e-06 0.000000e+00 1.229321e-05 0.000000e+00 1.360807e-05
1.934600 2.238890e-05 -7.452367e-06 0.000000e+00 1.219379e-05 0.000000e+00 1.348403e-05
1.941070 2.217980e-05 -7.363947e-06 0.000000e+00 1.209586e-05 0.000000e+00 1.335585e-05
1.947530 2.197236e-05 -7.275728e-06 0.000000e+00 1.199873e-05 0.000000e+00 1.322685e-05
1.953990 2.176501e-05 -7.187469e-06 0.000000e+00 1.190159e-05 0.000000e+00 1.309790e-05
1.960450 2.155710e-05 -7.099192e-06 0.000000e+00 1.180480e-05 0.000000e+00 1.296934e-05
1.966910 2.134810e-05 -7.010687e-06 0.000000e+00 1.171046e-05 0.000000e+00 1.284336e-05
1.973370 2.113879e-05 -6.922102e-06 0.000000e+00 1.161711e-05 0.000000e+00 1.271873e-05
1.979830 2.092961e-05 -6.833613e-06 0.000000e+00 1.152364e-05 0.000000e+00 1.259411e-05
1.986290 2.072044e-05 -6.745109e-06 0.000000e+00 1.143021e-05 0.000000e+00 1.246948e-05
1.992750 2.051498e-05 -6.660300e-06 0.000000e+00 1.133871e-05 0.000000e+00 1.234785e-05
1.999220 2.030984e-05 -6.576007e-06 0.000000e+00 1.124740e-05 0.000000e+00 1.222655e-05
2.005680 2.010495e-05 -6.491734e-06 0.000000e+00 1.115618e-05 0.000000e+00 1.210536e-05
2.012140 1.990055e-05 -6.407756e-06 0.000000e+00 1.106505e-05 0.000000e+00 1.198414e-05
2.018600 1.970212e-05 -6.325919e-06 0.000000e+00 1.097603e-05 0.000000e+00 1.186385e-05
2.025060 1.950357e-05 -6.243979e-06 0.000000e+00 1.088719e-05 0.000000e+00 1.174373e-05
2.031520 1.930510e-05 -6.162068e-06 0.000000e+00 1.079835e-05 0.000000e+00 1.162357e-05
2.037980 1.910778e-05 -6.080685e-06 0.000000e+00 1.070963e-05 0.000000e+00 1.150345e-05
2.044440 1.891231e-05 -6.000342e-06 0.000000e+00 1.062171e-05 0.000000e+00 1.138437e-05
2.050900 1.871711e-05 -5.920195e-06 0.000000e+00 1.053396e-05 0.000000e+00 1.126539e-05
2.057370 1.852137e-05 -5.839794e-06 0.000000e+00 1.044607e-05 0.000000e+00 1.114605e-05
2.063830 1.832748e-05 -5.760231e-06 0.000000e+00 1.035825e-05 0.000000e+00 1.102813e-05
2.070290 1.813694e-05 -5.682714e-06 0.000000e+00 1.027059e-05 0.000000e+00 1.091247e-05
2.076750 1.794809e-05 -5.605648e-06 0.000000e+00 1.018293e-05 0.000000e+00 1.079821e-05
2.083210 1.775885e-05 -5.528342e-06 0.000000e+00 1.009531e-05 0.000000e+00 1.068385e-05
2.089670 1.757299e-05 -5.451790e-06 0.000000e+00 1.000736e-05 0.000000e+00 1.057165e-05
2.096130 1.739563e-05 -5.376500e-06 0.000000e+00 9.918681e-06 0.000000e+00 1.046558e-05
2.102590 1.722167e-05 -5.301458e-06 0.000000e+00 9.829850e-06 0.000000e+00 1.036213e-05
2.109060 1.704631e-05 -5.226227e-06 0.000000e+00 9.740817e-06 0.000000e+00 1.025775e-05
2.115520 1.687570e-05 -5.151328e-06 0.000000e+00 9.652523e-06 0.000000e+00 1.015635e-05
2.121980 1.671314e-05 -5.076831e-06 0.000000e+00 9.564996e-06 0.000000e+00 1.006023e-05
2.128440 1.655215e-05 -5.002452e-06 0.000000e+00 9.477612e-06 0.000000e+00 9.965174e-06
2.134900 1.639064e-05 -4.928004e-06 0.000000e+00 9.390111e-06 0.000000e+00 9.869655e-06
2.141360 1.623179e-05 -4.854068e-06 0.000000e+00 9.303546e-06 0.000000e+00 9.777070e-06
2.147820 1.607517e-05 -4.780452e-06 0.000000e+00 9.217666e-06 0.000000e+00 9.687031e-06
2.154280 1.591823e-05 -4.706602e-06 0.000000e+00 9.131771e-06 0.000000e+00 9.597349e-06
2.160740 1.576127e-05 -4.632726e-06 0.000000e+00 9.045841e-06 0.000000e+00 9.507593e-06
2.167210 1.560670e-05 -4.559847e-06 0.000000e+00 8.962407e-06 0.000000e+00 9.422782e-06
2.173670 1.545230e-05 -4.487344e-06 0.000000e+00 8.879825e-06 0.000000e+00 9.339626e-06
2.180130 1.529785e-05 -4.414821e-06 0.000000e+00 8.797209e-06 0.000000e+00 9.256351e-06
2.186590 1.514498e-05 -4.342548e-06 0.000000e+00 8.714983e-06 0.000000e+00 9.174010e-06
2.193050 1.499749e-05 -4.271331e-06 0.000000e+00 8.634426e-06 0.000000e+00 9.096756e-06
2.199510 1.484955e-05 -4.200171e-06 0.000000e+00 8.553887e-06 0.000000e+00 9.019538e-06
2.205970 1.470150e-05 -4.128908e-06 0.000000e+00 8.473313e-06 0.000000e+00 8.942437e-06
2.212430 1.455817e-05 -4.058371e-06 0.000000e+00 8.393447e-06 0.000000e+00 8.866262e-06
2.218890 1.442280e-05 -3.989387e-06 0.000000e+00 8.314879e-06 0.000000e+00 8.791354e-06
2.225360 1.428579e-05 -3.920062e-06 0.000000e+00 8.235971e-06 0.000000e+00 8.716069e-06
2.231820 1.414996e-05 -3.850864e-06 0.000000e+00 8.157304e-06 0.000000e+00 8.641195e-06
2.238280 1.401777e-05 -3.781799e-06 0.000000e+00 8.079455e-06 0.000000e+00 8.567360e-06
2.244740 1.388853e-05 -3.712838e-06 0.000000e+00 8.002262e-06 0.000000e+00 8.494539e-06
2.251200 1.375876e-05 -3.643829e-06 0.000000e+00 7.924874e-06 0.000000e+00 8.421397e-06
2.257660 1.362944e-05 -3.574949e-06 0.000000e+00 7.848050e-06 0.000000e+00 8.349765e-06
2.264120 1.350095e-05 -3.506369e-06 0.000000e+00 7.772591e-06 0.000000e+00 8.281872e-06
2.270580 1.337346e-05 -3.437808e-06 0.000000e+00 7.697417e-06 0.000000e+00 8.215898e-06
2.277050 1.324530e-05 -3.369177e-06 0.000000e+00 7.621953e-06 0.000000e+00 8.148806e-06
2.283510 1.311852e-05 -3.300388e-06 0.000000e+00 7.547959e-06 0.000000e+00 8.086221e-06
2.289970 1.299322e-05 -3.231386e-06 0.000000e+00 7.474766e-06 0.000000e+00 8.027403e-06
2.296430 1.286831e-05 -3.162424e-06 0.000000e+00 7.401595e-06 0.000000e+00 7.969099e-06
2.302890 1.274283e-05 -3.093351e-06 0.000000e+00 7.328415e-06 0.000000e+00 7.910139e-06
2.309350 1.262232e-05 -3.027111e-06 0.000000e+00 7.257045e-06 0.000000e+00 7.857009e-06
2.315810 1.250226e-05 -2.960929e-06 0.000000e+00 7.185739e-06 0.000000e+00 7.804441e-06
2.322270 1.238224e-05 -2.894760e-06 0.000000e+00 7.114448e-06 0.000000e+00 7.751909e-06
2.328730 1.226416e-05 -2.828708e-06 0.000000e+00 7.043690e-06 0.000000e+00 7.700945e-06
2.335200 1.214982e-05 -2.762808e-06 0.000000e+00 6.973857e-06 0.000000e+00 7.653184e-06
2.341660 1.203528e-05 -2.697038e-06 0.000000e+00 6.903978e-06 0.000000e+00 7.605025e-06
2.348120 1.192282e-05 -2.631845e-06 0.000000e+00 6.834699e-06 0.000000e+00 7.557882e-06
2.354580 1.181689e-05 -2.568344e-06 0.000000e+00 6.767594e-06 0.000000e+00 7.514485e-06
2.361040 1.171197e-05 -2.505145e-06 0.000000e+00 6.700864e-06 0.000000e+00 7.471554e-06
2.367500 1.160715e-05 -2.441950e-06 0.000000e+00 6.634106e-06 0.000000e+00 7.428751e-06
2.373960 1.150641e-05 -2.378455e-06 0.000000e+00 6.569453e-06 0.000000e+00 7.389081e-06
2.380420 1.140941e-05 -2.314666e-06 0.000000e+00 6.506964e-06 0.000000e+00 7.352155e-06
2.386880 1.131117e-05 -2.250852e-06 0.000000e+00 6.443976e-06 0.000000e+00 7.314601e-06
2.393350 1.121635e-05 -2.187396e-06 0.000000e+00 6.381653e-06 0.000000e+00 7.277953e-06
2.399810 1.112660e-05 -2.125094e-06 0.000000e+00 6.320635e-06 0.000000e+00 7.242201e-06
2.406270 1.103767e-05 -2.063097e-06 0.000000e+00 6.260008e-06 0.000000e+00 7.206615e-06
2.412730 1.094844e-05 -2.001045e-06 0.000000e+00 6.198997e-06 0.000000e+00 7.170653e-06
2.419190 1.086418e-05 -1.938043e-06 0.000000e+00 6.140057e-06 0.000000e+00 7.138425e-06
2.425650 1.078137e-05 -1.874927e-06 0.000000e+00 6.081897e-06 0.000000e+00 7.107349e-06
2.432110 1.069832e-05 -1.811740e-06 0.000000e+00 6.023584e-06 0.000000e+00 7.076077e-06
2.438570 1.061732e-05 -1.748694e-06 0.000000e+00 5.965884e-06 0.000000e+00 7.046612e-06
2.445040 1.054053e-05 -1.686221e-06 0.000000e+00 5.909499e-06 0.000000e+00 7.020996e-06
2.451500 1.046415e-05 -1.623940e-06 0.000000e+00 5.853295e-06 0.000000e+00 6.995658e-06
2.457960 1.038794e-05 -1.561523e-06 0.000000e+00 5.797119e-06 0.000000e+00 6.970452e-06
2.464420 1.031899e-05 -1.499165e-06 0.000000e+00 5.742332e-06 0.000000e+00 6.948760e-06
2.470880 1.025262e-05 -1.436719e-06 0.000000e+00 5.688030e-06 0.000000e+00 6.928291e-06
2.477340 1.018642e-05 -1.374146e-06 0.000000e+00 5.633753e-06 0.000000e+00 6.907893e-06
2.483800 1.012359e-05 -1.311630e-06 0.000000e+00 5.579948e-06 0.000000e+00 6.888722e-06
2.490260 1.007138e-05 -1.248671e-06 0.000000e+00 5.527568e-06 0.000000e+00 6.873446e-06
2.496720 1.001881e-05 -1.185502e-06 0.000000e+00 5.474968e-06 0.000000e+00 6.858024e-06
2.503190 9.967565e-06 -1.122161e-06 0.000000e+00 5.422677e-06 0.000000e+00 6.843088e-06
2.509650 9.925233e-06 -1.057424e-06 0.000000e+00 5.371794e-06 0.000000e+00 6.831244e-06
2.516110 9.887509e-06 -9.918561e-07 0.000000e+00 5.321426e-06 0.000000e+00 6.820871e-06
2.522570 9.848411e-06 -9.265161e-07 0.000000e+00 5.270896e-06 0.000000e+00 6.810081e-06
2.529030 9.815760e-06 -8.604691e-07 0.000000e+00 5.221636e-06 0.000000e+00 6.801388e-06
2.535490 9.790922e-06 -7.933858e-07 0.000000e+00 5.173691e-06 0.000000e+00 6.795092e-06
2.541950 9.764420e-06 -7.264681e-07 0.000000e+00 5.125348e-06 0.000000e+00 6.788224e-06
2.548410 9.741857e-06 -6.591782e-07 0.000000e+00 5.078279e-06 0.000000e+00 6.782764e-06
2.554870 9.724838e-06 -5.912464e-07 0.000000e+00 5.032811e-06 0.000000e+00 6.779253e-06
2.561340 9.708585e-06 -5.230740e-07 0.000000e+00 4.987428e-06 0.000000e+00 6.775974e-06
2.567800 9.693913e-06 -4.550070e-07 0.000000e+00 4.942681e-06 0.000000e+00 6.773588e-06
2.574260 9.685565e-06 -3.867424e-07 0.000000e+00 4.899924e-06 0.000000e+00 6.774641e-06
2.580720 9.678265e-06 -3.183030e-07 0.000000e+00 4.857543e-06 0.000000e+00 6.776296e-06
2.587180 9.671027e-06 -2.498215e-07 0.000000e+00 4.815166e-06 0.000000e+00 6.778014e-06
2.593640 9.672045e-06 -1.813923e-07 0.000000e+00 4.775283e-06 0.000000e+00 6.784082e-06
2.600100 9.673688e-06 -1.129653e-07 0.000000e+00 4.735588e-06 0.000000e+00 6.790462e-06
2.606560 9.675495e-06 -4.453307e-08 0.000000e+00 4.695915e-06 0.000000e+00 6.796970e-06
2.613030 9.687253e-06 2.402489e-08 0.000000e+00 4.658467e-06 0.000000e+00 6.807615e-06
2.619490 9.698647e-06 9.244558e-08 0.000000e+00 4.621062e-06 0.000000e+00 6.818139e-06
2.625950 9.711996e-06 1.609587e-07 0.000000e+00 4.583943e-06 0.000000e+00 6.829287e-06
2.632410 9.735996e-06 2.299231e-07 0.000000e+00 4.548641e-06 0.000000e+00 6.843734e-06
2.638870 9.758756e-06 2.988036e-07 0.000000e+00 4.513191e-06 0.000000e+00 6.857885e-06
2.645330 9.786342e-06 3.680007e-07 0.000000e+00 4.478379e-06 0.000000e+00 6.873245e-06
2.651790 9.824021e-06 4.377982e-07 0.000000e+00 4.445150e-06 0.000000e+00 6.891417e-06
2.658250 9.860600e-06 5.075111e-07 0.000000e+00 4.411741e-06 0.000000e+00 6.909276e-06
2.664710 9.905595e-06 5.774598e-07 0.000000e+00 4.379184e-06 0.000000e+00 6.928988e-06
2.671180 9.955968e-06 6.476830e-07 0.000000e+00 4.347309e-06 0.000000e+00 6.950102e-06
2.677640 1.000992e-05 7.175806e-07 0.000000e+00 4.315526e-06 0.000000e+00 6.971558e-06
2.684100 1.007265e-05 7.871725e-07 0.000000e+00 4.284275e-06 0.000000e+00 6.994406e-06
2.690560 1.013681e-05 8.566945e-07 0.000000e+00 4.253086e-06 0.000000e+00 7.017456e-06
2.697020 1.021206e-05 9.254975e-07 0.000000e+00 4.221821e-06 0.000000e+00 7.040996e-06
2.703480 1.029120e-05 9.940741e-07 0.000000e+00 4.190625e-06 0.000000e+00 7.064913e-06
2.709940 1.037889e-05 1.062115e-06 0.000000e+00 4.159194e-06 0.000000e+00 7.088493e-06
2.716400 1.047270e-05 1.129868e-06 0.000000e+00 4.127689e-06 0.000000e+00 7.112004e-06
2.722860 1.057302e-05 1.196819e-06 0.000000e+00 4.095829e-06 0.000000e+00 7.134954e-06
2.729330 1.068048e-05 1.263012e-06 0.000000e+00 4.063555e-06 0.000000e+00 7.157377e-06
2.735790 1.079357e-05 1.328400e-06 0.000000e+00 4.030902e-06 0.000000e+00 7.178834e-06
2.742250 1.091335e-05 1.392919e-06 0.000000e+00 3.997687e-06 0.000000e+00 7.199069e-06
2.748710 1.103864e-05 1.456292e-06 0.000000e+00 3.963736e-06 0.000000e+00 7.218300e-06
2.755170 1.116901e-05 1.518354e-06 0.000000e+00 3.928930e-06 0.000000e+00 7.236385e-06
2.761630 1.130442e-05 1.579279e-06 0.000000e+00 3.893166e-06 0.000000e+00 7.253344e-06
2.768090 1.144217e-05 1.639185e-06 0.000000e+00 3.856606e-06 0.000000e+00 7.269577e-06
2.774550 1.158535e-05 1.696419e-06 0.000000e+00 3.817965e-06 0.000000e+00 7.285478e-06
2.781020 1.173078e-05 1.753129e-06 0.000000e+00 3.778566e-06 0.000000e+00 7.301292e-06
2.787480 1.187922e-05 1.807796e-06 0.000000e+00 3.737296e-06 0.000000e+00 7.316795e-06
2.793940 1.203214e-05 1.860056e-06 0.000000e+00 3.693700e-06 0.000000e+00 7.332705e-06
2.800400 1.218859e-05 1.910859e-06 0.000000e+00 3.648787e-06 0.000000e+00 7.348909e-06
2.806860 1.234821e-05 1.959250e-06 0.000000e+00 3.601679e-06 0.000000e+00 7.364798e-06
2.813320 1.251132e-05 2.004653e-06 0.000000e+00 3.551644e-06 0.000000e+00 7.379338e-06
2.819780 1.267854e-05 2.047110e-06 0.000000e+00 3.498493e-06 0.000000e+00 7.392046e-06
2.826240 1.284964e-05 2.086735e-06 0.000000e+00 3.442358e-06 0.000000e+00 7.402885e-06
2.832700 1.302516e-05 2.123236e-06 0.000000e+00 3.382722e-06 0.000000e+00 7.411401e-06
2.839170 1.320566e-05 2.156421e-06 0.000000e+00 3.319013e-06 0.000000e+00 7.417314e-06
2.845630 1.339074e-05 2.186095e-06 0.000000e+00 3.250982e-06 0.000000e+00 7.420267e-06
2.852090 1.358074e-05 2.212181e-06 0.000000e+00 3.178111e-06 0.000000e+00 7.420050e-06
2.858550 1.377583e-05 2.234662e-06 0.000000e+00 3.099979e-06 0.000000e+00 7.416436e-06
2.865010 1.397623e-05 2.253386e-06 0.000000e+00 3.016023e-06 0.000000e+00 7.409218e-06
2.871470 1.418163e-05 2.268244e-06 0.000000e+00 2.926057e-06 0.000000e+00 7.398131e-06
2.877930 1.439227e-05 2.278988e-06 0.000000e+00 2.829580e-06 0.000000e+00 7.383041e-06
2.884390 1.460833e-05 2.285425e-06 0.000000e+00 2.726475e-06 0.000000e+00 7.363905e-06
2.890850 1.483043e-05 2.287320e-06 0.000000e+00 2.616409e-06 0.000000e+00 7.340578e-06
2.897320 1.505899e-05 2.284496e-06 0.000000e+00 2.499239e-06 0.000000e+00 7.312588e-06
2.903780 1.529283e-05 2.276762e-06 0.000000e+00 2.375391e-06 0.000000e+00 7.279196e-06
2.910240 1.553152e-05 2.262956e-06 0.000000e+00 2.243776e-06 0.000000e+00 7.237922e-06
2.916700 1.577252e-05 2.243389e-06 0.000000e+00 2.105413e-06 0.000000e+00 7.187828e-06
2.923160 1.601347e-05 2.217437e-06 0.000000e+00 1.960929e-06 0.000000e+00 7.126754e-06
2.929620 1.625175e-05 2.183318e-06 0.000000e+00 1.809587e-06 0.000000e+00 7.050165e-06
2.936080 1.648519e-05 2.140957e-06 0.000000e+00 1.653770e-06 0.000000e+00 6.958648e-06
2.942540 1.670831e-05 2.087657e-06 0.000000e+00 1.493739e-06 0.000000e+00 6.847468e-06
2.949010 1.690305e-05 2.023106e-06 0.000000e+00 1.329843e-06 0.000000e+00 6.709752e-06
2.955470 1.705528e-05 1.944126e-06 0.000000e+00 1.164965e-06 0.000000e+00 6.541582e-06
2.961930 1.713700e-05 1.848036e-06 0.000000e+00 1.000459e-06 0.000000e+00 6.335057e-06
2.968390 1.711110e-05 1.731816e-06 0.000000e+00 8.386655e-07 0.000000e+00 6.082294e-06
2.974850 1.691189e-05 1.590652e-06 0.000000e+00 6.825844e-07 0.000000e+00 5.770927e-06
2.981310 1.645990e-05 1.421311e-06 0.000000e+00 5.352443e-07 0.000000e+00 5.391505e-06
2.987770 1.565858e-05 1.221972e-06 0.000000e+00 3.995472e-07 0.000000e+00 4.935446e-06
2.994230 1.434467e-05 9.919590e-07 0.000000e+00 2.801294e-07 0.000000e+00 4.387960e-06
3.000690 1.240231e-05 7.403944e-07 0.000000e+00 1.799627e-07 0.000000e+00 3.744473e-06
3.007160 9.799336e-06 4.864426e-07 0.000000e+00 1.013727e-07 0.000000e+00 3.005252e-06
3.013620 6.719409e-06 2.616623e-07 0.000000e+00 4.652666e-08 0.000000e+00 2.187715e-06
3.020080 3.636425e-06 1.000601e-07 0.000000e+00 1.484313e-08 0.000000e+00 1.333486e-06
3.026540 1.259133e-06 1.999358e-08 0.000000e+00 2.248982e-09 0.000000e+00 5.480343e-07
3.033000 8.357326e-08 2.390711e-10 0.000000e+00 3.713275e-11 0.000000e+00 4.817849e-08
