3.57674e-06 	-7.205e-07 	4.3053e-09 	1.00158e-26
0.00527303 	-0.00106234 	6.35676e-06 	1.52342e-23
0.0162982 	-0.00260868 	2.33536e-05 	7.12592e-23
0.028352 	-0.00288406 	4.51581e-05 	8.62183e-23
0.0415262 	-0.00206134 	4.02473e-05 	4.45179e-23
0.055925 	-0.000748397 	-3.0631e-05 	2.53844e-23
0.0716621 	0.000433147 	-0.000154914 	4.56705e-23
0.088862 	0.000988157 	-0.000289196 	4.26768e-23
0.107661 	0.000802689 	-0.0004115 	1.32294e-23
0.128207 	0.000141245 	-0.000499397 	0
0.150662 	-0.000670338 	-0.000528097 	0
0.175205 	-0.00140967 	-0.000506702 	-1.40001e-23
0.20203 	-0.0019461 	-0.000461038 	-5.45295e-23
0.231347 	-0.0022185 	-0.000411297 	-7.45512e-23
0.26339 	-0.00221537 	-0.000374736 	-7.76865e-23
0.298411 	-0.00194607 	-0.000366846 	-7.07937e-23
0.336687 	-0.00142449 	-0.000398194 	9.784e-23
0.378521 	-0.000660691 	-0.000473724 	1.24534e-22
0.424244 	0.000345736 	-0.000593841 	-2.18686e-22
0.474216 	0.00160848 	-0.000753588 	-1.16543e-22
0.528833 	0.00315346 	-0.00093923 	-4.5053e-24
0.588527 	0.0050096 	-0.00112358 	-3.42784e-22
0.65377 	0.00718167 	-0.00126902 	-9.26007e-22
0.725077 	0.00960728 	-0.00135015 	-1.39829e-21
0.803012 	0.0121567 	-0.00137549 	-1.28438e-21
0.888191 	0.0147837 	-0.00137299 	1.17378e-21
0.981287 	0.0176855 	-0.00138461 	2.14225e-21
1.08304 	0.020911 	-0.00142212 	2.6436e-21
1.19424 	0.0235502 	-0.00141186 	1.56944e-22
1.31579 	0.024948 	-0.00135423 	0
1.44863 	0.0257405 	-0.00128004 	0
1.58737 	0.0263831 	-0.00120528 	1.52593e-24
1.72021 	0.0269389 	-0.00113085 	1.7482e-21
1.84176 	0.0273916 	-0.00105579 	-1.87423e-21
1.95296 	0.0277533 	-0.000982297 	2.0605e-21
2.05471 	0.0280435 	-0.000912545 	-1.05906e-21
2.14781 	0.0282784 	-0.000847272 	-1.16197e-21
2.23299 	0.0284693 	-0.000786437 	1.36779e-21
2.31092 	0.0286218 	-0.00072991 	4.70809e-24
2.38223 	0.0287374 	-0.000677694 	-1.73786e-21
2.44747 	0.0288141 	-0.000629694 	1.99206e-21
2.50717 	0.028847 	-0.000585917 	4.20806e-24
2.56178 	0.0288291 	-0.000545794 	1.33415e-21
2.61176 	0.0287511 	-0.000508999 	7.55976e-22
2.65748 	0.0285975 	-0.000474742 	-8.50945e-22
2.69931 	0.0283388 	-0.000441968 	-9.54336e-22
2.73759 	0.0279223 	-0.000409006 	-1.0238e-21
2.77261 	0.02727 	-0.000373707 	-5.41515e-22
2.80465 	0.0263083 	-0.000333985 	8.91881e-24
2.83397 	0.0250213 	-0.00028923 	5.67121e-24
2.86079 	0.0234679 	-0.000241303 	-2.73413e-22
2.88534 	0.0217342 	-0.000193308 	1.26746e-23
2.90779 	0.0198778 	-0.000148029 	5.34626e-22
2.92834 	0.0179107 	-0.000107549 	-2.33054e-22
2.94714 	0.0158109 	-7.33691e-05 	1.37565e-22
2.96434 	0.0135349 	-4.63497e-05 	-1.17471e-22
2.98008 	0.0110495 	-2.6615e-05 	-1.29165e-23
2.99447 	0.0084008 	-1.34108e-05 	-3.98342e-24
3.00765 	0.00574204 	-5.29963e-06 	-4.12083e-24
3.0197 	0.003241 	-9.25913e-07 	-1.13056e-22
3.03073 	0.000996026 	-4.39452e-08 	1.93375e-22
