0.45535 	0.00205624 	0.00155422 	3.78342e-21
0.468539 	0.00530863 	0.00402475 	1.75889e-20
0.492914 	0.00719797 	0.00517902 	3.9668e-18
0.537912 	0.00737647 	0.00501981 	-1.25832e-18
0.620827 	0.00844972 	0.00512376 	6.49336e-21
0.773106 	0.00990827 	0.00496504 	-4.53842e-20
1.05122 	0.0134483 	0.00386985 	4.34907e-19
1.55473 	0.0209021 	0.00226828 	-2.39861e-19
2.17781 	0.0288425 	0.0012393 	7.55824e-20
2.62227 	0.0320555 	0.000753247 	-1.02141e-19
2.83832 	0.0304506 	0.000390266 	-2.90157e-21
2.94353 	0.025398 	0.000184866 	-1.50281e-21
2.99481 	0.0194197 	5.42529e-05 	0
3.01981 	0.00985828 	8.56463e-06 	0
3.032 	0.00317 	2.70121e-06 	-1.25004e-22
