0.005270 1.179425e-06 -4.208093e-09 0.000000e+00 2.762683e-09 0.000000e+00 1.506451e-06
0.017297 7.524061e-06 -1.315111e-07 0.000000e+00 1.862469e-07 0.000000e+00 9.086669e-06
0.032719 1.410776e-05 -5.099415e-07 0.000000e+00 1.073610e-06 0.000000e+00 1.679688e-05
0.052494 1.844479e-05 -1.125351e-06 0.000000e+00 2.991592e-06 0.000000e+00 2.197719e-05
0.077852 2.097999e-05 -2.001281e-06 0.000000e+00 5.876088e-06 0.000000e+00 2.491914e-05
0.110366 2.263530e-05 -3.187019e-06 0.000000e+00 9.437071e-06 0.000000e+00 2.618514e-05
0.152057 2.418043e-05 -4.748101e-06 0.000000e+00 1.332224e-05 0.000000e+00 2.646915e-05
0.205517 2.631395e-05 -6.766135e-06 0.000000e+00 1.723649e-05 0.000000e+00 2.657639e-05
0.274066 2.940241e-05 -9.305552e-06 0.000000e+00 2.105029e-05 0.000000e+00 2.736610e-05
0.361963 3.409707e-05 -1.242289e-05 0.000000e+00 2.450185e-05 0.000000e+00 2.925172e-05
0.474671 4.055260e-05 -1.584246e-05 0.000000e+00 2.742808e-05 0.000000e+00 3.195782e-05
0.619192 4.729457e-05 -1.867151e-05 0.000000e+00 2.926699e-05 0.000000e+00 3.410267e-05
0.804505 5.268491e-05 -2.021399e-05 0.000000e+00 2.915037e-05 0.000000e+00 3.542784e-05
1.042120 5.314756e-05 -1.837910e-05 0.000000e+00 2.571666e-05 0.000000e+00 3.168739e-05
1.346810 4.037980e-05 -1.225808e-05 0.000000e+00 1.913932e-05 0.000000e+00 2.257265e-05
1.689190 2.494555e-05 -6.990907e-06 0.000000e+00 1.272871e-05 0.000000e+00 1.385348e-05
1.993880 1.765362e-05 -4.439718e-06 0.000000e+00 8.991888e-06 0.000000e+00 9.334785e-06
2.231500 1.358864e-05 -2.633355e-06 0.000000e+00 6.982703e-06 0.000000e+00 7.591273e-06
2.416810 1.076388e-05 -1.268699e-06 0.000000e+00 5.672079e-06 0.000000e+00 6.735738e-06
2.514000 9.826868e-06 -5.410156e-07 0.000000e+00 5.000224e-06 0.000000e+00 6.603907e-06
2.577330 9.653337e-06 -6.971335e-08 0.000000e+00 4.543971e-06 0.000000e+00 6.629857e-06
2.674040 1.050514e-05 6.896174e-07 0.000000e+00 3.833620e-06 0.000000e+00 6.888834e-06
2.761930 1.348994e-05 1.492140e-06 0.000000e+00 3.161431e-06 0.000000e+00 7.299371e-06
2.830480 1.872117e-05 2.161516e-06 0.000000e+00 2.602278e-06 0.000000e+00 7.434186e-06
2.883940 2.502540e-05 2.549236e-06 0.000000e+00 2.038602e-06 0.000000e+00 7.029910e-06
2.925630 2.942123e-05 2.500585e-06 0.000000e+00 1.434825e-06 0.000000e+00 6.202425e-06
2.958150 2.912716e-05 1.975085e-06 0.000000e+00 8.541909e-07 0.000000e+00 5.136989e-06
2.983510 2.286891e-05 1.159300e-06 0.000000e+00 4.013746e-07 0.000000e+00 3.943203e-06
3.003280 1.269596e-05 4.323292e-07 0.000000e+00 1.295306e-07 0.000000e+00 2.620199e-06
3.018700 4.084703e-06 7.371256e-08 0.000000e+00 1.949951e-08 0.000000e+00 1.209088e-06
3.030730 3.128581e-07 8.429107e-10 0.000000e+00 6.746102e-11 0.000000e+00 1.505955e-07
