0.017297 8.087908e-06 -6.280256e-08 0.000000e+00 2.414376e-07 0.000000e+00 1.057386e-05
0.032719 1.410349e-05 -4.040461e-07 0.000000e+00 1.338479e-06 0.000000e+00 1.901163e-05
0.052494 1.765848e-05 -1.108159e-06 0.000000e+00 3.605862e-06 0.000000e+00 2.427107e-05
0.077852 1.985878e-05 -2.148118e-06 0.000000e+00 6.889512e-06 0.000000e+00 2.693190e-05
0.110366 2.179853e-05 -3.538533e-06 0.000000e+00 1.081581e-05 0.000000e+00 2.798282e-05
0.152057 2.409578e-05 -5.347544e-06 0.000000e+00 1.496405e-05 0.000000e+00 2.833091e-05
0.205517 2.723728e-05 -7.660757e-06 0.000000e+00 1.903917e-05 0.000000e+00 2.875560e-05
0.274066 3.150249e-05 -1.048282e-05 0.000000e+00 2.306001e-05 0.000000e+00 2.964733e-05
0.361963 3.729196e-05 -1.382992e-05 0.000000e+00 2.695670e-05 0.000000e+00 3.211858e-05
0.474671 4.432005e-05 -1.748577e-05 0.000000e+00 3.023219e-05 0.000000e+00 3.569343e-05
0.619192 5.308391e-05 -2.089591e-05 0.000000e+00 3.244926e-05 0.000000e+00 3.899396e-05
0.804505 6.048208e-05 -2.277064e-05 0.000000e+00 3.226937e-05 0.000000e+00 4.071198e-05
1.042120 5.965536e-05 -2.004374e-05 0.000000e+00 2.861819e-05 0.000000e+00 3.547157e-05
1.346810 4.100726e-05 -1.221175e-05 0.000000e+00 1.989884e-05 0.000000e+00 2.342573e-05
1.689190 2.416943e-05 -6.681737e-06 0.000000e+00 1.291542e-05 0.000000e+00 1.376661e-05
1.993880 1.771946e-05 -4.501461e-06 0.000000e+00 9.551130e-06 0.000000e+00 9.754771e-06
2.231500 1.374242e-05 -2.878094e-06 0.000000e+00 7.636600e-06 0.000000e+00 8.013442e-06
2.416810 1.065688e-05 -1.375512e-06 0.000000e+00 6.230822e-06 0.000000e+00 6.946690e-06
2.514000 9.526706e-06 -6.132195e-07 0.000000e+00 5.487827e-06 0.000000e+00 6.680498e-06
2.577330 9.170911e-06 -1.434502e-07 0.000000e+00 4.963261e-06 0.000000e+00 6.656586e-06
2.674040 9.423917e-06 5.457943e-07 0.000000e+00 4.087927e-06 0.000000e+00 6.813368e-06
2.761930 1.127051e-05 1.196905e-06 0.000000e+00 3.229225e-06 0.000000e+00 7.145653e-06
2.830480 1.533532e-05 1.750359e-06 0.000000e+00 2.463968e-06 0.000000e+00 7.262211e-06
2.883940 2.151067e-05 2.138498e-06 0.000000e+00 1.761690e-06 0.000000e+00 6.889317e-06
2.925630 2.746388e-05 2.172073e-06 0.000000e+00 1.144539e-06 0.000000e+00 5.958839e-06
2.958150 2.902688e-05 1.733310e-06 0.000000e+00 6.428524e-07 0.000000e+00 4.711146e-06
2.983510 2.324045e-05 9.892117e-07 0.000000e+00 2.915456e-07 0.000000e+00 3.410653e-06
3.003280 1.256287e-05 3.460203e-07 0.000000e+00 9.241074e-08 0.000000e+00 2.145627e-06
3.018700 3.894535e-06 5.479079e-08 0.000000e+00 1.381111e-08 0.000000e+00 9.539758e-07
3.030730 2.872812e-07 6.878211e-10 0.000000e+00 7.027419e-11 0.000000e+00 1.153825e-07
