0.00521264 	-6.20545e-05 	-2.42693e-06 	3.30446e-21
0.0168171 	1.9676e-05 	-1.93777e-06 	5.39361e-23
0.0295042 	0.000176102 	5.99457e-07 	-5.6036e-23
0.0433754 	0.00037315 	5.24234e-06 	-5.35361e-22
0.0585415 	0.000604521 	1.33632e-05 	-2.84101e-22
0.0751241 	0.000869494 	2.56112e-05 	9.83264e-22
0.0932562 	0.00116872 	4.19367e-05 	2.00144e-23
0.113083 	0.00150369 	6.21151e-05 	1.17253e-24
0.134765 	0.0018769 	8.5714e-05 	3.52491e-22
0.158476 	0.00229187 	0.000111964 	2.08414e-24
0.184407 	0.00275298 	0.000139789 	5.86165e-23
0.212769 	0.00326564 	0.000168067 	9.71536e-22
0.24379 	0.00383647 	0.000195755 	2.78563e-21
0.277723 	0.00447289 	0.000221314 	-6.85905e-22
0.314844 	0.00517985 	0.00024459 	-1.66101e-21
0.355455 	0.0059585 	0.000265331 	-4.17105e-22
0.39989 	0.00680234 	0.000283721 	-8.9525e-22
0.448512 	0.00769337 	0.000300173 	2.67353e-21
0.501723 	0.00859991 	0.000314199 	5.49134e-21
0.535644 	0.00913794 	0.000321207 	9.58429e-21
0.566192 	0.00956726 	0.000324331 	3.61523e-21
0.624084 	0.0102999 	0.000325574 	-1.2419e-20
0.694162 	0.0110366 	0.000317386 	-7.12292e-21
0.770862 	0.0117248 	0.000303379 	-6.22455e-21
0.854818 	0.012487 	0.000303103 	-1.54293e-20
0.946734 	0.0135496 	0.000358974 	-7.99486e-21
1.04738 	0.0152067 	0.000527006 	1.92477e-20
1.15761 	0.0176798 	0.000840117 	2.15167e-20
1.27836 	0.0207303 	0.0012374 	1.61335e-20
1.41067 	0.0233008 	0.0015046 	-3.21824e-20
1.55568 	0.0248092 	0.00154352 	1.06336e-20
1.69628 	0.0256458 	0.00146633 	-1.38413e-20
1.8202 	0.0262263 	0.00137925 	-1.37986e-21
1.93339 	0.026709 	0.00130076 	-1.37086e-21
1.98879 	0.0269343 	0.00126142 	1.10912e-21
2.03817 	0.027114 	0.00122459 	4.58191e-21
2.13132 	0.0274316 	0.00115231 	1.17646e-20
2.21767 	0.0276876 	0.00108129 	8.76006e-22
2.29658 	0.0278891 	0.00101394 	-1.28311e-20
2.3687 	0.028044 	0.000950985 	-4.26599e-21
2.43462 	0.0281543 	0.000892462 	4.27798e-22
2.49487 	0.028218 	0.000837916 	9.19237e-22
2.54995 	0.0282302 	0.000786771 	2.99139e-21
2.60031 	0.0281832 	0.000738661 	-1.12332e-20
2.64636 	0.0280586 	0.000693175 	1.38901e-20
2.68846 	0.0278051 	0.000648848 	2.2359e-21
2.72695 	0.0273114 	0.000605186 	1.20359e-20
2.76216 	0.026468 	0.000562968 	-9.39962e-21
2.79435 	0.0253042 	0.000520933 	-1.17049e-20
2.8238 	0.0239652 	0.00047747 	1.09952e-20
2.85072 	0.0225931 	0.000432257 	5.5923e-21
2.87535 	0.0212681 	0.000384883 	-1.16954e-21
2.89788 	0.0200217 	0.000336574 	-1.09277e-20
2.91848 	0.018839 	0.000288078 	1.06405e-20
2.93733 	0.0176667 	0.000239548 	-6.2589e-21
2.95457 	0.0164155 	0.000191623 	-1.07947e-22
2.97034 	0.0149617 	0.000145441 	1.46274e-22
2.98476 	0.0131568 	0.000102545 	-3.23615e-22
2.99796 	0.0108736 	6.41728e-05 	2.36607e-23
3.01003 	0.00811116 	3.16463e-05 	1.17799e-22
3.02107 	0.00502116 	1.0421e-05 	1.05693e-21
3.03117 	0.00172881 	5.00396e-06 	-1.5151e-21
