0.007000 2.018484e-06 9.240149e-09 0.000000e+00 1.009476e-08 0.000000e+00 2.414737e-06
0.014584 5.967557e-06 3.524989e-08 0.000000e+00 1.275909e-07 0.000000e+00 7.309766e-06
0.022168 9.375228e-06 8.876788e-09 0.000000e+00 4.412178e-07 0.000000e+00 1.185957e-05
0.029752 1.182789e-05 -1.093093e-07 0.000000e+00 9.527858e-07 0.000000e+00 1.536832e-05
0.037336 1.353216e-05 -3.085592e-07 0.000000e+00 1.618743e-06 0.000000e+00 1.792111e-05
0.044920 1.475934e-05 -5.657123e-07 0.000000e+00 2.389519e-06 0.000000e+00 1.977802e-05
0.052504 1.568210e-05 -8.607502e-07 0.000000e+00 3.225967e-06 0.000000e+00 2.113120e-05
0.060088 1.641849e-05 -1.178604e-06 0.000000e+00 4.096756e-06 0.000000e+00 2.212813e-05
0.067672 1.704603e-05 -1.509690e-06 0.000000e+00 4.979974e-06 0.000000e+00 2.287169e-05
0.075256 1.761040e-05 -1.847162e-06 0.000000e+00 5.859625e-06 0.000000e+00 2.343154e-05
0.082840 1.814001e-05 -2.187214e-06 0.000000e+00 6.724990e-06 0.000000e+00 2.384940e-05
0.090424 1.865239e-05 -2.528082e-06 0.000000e+00 7.570495e-06 0.000000e+00 2.416083e-05
0.098007 1.915518e-05 -2.867723e-06 0.000000e+00 8.390881e-06 0.000000e+00 2.438936e-05
0.105591 1.965150e-05 -3.205521e-06 0.000000e+00 9.184700e-06 0.000000e+00 2.455396e-05
0.113175 2.014297e-05 -3.540967e-06 0.000000e+00 9.951134e-06 0.000000e+00 2.466829e-05
0.120759 2.063018e-05 -3.874031e-06 0.000000e+00 1.068874e-05 0.000000e+00 2.474341e-05
0.128343 2.111506e-05 -4.204793e-06 0.000000e+00 1.140031e-05 0.000000e+00 2.479052e-05
0.135927 2.159957e-05 -4.532877e-06 0.000000e+00 1.208403e-05 0.000000e+00 2.481543e-05
0.143511 2.208529e-05 -4.858871e-06 0.000000e+00 1.274034e-05 0.000000e+00 2.482685e-05
0.151095 2.257489e-05 -5.182752e-06 0.000000e+00 1.337142e-05 0.000000e+00 2.483276e-05
0.158679 2.307108e-05 -5.504052e-06 0.000000e+00 1.397848e-05 0.000000e+00 2.483735e-05
0.166263 2.357539e-05 -5.823086e-06 0.000000e+00 1.456293e-05 0.000000e+00 2.484422e-05
0.173847 2.408725e-05 -6.140372e-06 0.000000e+00 1.512611e-05 0.000000e+00 2.485692e-05
0.181431 2.460357e-05 -6.456205e-06 0.000000e+00 1.566923e-05 0.000000e+00 2.487919e-05
0.189015 2.511961e-05 -6.770825e-06 0.000000e+00 1.619352e-05 0.000000e+00 2.491352e-05
0.196599 2.562952e-05 -7.083355e-06 0.000000e+00 1.669904e-05 0.000000e+00 2.495518e-05
0.204183 2.613287e-05 -7.393801e-06 0.000000e+00 1.718764e-05 0.000000e+00 2.500167e-05
0.211767 2.663237e-05 -7.702019e-06 0.000000e+00 1.765990e-05 0.000000e+00 2.505704e-05
0.219351 2.712985e-05 -8.008893e-06 0.000000e+00 1.812043e-05 0.000000e+00 2.512328e-05
0.226935 2.762869e-05 -8.315122e-06 0.000000e+00 1.856605e-05 0.000000e+00 2.519784e-05
0.234519 2.813115e-05 -8.619743e-06 0.000000e+00 1.899854e-05 0.000000e+00 2.527972e-05
0.242103 2.863663e-05 -8.925948e-06 0.000000e+00 1.942560e-05 0.000000e+00 2.536471e-05
0.249687 2.915001e-05 -9.228820e-06 0.000000e+00 1.983244e-05 0.000000e+00 2.546203e-05
0.257271 2.966459e-05 -9.529211e-06 0.000000e+00 2.023361e-05 0.000000e+00 2.556682e-05
0.264855 3.019044e-05 -9.826272e-06 0.000000e+00 2.062596e-05 0.000000e+00 2.568990e-05
0.272439 3.072626e-05 -1.012093e-05 0.000000e+00 2.101101e-05 0.000000e+00 2.583362e-05
0.280023 3.126833e-05 -1.041249e-05 0.000000e+00 2.139027e-05 0.000000e+00 2.598959e-05
0.287607 3.181407e-05 -1.070084e-05 0.000000e+00 2.176289e-05 0.000000e+00 2.616592e-05
0.295190 3.236055e-05 -1.098781e-05 0.000000e+00 2.213158e-05 0.000000e+00 2.635363e-05
0.302774 3.290728e-05 -1.127492e-05 0.000000e+00 2.249642e-05 0.000000e+00 2.655725e-05
0.310358 3.345327e-05 -1.156105e-05 0.000000e+00 2.285602e-05 0.000000e+00 2.678112e-05
0.317942 3.399796e-05 -1.185001e-05 0.000000e+00 2.321174e-05 0.000000e+00 2.702928e-05
0.325526 3.454300e-05 -1.214006e-05 0.000000e+00 2.356236e-05 0.000000e+00 2.730483e-05
0.333110 3.509394e-05 -1.243047e-05 0.000000e+00 2.390942e-05 0.000000e+00 2.759659e-05
0.340694 3.565415e-05 -1.271622e-05 0.000000e+00 2.425202e-05 0.000000e+00 2.790164e-05
0.348278 3.622142e-05 -1.300272e-05 0.000000e+00 2.459125e-05 0.000000e+00 2.822379e-05
0.355862 3.679737e-05 -1.328337e-05 0.000000e+00 2.492566e-05 0.000000e+00 2.855262e-05
0.363446 3.737623e-05 -1.356368e-05 0.000000e+00 2.525601e-05 0.000000e+00 2.889191e-05
0.371030 3.795800e-05 -1.384219e-05 0.000000e+00 2.558049e-05 0.000000e+00 2.923765e-05
0.378614 3.853995e-05 -1.412002e-05 0.000000e+00 2.590235e-05 0.000000e+00 2.958892e-05
0.386198 3.912908e-05 -1.439544e-05 0.000000e+00 2.621458e-05 0.000000e+00 2.994668e-05
0.393782 3.971878e-05 -1.466941e-05 0.000000e+00 2.652342e-05 0.000000e+00 3.031382e-05
0.401366 4.031312e-05 -1.494204e-05 0.000000e+00 2.682748e-05 0.000000e+00 3.069200e-05
0.408950 4.091266e-05 -1.521345e-05 0.000000e+00 2.712655e-05 0.000000e+00 3.107750e-05
0.416534 4.151831e-05 -1.547812e-05 0.000000e+00 2.741950e-05 0.000000e+00 3.146756e-05
0.424118 4.212638e-05 -1.573441e-05 0.000000e+00 2.770932e-05 0.000000e+00 3.185029e-05
0.431702 4.274345e-05 -1.598635e-05 0.000000e+00 2.799665e-05 0.000000e+00 3.222315e-05
0.439286 4.336247e-05 -1.623399e-05 0.000000e+00 2.827235e-05 0.000000e+00 3.260000e-05
0.446870 4.397927e-05 -1.647506e-05 0.000000e+00 2.854305e-05 0.000000e+00 3.296804e-05
0.454454 4.459408e-05 -1.671887e-05 0.000000e+00 2.880891e-05 0.000000e+00 3.334505e-05
0.462038 4.520382e-05 -1.695992e-05 0.000000e+00 2.907266e-05 0.000000e+00 3.372007e-05
0.469622 4.580480e-05 -1.719746e-05 0.000000e+00 2.932297e-05 0.000000e+00 3.410493e-05
0.477206 4.640214e-05 -1.743272e-05 0.000000e+00 2.956782e-05 0.000000e+00 3.449318e-05
0.484789 4.698867e-05 -1.767171e-05 0.000000e+00 2.981709e-05 0.000000e+00 3.486132e-05
0.492373 4.757185e-05 -1.791006e-05 0.000000e+00 3.006025e-05 0.000000e+00 3.522894e-05
0.499957 4.814979e-05 -1.813333e-05 0.000000e+00 3.027673e-05 0.000000e+00 3.559966e-05
0.507541 4.871580e-05 -1.836189e-05 0.000000e+00 3.050355e-05 0.000000e+00 3.594500e-05
0.515125 4.926859e-05 -1.859878e-05 0.000000e+00 3.074707e-05 0.000000e+00 3.625983e-05
0.522709 4.981516e-05 -1.880685e-05 0.000000e+00 3.094987e-05 0.000000e+00 3.660454e-05
0.530293 5.035850e-05 -1.900486e-05 0.000000e+00 3.114177e-05 0.000000e+00 3.694915e-05
0.537877 5.086222e-05 -1.922303e-05 0.000000e+00 3.139430e-05 0.000000e+00 3.723718e-05
0.545461 5.140867e-05 -1.943286e-05 0.000000e+00 3.160323e-05 0.000000e+00 3.755490e-05
0.553045 5.198705e-05 -1.962701e-05 0.000000e+00 3.175066e-05 0.000000e+00 3.790813e-05
0.560629 5.244658e-05 -1.982991e-05 0.000000e+00 3.199552e-05 0.000000e+00 3.814511e-05
0.568213 5.293770e-05 -2.001825e-05 0.000000e+00 3.220296e-05 0.000000e+00 3.841685e-05
0.575797 5.350626e-05 -2.018624e-05 0.000000e+00 3.233987e-05 0.000000e+00 3.876508e-05
0.583381 5.399656e-05 -2.037262e-05 0.000000e+00 3.254833e-05 0.000000e+00 3.902281e-05
0.590965 5.447645e-05 -2.055595e-05 0.000000e+00 3.275938e-05 0.000000e+00 3.926668e-05
0.598549 5.497817e-05 -2.071239e-05 0.000000e+00 3.290822e-05 0.000000e+00 3.955663e-05
0.606133 5.544874e-05 -2.087555e-05 0.000000e+00 3.307804e-05 0.000000e+00 3.982680e-05
0.613717 5.589829e-05 -2.104493e-05 0.000000e+00 3.326903e-05 0.000000e+00 4.008007e-05
0.621301 5.633174e-05 -2.120601e-05 0.000000e+00 3.343140e-05 0.000000e+00 4.035231e-05
0.628885 5.675979e-05 -2.136269e-05 0.000000e+00 3.358199e-05 0.000000e+00 4.063186e-05
0.636469 5.716771e-05 -2.152764e-05 0.000000e+00 3.374769e-05 0.000000e+00 4.088335e-05
0.644053 5.756928e-05 -2.169573e-05 0.000000e+00 3.391924e-05 0.000000e+00 4.112429e-05
0.651637 5.795343e-05 -2.185904e-05 0.000000e+00 3.407268e-05 0.000000e+00 4.134560e-05
0.659221 5.833623e-05 -2.202462e-05 0.000000e+00 3.423213e-05 0.000000e+00 4.155156e-05
0.666805 5.871622e-05 -2.217995e-05 0.000000e+00 3.438767e-05 0.000000e+00 4.174683e-05
0.674388 5.909990e-05 -2.233516e-05 0.000000e+00 3.454621e-05 0.000000e+00 4.194065e-05
0.681972 5.947802e-05 -2.247899e-05 0.000000e+00 3.468606e-05 0.000000e+00 4.213948e-05
0.689556 5.985683e-05 -2.262239e-05 0.000000e+00 3.482645e-05 0.000000e+00 4.233621e-05
0.697140 6.022767e-05 -2.275942e-05 0.000000e+00 3.496170e-05 0.000000e+00 4.251345e-05
0.704724 6.060050e-05 -2.289676e-05 0.000000e+00 3.510004e-05 0.000000e+00 4.268855e-05
0.712308 6.095351e-05 -2.301855e-05 0.000000e+00 3.521145e-05 0.000000e+00 4.284210e-05
0.719892 6.130785e-05 -2.313469e-05 0.000000e+00 3.532183e-05 0.000000e+00 4.299814e-05
0.727476 6.165144e-05 -2.324469e-05 0.000000e+00 3.542032e-05 0.000000e+00 4.314964e-05
0.735060 6.198030e-05 -2.334664e-05 0.000000e+00 3.550611e-05 0.000000e+00 4.330440e-05
0.742644 6.231954e-05 -2.344949e-05 0.000000e+00 3.559131e-05 0.000000e+00 4.346614e-05
0.750228 6.265122e-05 -2.354493e-05 0.000000e+00 3.565324e-05 0.000000e+00 4.361866e-05
0.757812 6.298503e-05 -2.363870e-05 0.000000e+00 3.571341e-05 0.000000e+00 4.377523e-05
0.765396 6.330066e-05 -2.372358e-05 0.000000e+00 3.576208e-05 0.000000e+00 4.392339e-05
0.772980 6.361147e-05 -2.380734e-05 0.000000e+00 3.580843e-05 0.000000e+00 4.407109e-05
0.780564 6.390262e-05 -2.388290e-05 0.000000e+00 3.583921e-05 0.000000e+00 4.420232e-05
0.788148 6.416648e-05 -2.395209e-05 0.000000e+00 3.584801e-05 0.000000e+00 4.429834e-05
0.795732 6.443042e-05 -2.402337e-05 0.000000e+00 3.586008e-05 0.000000e+00 4.439017e-05
0.803316 6.463716e-05 -2.408011e-05 0.000000e+00 3.586495e-05 0.000000e+00 4.441484e-05
0.810900 6.481148e-05 -2.412717e-05 0.000000e+00 3.586306e-05 0.000000e+00 4.440378e-05
0.818484 6.500499e-05 -2.418137e-05 0.000000e+00 3.586886e-05 0.000000e+00 4.440325e-05
0.826068 6.512354e-05 -2.419116e-05 0.000000e+00 3.582439e-05 0.000000e+00 4.436874e-05
0.833652 6.525625e-05 -2.420725e-05 0.000000e+00 3.578484e-05 0.000000e+00 4.433850e-05
0.841236 6.536651e-05 -2.421462e-05 0.000000e+00 3.574720e-05 0.000000e+00 4.428908e-05
0.848820 6.544262e-05 -2.420468e-05 0.000000e+00 3.571093e-05 0.000000e+00 4.421541e-05
0.856404 6.552501e-05 -2.419387e-05 0.000000e+00 3.567644e-05 0.000000e+00 4.414262e-05
0.863987 6.559834e-05 -2.417069e-05 0.000000e+00 3.561988e-05 0.000000e+00 4.406215e-05
0.871571 6.566504e-05 -2.412592e-05 0.000000e+00 3.553192e-05 0.000000e+00 4.397246e-05
0.879155 6.573330e-05 -2.408244e-05 0.000000e+00 3.544801e-05 0.000000e+00 4.388752e-05
0.886739 6.578418e-05 -2.403410e-05 0.000000e+00 3.537407e-05 0.000000e+00 4.377965e-05
0.894323 6.581532e-05 -2.398151e-05 0.000000e+00 3.530346e-05 0.000000e+00 4.363247e-05
0.901907 6.584979e-05 -2.393145e-05 0.000000e+00 3.523735e-05 0.000000e+00 4.348719e-05
0.909491 6.585934e-05 -2.386987e-05 0.000000e+00 3.514716e-05 0.000000e+00 4.333935e-05
0.917075 6.584970e-05 -2.380147e-05 0.000000e+00 3.503697e-05 0.000000e+00 4.319386e-05
0.924659 6.584312e-05 -2.373754e-05 0.000000e+00 3.492853e-05 0.000000e+00 4.305175e-05
0.932243 6.580256e-05 -2.366809e-05 0.000000e+00 3.482549e-05 0.000000e+00 4.289818e-05
0.939827 6.568912e-05 -2.359695e-05 0.000000e+00 3.473791e-05 0.000000e+00 4.272789e-05
0.947411 6.557239e-05 -2.352881e-05 0.000000e+00 3.464903e-05 0.000000e+00 4.255841e-05
0.954995 6.545158e-05 -2.346206e-05 0.000000e+00 3.455802e-05 0.000000e+00 4.238744e-05
0.962579 6.527812e-05 -2.336142e-05 0.000000e+00 3.440955e-05 0.000000e+00 4.216685e-05
0.970163 6.510322e-05 -2.325989e-05 0.000000e+00 3.426034e-05 0.000000e+00 4.194435e-05
0.977747 6.493341e-05 -2.316116e-05 0.000000e+00 3.411032e-05 0.000000e+00 4.172669e-05
0.985331 6.475063e-05 -2.306299e-05 0.000000e+00 3.396765e-05 0.000000e+00 4.147187e-05
0.992915 6.456234e-05 -2.296128e-05 0.000000e+00 3.382793e-05 0.000000e+00 4.120471e-05
1.000500 6.437622e-05 -2.285831e-05 0.000000e+00 3.369045e-05 0.000000e+00 4.094068e-05
1.008080 6.417408e-05 -2.274239e-05 0.000000e+00 3.353285e-05 0.000000e+00 4.067547e-05
1.015670 6.392940e-05 -2.259177e-05 0.000000e+00 3.332738e-05 0.000000e+00 4.040955e-05
1.023250 6.368045e-05 -2.243821e-05 0.000000e+00 3.311810e-05 0.000000e+00 4.014335e-05
1.030830 6.343824e-05 -2.228470e-05 0.000000e+00 3.290695e-05 0.000000e+00 3.988307e-05
1.038420 6.316864e-05 -2.213202e-05 0.000000e+00 3.271872e-05 0.000000e+00 3.957437e-05
1.046000 6.287018e-05 -2.198009e-05 0.000000e+00 3.254961e-05 0.000000e+00 3.922361e-05
1.053590 6.257456e-05 -2.182656e-05 0.000000e+00 3.237698e-05 0.000000e+00 3.887960e-05
1.061170 6.227868e-05 -2.167103e-05 0.000000e+00 3.219711e-05 0.000000e+00 3.853873e-05
1.068750 6.197496e-05 -2.149367e-05 0.000000e+00 3.194426e-05 0.000000e+00 3.822253e-05
1.076340 6.166272e-05 -2.130408e-05 0.000000e+00 3.165636e-05 0.000000e+00 3.791296e-05
1.083920 6.134920e-05 -2.111531e-05 0.000000e+00 3.137336e-05 0.000000e+00 3.760091e-05
1.091510 6.102646e-05 -2.092860e-05 0.000000e+00 3.109484e-05 0.000000e+00 3.728404e-05
1.099090 6.061765e-05 -2.074385e-05 0.000000e+00 3.088224e-05 0.000000e+00 3.693449e-05
1.106670 6.019225e-05 -2.056211e-05 0.000000e+00 3.068434e-05 0.000000e+00 3.657770e-05
1.114260 5.976751e-05 -2.037852e-05 0.000000e+00 3.048360e-05 0.000000e+00 3.622251e-05
1.121840 5.934548e-05 -2.019055e-05 0.000000e+00 3.027767e-05 0.000000e+00 3.587411e-05
1.129430 5.886291e-05 -1.996503e-05 0.000000e+00 3.002012e-05 0.000000e+00 3.555463e-05
1.137010 5.833482e-05 -1.971137e-05 0.000000e+00 2.972382e-05 0.000000e+00 3.525777e-05
1.144590 5.781203e-05 -1.946167e-05 0.000000e+00 2.943255e-05 0.000000e+00 3.495707e-05
1.152180 5.728715e-05 -1.921134e-05 0.000000e+00 2.914066e-05 0.000000e+00 3.465577e-05
1.159760 5.675154e-05 -1.896017e-05 0.000000e+00 2.885282e-05 0.000000e+00 3.435216e-05
1.167350 5.612549e-05 -1.870505e-05 0.000000e+00 2.859859e-05 0.000000e+00 3.401690e-05
1.174930 5.549145e-05 -1.845141e-05 0.000000e+00 2.834717e-05 0.000000e+00 3.367649e-05
1.182510 5.485706e-05 -1.819816e-05 0.000000e+00 2.809537e-05 0.000000e+00 3.333605e-05
1.190100 5.422246e-05 -1.794528e-05 0.000000e+00 2.784330e-05 0.000000e+00 3.299514e-05
1.197680 5.358826e-05 -1.769002e-05 0.000000e+00 2.757177e-05 0.000000e+00 3.264468e-05
1.205270 5.294342e-05 -1.742038e-05 0.000000e+00 2.726028e-05 0.000000e+00 3.227388e-05
1.212850 5.230357e-05 -1.715285e-05 0.000000e+00 2.695372e-05 0.000000e+00 3.190664e-05
1.220430 5.165747e-05 -1.688495e-05 0.000000e+00 2.664661e-05 0.000000e+00 3.153755e-05
1.228020 5.100835e-05 -1.661684e-05 0.000000e+00 2.634061e-05 0.000000e+00 3.116686e-05
1.235600 5.034136e-05 -1.635116e-05 0.000000e+00 2.605500e-05 0.000000e+00 3.078434e-05
1.243190 4.966017e-05 -1.608481e-05 0.000000e+00 2.577864e-05 0.000000e+00 3.039186e-05
1.250770 4.897905e-05 -1.581750e-05 0.000000e+00 2.550000e-05 0.000000e+00 2.999893e-05
1.258350 4.829742e-05 -1.555014e-05 0.000000e+00 2.522185e-05 0.000000e+00 2.960596e-05
1.265940 4.762113e-05 -1.528396e-05 0.000000e+00 2.493864e-05 0.000000e+00 2.921268e-05
1.273520 4.696644e-05 -1.502319e-05 0.000000e+00 2.464018e-05 0.000000e+00 2.882059e-05
1.281110 4.631204e-05 -1.476233e-05 0.000000e+00 2.434038e-05 0.000000e+00 2.842796e-05
1.288690 4.565847e-05 -1.450179e-05 0.000000e+00 2.404099e-05 0.000000e+00 2.803584e-05
1.296270 4.500372e-05 -1.423877e-05 0.000000e+00 2.374021e-05 0.000000e+00 2.764157e-05
1.303860 4.435122e-05 -1.398401e-05 0.000000e+00 2.345185e-05 0.000000e+00 2.725281e-05
1.311440 4.370314e-05 -1.373905e-05 0.000000e+00 2.317706e-05 0.000000e+00 2.687151e-05
1.319030 4.305304e-05 -1.349109e-05 0.000000e+00 2.289940e-05 0.000000e+00 2.648674e-05
1.326610 4.240315e-05 -1.324316e-05 0.000000e+00 2.262205e-05 0.000000e+00 2.610171e-05
1.334190 4.176141e-05 -1.299816e-05 0.000000e+00 2.234619e-05 0.000000e+00 2.572444e-05
1.341780 4.115381e-05 -1.276356e-05 0.000000e+00 2.207505e-05 0.000000e+00 2.537852e-05
1.349360 4.055634e-05 -1.253056e-05 0.000000e+00 2.180449e-05 0.000000e+00 2.504077e-05
1.356940 3.995843e-05 -1.229724e-05 0.000000e+00 2.153375e-05 0.000000e+00 2.470251e-05
1.364530 3.935922e-05 -1.206235e-05 0.000000e+00 2.126157e-05 0.000000e+00 2.436381e-05
1.372110 3.877425e-05 -1.184103e-05 0.000000e+00 2.100097e-05 0.000000e+00 2.403717e-05
1.379700 3.820500e-05 -1.163654e-05 0.000000e+00 2.075461e-05 0.000000e+00 2.372387e-05
1.387280 3.763492e-05 -1.143051e-05 0.000000e+00 2.050704e-05 0.000000e+00 2.340951e-05
1.394860 3.706351e-05 -1.122374e-05 0.000000e+00 2.025887e-05 0.000000e+00 2.309486e-05
1.402450 3.649590e-05 -1.101936e-05 0.000000e+00 2.001223e-05 0.000000e+00 2.277904e-05
1.410030 3.595700e-05 -1.083187e-05 0.000000e+00 1.977802e-05 0.000000e+00 2.246214e-05
1.417620 3.542592e-05 -1.064854e-05 0.000000e+00 1.954683e-05 0.000000e+00 2.214392e-05
1.425200 3.489599e-05 -1.046407e-05 0.000000e+00 1.931524e-05 0.000000e+00 2.182510e-05
1.432780 3.436286e-05 -1.027884e-05 0.000000e+00 1.908206e-05 0.000000e+00 2.150572e-05
1.440370 3.385448e-05 -1.010339e-05 0.000000e+00 1.886450e-05 0.000000e+00 2.119448e-05
1.447950 3.337605e-05 -9.938488e-06 0.000000e+00 1.866614e-05 0.000000e+00 2.089258e-05
1.455540 3.289349e-05 -9.771776e-06 0.000000e+00 1.846634e-05 0.000000e+00 2.058950e-05
1.463120 3.241065e-05 -9.604855e-06 0.000000e+00 1.826696e-05 0.000000e+00 2.028668e-05
1.470700 3.193522e-05 -9.440343e-06 0.000000e+00 1.807160e-05 0.000000e+00 1.998963e-05
1.478290 3.149529e-05 -9.288999e-06 0.000000e+00 1.789325e-05 0.000000e+00 1.971914e-05
1.485870 3.106583e-05 -9.141622e-06 0.000000e+00 1.771980e-05 0.000000e+00 1.945611e-05
1.493460 3.063520e-05 -8.993841e-06 0.000000e+00 1.754573e-05 0.000000e+00 1.919229e-05
1.501040 3.020155e-05 -8.844848e-06 0.000000e+00 1.737063e-05 0.000000e+00 1.892712e-05
1.508620 2.980199e-05 -8.709844e-06 0.000000e+00 1.720389e-05 0.000000e+00 1.868041e-05
1.516210 2.943457e-05 -8.588080e-06 0.000000e+00 1.704472e-05 0.000000e+00 1.845098e-05
1.523790 2.906521e-05 -8.465630e-06 0.000000e+00 1.688414e-05 0.000000e+00 1.821987e-05
1.531380 2.869421e-05 -8.342675e-06 0.000000e+00 1.672314e-05 0.000000e+00 1.798800e-05
1.538960 2.833854e-05 -8.224564e-06 0.000000e+00 1.656517e-05 0.000000e+00 1.776279e-05
1.546540 2.803028e-05 -8.121787e-06 0.000000e+00 1.641558e-05 0.000000e+00 1.755751e-05
1.554130 2.773058e-05 -8.021546e-06 0.000000e+00 1.626749e-05 0.000000e+00 1.735591e-05
1.561710 2.743072e-05 -7.921218e-06 0.000000e+00 1.611952e-05 0.000000e+00 1.715438e-05
1.569300 2.713012e-05 -7.820621e-06 0.000000e+00 1.597183e-05 0.000000e+00 1.695283e-05
1.576880 2.685018e-05 -7.729495e-06 0.000000e+00 1.583595e-05 0.000000e+00 1.676938e-05
1.584460 2.658362e-05 -7.644519e-06 0.000000e+00 1.570703e-05 0.000000e+00 1.659716e-05
1.592050 2.631579e-05 -7.558884e-06 0.000000e+00 1.557671e-05 0.000000e+00 1.642377e-05
1.599630 2.604613e-05 -7.472642e-06 0.000000e+00 1.544765e-05 0.000000e+00 1.624922e-05
1.607220 2.578270e-05 -7.390387e-06 0.000000e+00 1.532258e-05 0.000000e+00 1.608115e-05
1.614800 2.553134e-05 -7.315665e-06 0.000000e+00 1.520557e-05 0.000000e+00 1.592542e-05
1.622380 2.528091e-05 -7.240999e-06 0.000000e+00 1.508963e-05 0.000000e+00 1.576914e-05
1.629970 2.502994e-05 -7.166122e-06 0.000000e+00 1.497356e-05 0.000000e+00 1.561245e-05
1.637550 2.478288e-05 -7.092623e-06 0.000000e+00 1.485860e-05 0.000000e+00 1.545734e-05
1.645140 2.455996e-05 -7.026930e-06 0.000000e+00 1.475005e-05 0.000000e+00 1.530966e-05
1.652720 2.434629e-05 -6.963895e-06 0.000000e+00 1.464349e-05 0.000000e+00 1.516404e-05
1.660300 2.413173e-05 -6.900571e-06 0.000000e+00 1.453658e-05 0.000000e+00 1.501808e-05
1.667890 2.391721e-05 -6.837111e-06 0.000000e+00 1.442920e-05 0.000000e+00 1.487171e-05
1.675470 2.371979e-05 -6.779581e-06 0.000000e+00 1.432586e-05 0.000000e+00 1.473039e-05
1.683060 2.353593e-05 -6.727133e-06 0.000000e+00 1.422644e-05 0.000000e+00 1.459349e-05
1.690640 2.335031e-05 -6.673802e-06 0.000000e+00 1.412675e-05 0.000000e+00 1.445606e-05
1.698220 2.316531e-05 -6.621223e-06 0.000000e+00 1.402674e-05 0.000000e+00 1.431866e-05
1.705810 2.298534e-05 -6.570227e-06 0.000000e+00 1.392855e-05 0.000000e+00 1.418569e-05
1.713390 2.281786e-05 -6.523217e-06 0.000000e+00 1.383496e-05 0.000000e+00 1.406357e-05
1.720970 2.265098e-05 -6.476603e-06 0.000000e+00 1.374192e-05 0.000000e+00 1.394231e-05
1.728560 2.248390e-05 -6.429970e-06 0.000000e+00 1.364882e-05 0.000000e+00 1.382093e-05
1.736140 2.231801e-05 -6.383665e-06 0.000000e+00 1.355646e-05 0.000000e+00 1.370133e-05
1.743730 2.215821e-05 -6.339372e-06 0.000000e+00 1.346867e-05 0.000000e+00 1.359210e-05
1.751310 2.200034e-05 -6.295935e-06 0.000000e+00 1.338227e-05 0.000000e+00 1.348593e-05
1.758890 2.184209e-05 -6.252476e-06 0.000000e+00 1.329551e-05 0.000000e+00 1.337919e-05
1.766480 2.168390e-05 -6.209028e-06 0.000000e+00 1.320891e-05 0.000000e+00 1.327261e-05
1.774060 2.153006e-05 -6.166534e-06 0.000000e+00 1.312560e-05 0.000000e+00 1.317093e-05
1.781650 2.137886e-05 -6.124531e-06 0.000000e+00 1.304422e-05 0.000000e+00 1.307264e-05
1.789230 2.122731e-05 -6.082447e-06 0.000000e+00 1.296260e-05 0.000000e+00 1.297406e-05
1.796810 2.107647e-05 -6.040634e-06 0.000000e+00 1.288133e-05 0.000000e+00 1.287543e-05
1.804400 2.092975e-05 -5.999501e-06 0.000000e+00 1.280194e-05 0.000000e+00 1.277887e-05
1.811980 2.079161e-05 -5.959864e-06 0.000000e+00 1.272648e-05 0.000000e+00 1.268669e-05
1.819570 2.065300e-05 -5.920294e-06 0.000000e+00 1.265044e-05 0.000000e+00 1.259378e-05
1.827150 2.051479e-05 -5.880844e-06 0.000000e+00 1.257456e-05 0.000000e+00 1.250104e-05
1.834730 2.037875e-05 -5.841159e-06 0.000000e+00 1.249915e-05 0.000000e+00 1.240934e-05
1.842320 2.025521e-05 -5.801296e-06 0.000000e+00 1.242566e-05 0.000000e+00 1.232240e-05
1.849900 2.013167e-05 -5.761597e-06 0.000000e+00 1.235207e-05 0.000000e+00 1.223560e-05
1.857490 2.000803e-05 -5.721899e-06 0.000000e+00 1.227827e-05 0.000000e+00 1.214845e-05
1.865070 1.988562e-05 -5.682374e-06 0.000000e+00 1.220463e-05 0.000000e+00 1.206196e-05
1.872650 1.977185e-05 -5.643415e-06 0.000000e+00 1.213315e-05 0.000000e+00 1.198040e-05
1.880240 1.965899e-05 -5.604529e-06 0.000000e+00 1.206212e-05 0.000000e+00 1.189928e-05
1.887820 1.954625e-05 -5.565620e-06 0.000000e+00 1.199107e-05 0.000000e+00 1.181834e-05
1.895410 1.943348e-05 -5.526474e-06 0.000000e+00 1.191958e-05 0.000000e+00 1.173754e-05
1.902990 1.931901e-05 -5.484606e-06 0.000000e+00 1.184817e-05 0.000000e+00 1.165986e-05
1.910570 1.920390e-05 -5.441702e-06 0.000000e+00 1.177676e-05 0.000000e+00 1.158332e-05
1.918160 1.908882e-05 -5.398806e-06 0.000000e+00 1.170533e-05 0.000000e+00 1.150669e-05
1.925740 1.897387e-05 -5.355973e-06 0.000000e+00 1.163395e-05 0.000000e+00 1.143013e-05
1.933330 1.885702e-05 -5.311771e-06 0.000000e+00 1.156470e-05 0.000000e+00 1.135592e-05
1.940910 1.873946e-05 -5.266668e-06 0.000000e+00 1.149695e-05 0.000000e+00 1.128356e-05
1.948490 1.862218e-05 -5.221547e-06 0.000000e+00 1.142896e-05 0.000000e+00 1.121113e-05
1.956080 1.850470e-05 -5.176446e-06 0.000000e+00 1.136106e-05 0.000000e+00 1.113860e-05
1.963660 1.838717e-05 -5.129333e-06 0.000000e+00 1.129015e-05 0.000000e+00 1.106696e-05
1.971250 1.826922e-05 -5.079975e-06 0.000000e+00 1.121595e-05 0.000000e+00 1.099605e-05
1.978830 1.815144e-05 -5.030832e-06 0.000000e+00 1.114207e-05 0.000000e+00 1.092521e-05
1.986410 1.803377e-05 -4.981777e-06 0.000000e+00 1.106803e-05 0.000000e+00 1.085420e-05
1.994000 1.791735e-05 -4.934833e-06 0.000000e+00 1.099351e-05 0.000000e+00 1.078364e-05
2.001580 1.780273e-05 -4.890568e-06 0.000000e+00 1.091872e-05 0.000000e+00 1.071422e-05
2.009170 1.768797e-05 -4.846111e-06 0.000000e+00 1.084396e-05 0.000000e+00 1.064477e-05
2.016750 1.757302e-05 -4.801881e-06 0.000000e+00 1.076884e-05 0.000000e+00 1.057497e-05
2.024330 1.746250e-05 -4.756465e-06 0.000000e+00 1.069622e-05 0.000000e+00 1.051046e-05
2.031920 1.735534e-05 -4.710076e-06 0.000000e+00 1.062551e-05 0.000000e+00 1.045005e-05
2.039500 1.724790e-05 -4.664017e-06 0.000000e+00 1.055471e-05 0.000000e+00 1.038948e-05
2.047090 1.714150e-05 -4.617797e-06 0.000000e+00 1.048409e-05 0.000000e+00 1.032924e-05
2.054670 1.702540e-05 -4.571162e-06 0.000000e+00 1.041188e-05 0.000000e+00 1.026635e-05
2.062250 1.690611e-05 -4.524243e-06 0.000000e+00 1.033880e-05 0.000000e+00 1.020239e-05
2.069840 1.678682e-05 -4.477259e-06 0.000000e+00 1.026564e-05 0.000000e+00 1.013840e-05
2.077420 1.666742e-05 -4.430288e-06 0.000000e+00 1.019253e-05 0.000000e+00 1.007430e-05
2.085010 1.653698e-05 -4.381193e-06 0.000000e+00 1.011963e-05 0.000000e+00 1.000513e-05
2.092590 1.640231e-05 -4.331312e-06 0.000000e+00 1.004699e-05 0.000000e+00 9.934049e-06
2.100170 1.626801e-05 -4.281504e-06 0.000000e+00 9.974333e-06 0.000000e+00 9.863138e-06
2.107760 1.613348e-05 -4.231534e-06 0.000000e+00 9.901492e-06 0.000000e+00 9.792039e-06
2.115340 1.599668e-05 -4.179551e-06 0.000000e+00 9.829397e-06 0.000000e+00 9.720780e-06
2.122920 1.585852e-05 -4.126447e-06 0.000000e+00 9.757755e-06 0.000000e+00 9.649459e-06
2.130510 1.572033e-05 -4.073442e-06 0.000000e+00 9.685994e-06 0.000000e+00 9.578061e-06
2.138090 1.558227e-05 -4.020326e-06 0.000000e+00 9.614191e-06 0.000000e+00 9.506652e-06
2.145680 1.544368e-05 -3.964837e-06 0.000000e+00 9.543508e-06 0.000000e+00 9.436623e-06
2.153260 1.530491e-05 -3.907101e-06 0.000000e+00 9.474078e-06 0.000000e+00 9.368119e-06
2.160840 1.516609e-05 -3.849484e-06 0.000000e+00 9.404320e-06 0.000000e+00 9.299254e-06
2.168430 1.502717e-05 -3.791877e-06 0.000000e+00 9.334520e-06 0.000000e+00 9.230239e-06
2.176010 1.488765e-05 -3.733469e-06 0.000000e+00 9.264935e-06 0.000000e+00 9.162746e-06
2.183600 1.474609e-05 -3.672864e-06 0.000000e+00 9.195044e-06 0.000000e+00 9.097552e-06
2.191180 1.460480e-05 -3.612446e-06 0.000000e+00 9.125077e-06 0.000000e+00 9.031930e-06
2.198760 1.446350e-05 -3.552024e-06 0.000000e+00 9.055125e-06 0.000000e+00 8.966365e-06
2.206350 1.432221e-05 -3.491126e-06 0.000000e+00 8.984943e-06 0.000000e+00 8.900802e-06
2.213930 1.418191e-05 -3.428579e-06 0.000000e+00 8.914881e-06 0.000000e+00 8.836461e-06
2.221520 1.404160e-05 -3.365689e-06 0.000000e+00 8.844853e-06 0.000000e+00 8.772431e-06
2.229100 1.390145e-05 -3.302901e-06 0.000000e+00 8.774902e-06 0.000000e+00 8.708452e-06
2.236680 1.376122e-05 -3.239928e-06 0.000000e+00 8.704684e-06 0.000000e+00 8.644225e-06
2.244270 1.362108e-05 -3.175741e-06 0.000000e+00 8.634007e-06 0.000000e+00 8.582282e-06
2.251850 1.348136e-05 -3.110930e-06 0.000000e+00 8.563268e-06 0.000000e+00 8.522121e-06
2.259440 1.334142e-05 -3.046136e-06 0.000000e+00 8.492487e-06 0.000000e+00 8.461709e-06
2.267020 1.320160e-05 -2.981323e-06 0.000000e+00 8.421646e-06 0.000000e+00 8.401252e-06
2.274600 1.306299e-05 -2.916466e-06 0.000000e+00 8.350629e-06 0.000000e+00 8.341611e-06
2.282190 1.292672e-05 -2.851433e-06 0.000000e+00 8.279135e-06 0.000000e+00 8.283582e-06
2.289770 1.279040e-05 -2.786513e-06 0.000000e+00 8.207524e-06 0.000000e+00 8.225257e-06
2.297360 1.265396e-05 -2.721505e-06 0.000000e+00 8.135787e-06 0.000000e+00 8.166876e-06
2.304940 1.251807e-05 -2.656548e-06 0.000000e+00 8.064201e-06 0.000000e+00 8.108974e-06
2.312520 1.238460e-05 -2.591409e-06 0.000000e+00 7.991741e-06 0.000000e+00 8.052556e-06
2.320110 1.225106e-05 -2.526160e-06 0.000000e+00 7.918946e-06 0.000000e+00 7.995928e-06
2.327690 1.211771e-05 -2.460990e-06 0.000000e+00 7.846277e-06 0.000000e+00 7.939417e-06
2.335280 1.198415e-05 -2.395676e-06 0.000000e+00 7.773451e-06 0.000000e+00 7.882824e-06
2.342860 1.185141e-05 -2.329527e-06 0.000000e+00 7.701087e-06 0.000000e+00 7.826994e-06
2.350440 1.171887e-05 -2.263169e-06 0.000000e+00 7.628903e-06 0.000000e+00 7.771410e-06
2.358030 1.158617e-05 -2.196738e-06 0.000000e+00 7.556630e-06 0.000000e+00 7.715757e-06
2.365610 1.145352e-05 -2.130268e-06 0.000000e+00 7.484387e-06 0.000000e+00 7.660042e-06
2.373200 1.132285e-05 -2.063189e-06 0.000000e+00 7.413241e-06 0.000000e+00 7.605268e-06
2.380780 1.119337e-05 -1.996077e-06 0.000000e+00 7.342778e-06 0.000000e+00 7.551015e-06
2.388360 1.106394e-05 -1.928976e-06 0.000000e+00 7.272282e-06 0.000000e+00 7.496841e-06
2.395950 1.093402e-05 -1.861657e-06 0.000000e+00 7.201584e-06 0.000000e+00 7.442425e-06
2.403530 1.081048e-05 -1.794267e-06 0.000000e+00 7.131468e-06 0.000000e+00 7.393589e-06
2.411120 1.068909e-05 -1.726681e-06 0.000000e+00 7.061398e-06 0.000000e+00 7.346784e-06
2.418700 1.056802e-05 -1.659120e-06 0.000000e+00 6.991303e-06 0.000000e+00 7.300104e-06
2.426280 1.044605e-05 -1.591579e-06 0.000000e+00 6.921307e-06 0.000000e+00 7.252919e-06
2.433870 1.033756e-05 -1.524254e-06 0.000000e+00 6.850584e-06 0.000000e+00 7.213259e-06
2.441450 1.023095e-05 -1.456933e-06 0.000000e+00 6.779631e-06 0.000000e+00 7.174490e-06
2.449040 1.012418e-05 -1.389472e-06 0.000000e+00 6.708482e-06 0.000000e+00 7.135668e-06
2.456620 1.002022e-05 -1.322335e-06 0.000000e+00 6.637667e-06 0.000000e+00 7.097859e-06
2.464200 9.927485e-06 -1.255659e-06 0.000000e+00 6.566902e-06 0.000000e+00 7.063792e-06
2.471790 9.835542e-06 -1.188900e-06 0.000000e+00 6.496000e-06 0.000000e+00 7.029999e-06
2.479370 9.743159e-06 -1.122190e-06 0.000000e+00 6.425183e-06 0.000000e+00 6.995779e-06
2.486950 9.656403e-06 -1.055617e-06 0.000000e+00 6.354826e-06 0.000000e+00 6.965645e-06
2.494540 9.573922e-06 -9.891387e-07 0.000000e+00 6.284717e-06 0.000000e+00 6.938644e-06
2.502120 9.491150e-06 -9.227377e-07 0.000000e+00 6.214686e-06 0.000000e+00 6.911388e-06
2.509710 9.410415e-06 -8.562371e-07 0.000000e+00 6.144471e-06 0.000000e+00 6.885686e-06
2.517290 9.338229e-06 -7.903394e-07 0.000000e+00 6.074357e-06 0.000000e+00 6.866341e-06
2.524870 9.266929e-06 -7.246157e-07 0.000000e+00 6.004306e-06 0.000000e+00 6.847633e-06
2.532460 9.195358e-06 -6.585842e-07 0.000000e+00 5.934021e-06 0.000000e+00 6.828654e-06
2.540040 9.136129e-06 -5.937594e-07 0.000000e+00 5.863122e-06 0.000000e+00 6.814664e-06
2.547630 9.078362e-06 -5.290082e-07 0.000000e+00 5.792040e-06 0.000000e+00 6.801290e-06
2.555210 9.020696e-06 -4.642914e-07 0.000000e+00 5.721012e-06 0.000000e+00 6.787883e-06
2.562790 8.973891e-06 -4.011454e-07 0.000000e+00 5.648689e-06 0.000000e+00 6.778263e-06
2.570380 8.928385e-06 -3.380552e-07 0.000000e+00 5.576038e-06 0.000000e+00 6.769000e-06
2.577960 8.885061e-06 -2.754686e-07 0.000000e+00 5.503369e-06 0.000000e+00 6.760811e-06
2.585550 8.849191e-06 -2.141702e-07 0.000000e+00 5.430078e-06 0.000000e+00 6.756303e-06
2.593130 8.814206e-06 -1.530976e-07 0.000000e+00 5.356796e-06 0.000000e+00 6.752226e-06
2.600710 8.783275e-06 -9.259320e-08 0.000000e+00 5.283407e-06 0.000000e+00 6.750213e-06
2.608300 8.757496e-06 -3.265842e-08 0.000000e+00 5.209753e-06 0.000000e+00 6.750965e-06
2.615880 8.732888e-06 2.694724e-08 0.000000e+00 5.136194e-06 0.000000e+00 6.752046e-06
2.623470 8.715497e-06 8.519182e-08 0.000000e+00 5.062477e-06 0.000000e+00 6.755593e-06
2.631050 8.699619e-06 1.430455e-07 0.000000e+00 4.988858e-06 0.000000e+00 6.759692e-06
2.638630 8.691362e-06 1.997123e-07 0.000000e+00 4.914932e-06 0.000000e+00 6.765110e-06
2.646220 8.686243e-06 2.557718e-07 0.000000e+00 4.840990e-06 0.000000e+00 6.771233e-06
2.653800 8.688337e-06 3.101994e-07 0.000000e+00 4.766936e-06 0.000000e+00 6.778392e-06
2.661390 8.695132e-06 3.637206e-07 0.000000e+00 4.692616e-06 0.000000e+00 6.786205e-06
2.668970 8.710021e-06 4.164094e-07 0.000000e+00 4.617530e-06 0.000000e+00 6.794904e-06
2.676550 8.730456e-06 4.685214e-07 0.000000e+00 4.541977e-06 0.000000e+00 6.804301e-06
2.684140 8.759146e-06 5.196830e-07 0.000000e+00 4.465380e-06 0.000000e+00 6.814733e-06
2.691720 8.797428e-06 5.701068e-07 0.000000e+00 4.388447e-06 0.000000e+00 6.827785e-06
2.699310 8.845930e-06 6.202166e-07 0.000000e+00 4.311462e-06 0.000000e+00 6.844346e-06
2.706890 8.902933e-06 6.694581e-07 0.000000e+00 4.232477e-06 0.000000e+00 6.862027e-06
2.714470 8.968101e-06 7.182912e-07 0.000000e+00 4.151895e-06 0.000000e+00 6.881009e-06
2.722060 9.042503e-06 7.672108e-07 0.000000e+00 4.069529e-06 0.000000e+00 6.901975e-06
2.729640 9.130708e-06 8.155184e-07 0.000000e+00 3.985081e-06 0.000000e+00 6.925430e-06
2.737230 9.225909e-06 8.636440e-07 0.000000e+00 3.899459e-06 0.000000e+00 6.950066e-06
2.744810 9.340146e-06 9.119577e-07 0.000000e+00 3.810959e-06 0.000000e+00 6.976431e-06
2.752390 9.463783e-06 9.603228e-07 0.000000e+00 3.721171e-06 0.000000e+00 7.003222e-06
2.759980 9.605273e-06 1.008880e-06 0.000000e+00 3.628969e-06 0.000000e+00 7.030682e-06
2.767560 9.758613e-06 1.057439e-06 0.000000e+00 3.535210e-06 0.000000e+00 7.058440e-06
2.775150 9.935925e-06 1.106631e-06 0.000000e+00 3.438767e-06 0.000000e+00 7.085958e-06
2.782730 1.012825e-05 1.155934e-06 0.000000e+00 3.340886e-06 0.000000e+00 7.112932e-06
2.790310 1.034831e-05 1.205626e-06 0.000000e+00 3.240509e-06 0.000000e+00 7.138301e-06
2.797900 1.058906e-05 1.255731e-06 0.000000e+00 3.138363e-06 0.000000e+00 7.162027e-06
2.805480 1.086244e-05 1.306181e-06 0.000000e+00 3.033801e-06 0.000000e+00 7.182335e-06
2.813070 1.116825e-05 1.356991e-06 0.000000e+00 2.927143e-06 0.000000e+00 7.198983e-06
2.820650 1.150438e-05 1.407947e-06 0.000000e+00 2.818443e-06 0.000000e+00 7.211717e-06
2.828230 1.188703e-05 1.459226e-06 0.000000e+00 2.707144e-06 0.000000e+00 7.218329e-06
2.835820 1.231188e-05 1.510644e-06 0.000000e+00 2.593570e-06 0.000000e+00 7.219371e-06
2.843400 1.277954e-05 1.561799e-06 0.000000e+00 2.477866e-06 0.000000e+00 7.214513e-06
2.850980 1.330280e-05 1.612292e-06 0.000000e+00 2.359555e-06 0.000000e+00 7.201555e-06
2.858570 1.388488e-05 1.661821e-06 0.000000e+00 2.238801e-06 0.000000e+00 7.178888e-06
2.866150 1.452235e-05 1.710133e-06 0.000000e+00 2.116109e-06 0.000000e+00 7.145641e-06
2.873740 1.522306e-05 1.756556e-06 0.000000e+00 1.991374e-06 0.000000e+00 7.099843e-06
2.881320 1.599191e-05 1.800333e-06 0.000000e+00 1.864908e-06 0.000000e+00 7.039035e-06
2.888900 1.683414e-05 1.840557e-06 0.000000e+00 1.736902e-06 0.000000e+00 6.960242e-06
2.896490 1.775277e-05 1.875890e-06 0.000000e+00 1.607415e-06 0.000000e+00 6.860199e-06
2.904070 1.874042e-05 1.904084e-06 0.000000e+00 1.477260e-06 0.000000e+00 6.736462e-06
2.911660 1.979084e-05 1.923172e-06 0.000000e+00 1.346570e-06 0.000000e+00 6.585761e-06
2.919240 2.088216e-05 1.930184e-06 0.000000e+00 1.216426e-06 0.000000e+00 6.406676e-06
2.926820 2.198558e-05 1.922103e-06 0.000000e+00 1.087159e-06 0.000000e+00 6.195794e-06
2.934410 2.305719e-05 1.895069e-06 0.000000e+00 9.595456e-07 0.000000e+00 5.950957e-06
2.941990 2.403199e-05 1.844901e-06 0.000000e+00 8.347249e-07 0.000000e+00 5.671040e-06
2.949580 2.483015e-05 1.767257e-06 0.000000e+00 7.134221e-07 0.000000e+00 5.354859e-06
2.957160 2.530223e-05 1.654985e-06 0.000000e+00 5.975937e-07 0.000000e+00 4.999734e-06
2.964740 2.529865e-05 1.505444e-06 0.000000e+00 4.881357e-07 0.000000e+00 4.606621e-06
2.972330 2.468114e-05 1.320004e-06 0.000000e+00 3.856286e-07 0.000000e+00 4.178636e-06
2.979910 2.317307e-05 1.098630e-06 0.000000e+00 2.927502e-07 0.000000e+00 3.715249e-06
2.987500 2.071256e-05 8.537839e-07 0.000000e+00 2.096589e-07 0.000000e+00 3.220514e-06
2.995080 1.723591e-05 6.024211e-07 0.000000e+00 1.387488e-07 0.000000e+00 2.695774e-06
3.002660 1.298113e-05 3.697356e-07 0.000000e+00 8.133629e-08 0.000000e+00 2.141684e-06
3.010250 8.432655e-06 1.828087e-07 0.000000e+00 3.903727e-08 0.000000e+00 1.559083e-06
3.017830 4.355836e-06 6.442015e-08 0.000000e+00 1.333937e-08 0.000000e+00 9.615209e-07
3.025420 1.415503e-06 1.065138e-08 0.000000e+00 1.972733e-09 0.000000e+00 3.977871e-07
3.033000 6.235012e-08 8.759000e-12 0.000000e+00 -9.243299e-12 0.000000e+00 2.629755e-08
