0.006136 5.847957e-07 3.308847e-10 0.000000e+00 1.431777e-09 0.000000e+00 4.431200e-07
0.018817 3.653831e-06 4.328435e-09 0.000000e+00 7.258504e-08 0.000000e+00 2.600844e-06
0.035084 7.675380e-06 -3.794729e-08 0.000000e+00 4.234111e-07 0.000000e+00 5.176411e-06
0.055951 1.102164e-05 -2.014862e-07 0.000000e+00 1.245099e-06 0.000000e+00 7.252795e-06
0.082724 1.309037e-05 -5.090199e-07 0.000000e+00 2.582692e-06 0.000000e+00 8.705663e-06
0.117078 1.424670e-05 -9.736385e-07 0.000000e+00 4.352203e-06 0.000000e+00 9.688640e-06
0.161170 1.525274e-05 -1.634346e-06 0.000000e+00 6.396271e-06 0.000000e+00 1.050914e-05
0.217777 1.669222e-05 -2.490521e-06 0.000000e+00 8.576463e-06 0.000000e+00 1.155690e-05
0.290472 1.909971e-05 -3.711415e-06 0.000000e+00 1.102865e-05 0.000000e+00 1.304639e-05
0.383872 2.270568e-05 -5.399558e-06 0.000000e+00 1.403704e-05 0.000000e+00 1.525165e-05
0.503938 2.930089e-05 -8.346702e-06 0.000000e+00 1.864496e-05 0.000000e+00 1.931044e-05
0.658397 3.900830e-05 -1.356820e-05 0.000000e+00 2.618323e-05 0.000000e+00 2.642143e-05
0.857284 5.358928e-05 -2.186800e-05 0.000000e+00 3.609042e-05 0.000000e+00 3.846803e-05
1.113680 6.226528e-05 -2.367711e-05 0.000000e+00 3.556289e-05 0.000000e+00 4.035639e-05
1.417240 3.279467e-05 -9.856355e-06 0.000000e+00 2.010707e-05 0.000000e+00 2.373776e-05
1.603910 2.413901e-05 -7.329511e-06 0.000000e+00 1.704371e-05 0.000000e+00 1.718114e-05
1.791140 2.110656e-05 -6.665245e-06 0.000000e+00 1.516250e-05 0.000000e+00 1.422649e-05
2.074830 1.698197e-05 -5.117597e-06 0.000000e+00 1.175314e-05 0.000000e+00 1.127252e-05
2.295220 1.281896e-05 -3.259153e-06 0.000000e+00 9.093090e-06 0.000000e+00 8.694653e-06
2.466580 9.868692e-06 -1.532853e-06 0.000000e+00 7.082674e-06 0.000000e+00 7.372284e-06
2.599920 8.602595e-06 -2.446323e-07 0.000000e+00 5.658498e-06 0.000000e+00 6.877686e-06
2.703720 8.530978e-06 5.865351e-07 0.000000e+00 4.579978e-06 0.000000e+00 6.873799e-06
2.784560 9.308726e-06 1.113486e-06 0.000000e+00 3.638406e-06 0.000000e+00 7.021308e-06
2.847540 1.095684e-05 1.464744e-06 0.000000e+00 2.700662e-06 0.000000e+00 7.182362e-06
2.896610 1.395750e-05 1.711701e-06 0.000000e+00 1.806273e-06 0.000000e+00 7.062523e-06
2.934860 1.811064e-05 1.793974e-06 0.000000e+00 1.060431e-06 0.000000e+00 6.409774e-06
2.964670 2.122647e-05 1.541865e-06 0.000000e+00 5.295948e-07 0.000000e+00 5.179029e-06
2.987910 1.909562e-05 9.397008e-07 0.000000e+00 2.137951e-07 0.000000e+00 3.627910e-06
3.006030 1.110012e-05 3.386409e-07 0.000000e+00 6.086152e-08 0.000000e+00 2.108519e-06
3.020160 3.458650e-06 5.239766e-08 0.000000e+00 8.111648e-09 0.000000e+00 8.485178e-07
3.031170 2.337959e-07 4.866073e-10 0.000000e+00 1.914872e-11 0.000000e+00 8.977209e-08
