0.00521264 	-0.000106653 	2.34158e-06 	3.24114e-21
0.0168171 	-0.000516418 	2.76097e-05 	5.57273e-21
0.0295042 	-0.00108984 	9.09295e-05 	-9.788e-22
0.0433754 	-0.00163588 	0.00018306 	1.70376e-21
0.0585415 	-0.00197758 	0.000285812 	-1.10785e-21
0.0751241 	-0.00200517 	0.000375135 	-6.11797e-22
0.0932562 	-0.00172114 	0.000427026 	-4.39563e-21
0.113083 	-0.00118545 	0.000428274 	1.10815e-21
0.134765 	-0.000515469 	0.000371467 	4.94949e-21
0.158476 	0.000169217 	0.00026309 	-2.43223e-21
0.184407 	0.000754477 	0.000122912 	-2.12494e-21
0.212769 	0.00114141 	-1.80492e-05 	5.75941e-21
0.24379 	0.00125917 	-0.000122587 	5.33019e-22
0.277723 	0.00108001 	-0.000156124 	-3.06146e-21
0.314844 	0.000629575 	-9.23358e-05 	-2.52993e-21
0.355455 	-1.28542e-05 	8.03584e-05 	6.25584e-21
0.39989 	-0.000704496 	0.00035151 	1.16271e-21
0.448512 	-0.00125372 	0.000686169 	-6.44576e-21
0.501723 	-0.00144358 	0.00102451 	-1.78993e-21
0.535644 	-0.00135018 	0.0012034 	-1.22345e-21
0.566192 	-0.0010124 	0.00130477 	-1.03647e-21
0.624084 	-1.33115e-05 	0.0013755 	6.88384e-21
0.694162 	0.00191001 	0.00119765 	1.09596e-20
0.770862 	0.00479856 	0.000729486 	-4.67552e-20
0.854818 	0.00889324 	0.000252927 	4.4856e-20
0.946734 	0.0144083 	0.000192226 	2.47542e-20
1.04738 	0.0199254 	0.000234529 	-1.77812e-20
1.15761 	0.0229784 	-7.73721e-05 	-1.18771e-21
1.27836 	0.024711 	-0.000393644 	-3.7779e-20
1.41067 	0.0258989 	-0.000635238 	2.70496e-20
1.55568 	0.0268748 	-0.000784533 	1.30295e-20
1.69628 	0.0276539 	-0.0008603 	-1.59506e-21
1.8202 	0.0282611 	-0.000886527 	-3.70872e-21
1.93339 	0.0287575 	-0.00088302 	-1.46619e-22
1.98879 	0.0289877 	-0.00087518 	5.29915e-21
2.03817 	0.0291744 	-0.000860463 	5.07471e-21
2.13132 	0.0295074 	-0.000826608 	6.52422e-23
2.21767 	0.0297772 	-0.000785333 	-2.79733e-21
2.29658 	0.0299835 	-0.000741334 	1.95761e-22
2.3687 	0.0301306 	-0.000697711 	1.91816e-22
2.43462 	0.0302225 	-0.000656513 	2.14541e-22
2.49487 	0.0302616 	-0.000618646 	1.03673e-21
2.54995 	0.0302485 	-0.000584728 	3.06263e-21
2.60031 	0.0301821 	-0.000554348 	-7.29032e-21
2.64636 	0.0300594 	-0.000527056 	-9.49769e-22
2.68846 	0.0298799 	-0.000502647 	9.90779e-21
2.72695 	0.0296378 	-0.000480293 	-7.33615e-21
2.76216 	0.0293127 	-0.000458696 	-1.55298e-21
2.79435 	0.0288602 	-0.000435719 	-1.09033e-21
2.8238 	0.0282125 	-0.000409468 	-7.65921e-21
2.85072 	0.0273145 	-0.000378889 	8.24488e-21
2.87535 	0.0261608 	-0.000344979 	5.35833e-22
2.89788 	0.0247919 	-0.000308175 	-7.06119e-22
2.91848 	0.0232467 	-0.000269562 	-5.83087e-21
2.93733 	0.0215168 	-0.000228992 	6.84759e-21
2.95457 	0.0195245 	-0.00018605 	3.25176e-22
2.97034 	0.0171567 	-0.000141354 	3.7619e-22
2.98476 	0.0143198 	-9.59721e-05 	2.47152e-21
2.99796 	0.0110561 	-5.40346e-05 	-6.72108e-22
3.01003 	0.00760973 	-2.62766e-05 	-5.43718e-21
3.02107 	0.00431529 	-1.09412e-05 	-8.73353e-24
3.03117 	0.00136443 	-1.50211e-06 	-1.79346e-22
