1.00317 	0.00178857 	-0.0005044 	1.07231e-19
1.01222 	0.00676663 	-0.00150557 	-1.38879e-19
1.02895 	0.0144003 	-0.00209375 	0
1.05992 	0.0176975 	-0.00256554 	0
1.11721 	0.0186396 	-0.00138596 	0
1.22323 	0.0209401 	-7.44208e-05 	1.57547e-19
1.41939 	0.0238598 	0.00102198 	-1.02353e-19
1.78237 	0.0273925 	0.00111657 	2.75074e-20
2.28046 	0.0319637 	0.000651629 	-2.41803e-20
2.67093 	0.0339375 	0.000350762 	1.68436e-21
2.86138 	0.0319868 	0.000135982 	0
2.95428 	0.0270526 	-7.68732e-06 	0
2.99959 	0.0188549 	-3.96796e-05 	-1.8125e-22
3.02169 	0.00850146 	-3.42419e-06 	6.14096e-23
3.03247 	0.00222764 	4.39076e-07 	-1.17922e-23
