0.017296 7.292127e-06 3.475390e-08 0.000000e+00 2.164749e-07 0.000000e+00 9.037457e-06
0.032716 1.256320e-05 -1.792671e-07 0.000000e+00 1.198377e-06 0.000000e+00 1.646157e-05
0.052485 1.568008e-05 -8.599855e-07 0.000000e+00 3.223840e-06 0.000000e+00 2.112834e-05
0.077831 1.779306e-05 -1.962408e-06 0.000000e+00 6.155457e-06 0.000000e+00 2.358781e-05
0.110324 1.995878e-05 -3.415169e-06 0.000000e+00 9.666463e-06 0.000000e+00 2.463075e-05
0.151978 2.263228e-05 -5.220294e-06 0.000000e+00 1.344330e-05 0.000000e+00 2.483329e-05
0.205372 2.621145e-05 -7.442296e-06 0.000000e+00 1.726271e-05 0.000000e+00 2.500976e-05
0.273808 3.082353e-05 -1.017396e-05 0.000000e+00 2.108013e-05 0.000000e+00 2.586045e-05
0.361512 3.722858e-05 -1.349236e-05 0.000000e+00 2.517183e-05 0.000000e+00 2.880528e-05
0.473888 4.614108e-05 -1.732946e-05 0.000000e+00 2.946019e-05 0.000000e+00 3.432457e-05
0.617846 5.613526e-05 -2.113385e-05 0.000000e+00 3.336100e-05 0.000000e+00 4.022576e-05
0.802204 6.461182e-05 -2.407319e-05 0.000000e+00 3.586511e-05 0.000000e+00 4.441699e-05
1.038200 6.317747e-05 -2.213644e-05 0.000000e+00 3.272353e-05 0.000000e+00 3.958478e-05
1.340100 4.128630e-05 -1.281501e-05 0.000000e+00 2.213487e-05 0.000000e+00 2.545334e-05
1.681010 2.358625e-05 -6.741560e-06 0.000000e+00 1.425348e-05 0.000000e+00 1.463069e-05
1.986500 1.803237e-05 -4.981202e-06 0.000000e+00 1.106715e-05 0.000000e+00 1.085336e-05
2.225190 1.397375e-05 -3.335291e-06 0.000000e+00 8.810995e-06 0.000000e+00 8.741488e-06
2.411600 1.068140e-05 -1.722401e-06 0.000000e+00 7.056959e-06 0.000000e+00 7.343814e-06
2.557120 9.007508e-06 -4.481771e-07 0.000000e+00 5.702954e-06 0.000000e+00 6.784971e-06
2.670710 8.714137e-06 4.284395e-07 0.000000e+00 4.600251e-06 0.000000e+00 6.796974e-06
2.759340 9.592932e-06 1.004785e-06 0.000000e+00 3.636796e-06 0.000000e+00 7.028357e-06
2.810820 1.107484e-05 1.341909e-06 0.000000e+00 2.958937e-06 0.000000e+00 7.194388e-06
2.841140 1.263506e-05 1.546586e-06 0.000000e+00 2.512645e-06 0.000000e+00 7.216646e-06
2.882490 1.611712e-05 1.806820e-06 0.000000e+00 1.845234e-06 0.000000e+00 7.028112e-06
2.924590 2.166197e-05 1.926269e-06 0.000000e+00 1.125051e-06 0.000000e+00 6.261260e-06
2.957420 2.531041e-05 1.650435e-06 0.000000e+00 5.937347e-07 0.000000e+00 4.986820e-06
2.983020 2.228710e-05 1.000397e-06 0.000000e+00 2.573761e-07 0.000000e+00 3.516230e-06
3.002980 1.279048e-05 3.607078e-07 0.000000e+00 7.922685e-08 0.000000e+00 2.117671e-06
3.018540 4.022917e-06 5.677999e-08 0.000000e+00 1.170009e-08 0.000000e+00 9.061032e-07
3.030680 2.910911e-07 7.034385e-10 0.000000e+00 6.125430e-11 0.000000e+00 1.059435e-07
