0.0182173 	0.00122489 	2.45078e-05 	2.58204e-22
0.0431714 	0.00220927 	-0.000149606 	-5.24216e-22
0.0893463 	0.00288508 	-3.58159e-05 	1.5958e-21
0.17479 	0.00245377 	-0.000367958 	-4.65147e-24
0.332905 	0.00197003 	-0.000425402 	-3.1239e-20
0.625521 	0.00469691 	-0.00131377 	4.01446e-21
1.16714 	0.0154252 	-0.00124139 	-1.55828e-19
1.91004 	0.026989 	-0.000782761 	-1.02542e-19
2.49205 	0.0323786 	-0.000434012 	0
2.77585 	0.0322184 	-0.000239713 	1.39821e-20
2.91425 	0.0276105 	-7.84188e-05 	-2.25813e-20
2.98175 	0.0197963 	5.57874e-06 	4.44038e-21
3.01468 	0.00968147 	3.5809e-07 	0
3.03074 	0.00244082 	2.4297e-06 	0
