0.0121851 	0.001335 	0.000194954 	1.19962e-18
0.0265223 	0.00420802 	0.000598134 	-1.9831e-18
0.053057 	0.00564983 	0.000823093 	-1.1819e-18
0.102176 	0.00606089 	0.00098138 	8.46649e-19
0.19313 	0.00624731 	0.00101782 	0
0.361665 	0.00641907 	0.00101992 	5.20941e-19
0.674334 	0.00810686 	0.000969058 	-5.1169e-19
1.25576 	0.0162422 	0.000556935 	4.3871e-19
1.9972 	0.0263756 	0.000402841 	-6.15105e-20
2.5362 	0.0310016 	0.000387528 	-1.05097e-19
2.79743 	0.0301339 	0.000234247 	5.32762e-20
2.92445 	0.0247958 	0.000152407 	-1.05666e-19
2.98632 	0.0191777 	6.73309e-05 	2.34205e-20
3.01648 	0.00968523 	1.69987e-05 	-3.55575e-20
3.03118 	0.00274254 	4.37307e-06 	0
