0.007000 1.919125e-06 -1.109231e-08 0.000000e+00 8.595565e-09 0.000000e+00 2.413736e-06
0.014584 6.030197e-06 -8.568530e-08 0.000000e+00 1.087562e-07 0.000000e+00 7.333399e-06
0.022168 9.995764e-06 -2.330794e-07 0.000000e+00 3.850747e-07 0.000000e+00 1.197445e-05
0.029752 1.311909e-05 -4.263612e-07 0.000000e+00 8.475108e-07 0.000000e+00 1.563206e-05
0.037336 1.543787e-05 -6.455247e-07 0.000000e+00 1.464524e-06 0.000000e+00 1.837342e-05
0.044920 1.715927e-05 -8.800682e-07 0.000000e+00 2.191354e-06 0.000000e+00 2.043048e-05
0.052504 1.844615e-05 -1.125657e-06 0.000000e+00 2.992608e-06 0.000000e+00 2.197883e-05
0.060088 1.942433e-05 -1.380026e-06 0.000000e+00 3.838447e-06 0.000000e+00 2.315260e-05
0.067672 2.018685e-05 -1.641578e-06 0.000000e+00 4.705493e-06 0.000000e+00 2.404599e-05
0.075256 2.079765e-05 -1.908747e-06 0.000000e+00 5.577944e-06 0.000000e+00 2.472694e-05
0.082840 2.129980e-05 -2.180373e-06 0.000000e+00 6.445089e-06 0.000000e+00 2.523748e-05
0.090424 2.172838e-05 -2.455081e-06 0.000000e+00 7.297506e-06 0.000000e+00 2.561819e-05
0.098007 2.210289e-05 -2.731975e-06 0.000000e+00 8.129953e-06 0.000000e+00 2.589543e-05
0.105591 2.243921e-05 -3.010640e-06 0.000000e+00 8.940545e-06 0.000000e+00 2.609283e-05
0.113175 2.274616e-05 -3.291120e-06 0.000000e+00 9.724030e-06 0.000000e+00 2.622922e-05
0.120759 2.303553e-05 -3.573197e-06 0.000000e+00 1.048206e-05 0.000000e+00 2.631977e-05
0.128343 2.331396e-05 -3.856556e-06 0.000000e+00 1.121373e-05 0.000000e+00 2.638015e-05
0.135927 2.358784e-05 -4.141058e-06 0.000000e+00 1.191644e-05 0.000000e+00 2.641859e-05
0.143511 2.386383e-05 -4.426268e-06 0.000000e+00 1.259175e-05 0.000000e+00 2.644528e-05
0.151095 2.414443e-05 -4.711864e-06 0.000000e+00 1.324160e-05 0.000000e+00 2.646663e-05
0.158679 2.443081e-05 -4.997686e-06 0.000000e+00 1.386647e-05 0.000000e+00 2.648539e-05
0.166263 2.472343e-05 -5.283792e-06 0.000000e+00 1.446723e-05 0.000000e+00 2.650158e-05
0.173847 2.502197e-05 -5.570003e-06 0.000000e+00 1.504484e-05 0.000000e+00 2.651507e-05
0.181431 2.532534e-05 -5.856272e-06 0.000000e+00 1.560050e-05 0.000000e+00 2.652615e-05
0.189015 2.563278e-05 -6.142757e-06 0.000000e+00 1.613578e-05 0.000000e+00 2.653658e-05
0.196599 2.594338e-05 -6.429208e-06 0.000000e+00 1.665187e-05 0.000000e+00 2.654990e-05
0.204183 2.625778e-05 -6.715858e-06 0.000000e+00 1.715035e-05 0.000000e+00 2.657107e-05
0.211767 2.658014e-05 -7.001066e-06 0.000000e+00 1.763404e-05 0.000000e+00 2.660806e-05
0.219351 2.690369e-05 -7.286192e-06 0.000000e+00 1.810037e-05 0.000000e+00 2.665700e-05
0.226935 2.723088e-05 -7.569036e-06 0.000000e+00 1.855080e-05 0.000000e+00 2.672131e-05
0.234519 2.756220e-05 -7.851395e-06 0.000000e+00 1.898933e-05 0.000000e+00 2.679752e-05
0.242103 2.789942e-05 -8.132136e-06 0.000000e+00 1.941173e-05 0.000000e+00 2.688663e-05
0.249687 2.824306e-05 -8.411708e-06 0.000000e+00 1.981978e-05 0.000000e+00 2.698465e-05
0.257271 2.859377e-05 -8.690158e-06 0.000000e+00 2.021661e-05 0.000000e+00 2.709246e-05
0.264855 2.895514e-05 -8.968103e-06 0.000000e+00 2.059882e-05 0.000000e+00 2.721278e-05
0.272439 2.932265e-05 -9.246262e-06 0.000000e+00 2.097206e-05 0.000000e+00 2.733845e-05
0.280023 2.969768e-05 -9.521871e-06 0.000000e+00 2.132965e-05 0.000000e+00 2.746940e-05
0.287607 3.007804e-05 -9.797448e-06 0.000000e+00 2.167750e-05 0.000000e+00 2.760188e-05
0.295190 3.046523e-05 -1.007110e-05 0.000000e+00 2.201294e-05 0.000000e+00 2.773538e-05
0.302774 3.085829e-05 -1.034273e-05 0.000000e+00 2.233935e-05 0.000000e+00 2.787072e-05
0.310358 3.126003e-05 -1.061352e-05 0.000000e+00 2.265001e-05 0.000000e+00 2.801363e-05
0.317942 3.166499e-05 -1.088370e-05 0.000000e+00 2.295446e-05 0.000000e+00 2.816181e-05
0.325526 3.207583e-05 -1.115247e-05 0.000000e+00 2.324358e-05 0.000000e+00 2.832595e-05
0.333110 3.249037e-05 -1.142001e-05 0.000000e+00 2.352312e-05 0.000000e+00 2.850246e-05
0.340694 3.290835e-05 -1.168673e-05 0.000000e+00 2.379520e-05 0.000000e+00 2.868793e-05
0.348278 3.333132e-05 -1.195043e-05 0.000000e+00 2.405313e-05 0.000000e+00 2.888594e-05
0.355862 3.375540e-05 -1.221328e-05 0.000000e+00 2.430680e-05 0.000000e+00 2.908587e-05
0.363446 3.417999e-05 -1.247395e-05 0.000000e+00 2.454967e-05 0.000000e+00 2.929184e-05
0.371030 3.460595e-05 -1.273116e-05 0.000000e+00 2.478413e-05 0.000000e+00 2.949787e-05
0.378614 3.502960e-05 -1.298657e-05 0.000000e+00 2.501301e-05 0.000000e+00 2.970460e-05
0.386198 3.546027e-05 -1.323780e-05 0.000000e+00 2.523273e-05 0.000000e+00 2.990807e-05
0.393782 3.589030e-05 -1.348684e-05 0.000000e+00 2.544798e-05 0.000000e+00 3.010928e-05
0.401366 3.632420e-05 -1.373163e-05 0.000000e+00 2.565699e-05 0.000000e+00 3.030583e-05
0.408950 3.675967e-05 -1.397316e-05 0.000000e+00 2.586207e-05 0.000000e+00 3.049701e-05
0.416534 3.719629e-05 -1.421167e-05 0.000000e+00 2.606212e-05 0.000000e+00 3.068309e-05
0.424118 3.763407e-05 -1.444434e-05 0.000000e+00 2.625802e-05 0.000000e+00 3.086465e-05
0.431702 3.807146e-05 -1.467035e-05 0.000000e+00 2.644881e-05 0.000000e+00 3.104207e-05
0.439286 3.851489e-05 -1.489204e-05 0.000000e+00 2.663468e-05 0.000000e+00 3.121345e-05
0.446870 3.896100e-05 -1.511157e-05 0.000000e+00 2.681844e-05 0.000000e+00 3.138196e-05
0.454454 3.940117e-05 -1.531678e-05 0.000000e+00 2.699158e-05 0.000000e+00 3.154605e-05
0.462038 3.983633e-05 -1.551544e-05 0.000000e+00 2.715946e-05 0.000000e+00 3.170690e-05
0.469622 4.026794e-05 -1.571276e-05 0.000000e+00 2.732177e-05 0.000000e+00 3.185793e-05
0.477206 4.069317e-05 -1.590512e-05 0.000000e+00 2.747972e-05 0.000000e+00 3.200693e-05
0.484789 4.110524e-05 -1.607943e-05 0.000000e+00 2.762397e-05 0.000000e+00 3.214455e-05
0.492373 4.151285e-05 -1.625538e-05 0.000000e+00 2.776622e-05 0.000000e+00 3.227954e-05
0.499957 4.191670e-05 -1.643967e-05 0.000000e+00 2.790578e-05 0.000000e+00 3.239981e-05
0.507541 4.230184e-05 -1.660125e-05 0.000000e+00 2.802942e-05 0.000000e+00 3.252146e-05
0.515125 4.267707e-05 -1.675016e-05 0.000000e+00 2.814333e-05 0.000000e+00 3.263865e-05
0.522709 4.304842e-05 -1.692095e-05 0.000000e+00 2.826418e-05 0.000000e+00 3.275228e-05
0.530293 4.341110e-05 -1.708503e-05 0.000000e+00 2.837562e-05 0.000000e+00 3.286363e-05
0.537877 4.375206e-05 -1.721124e-05 0.000000e+00 2.845405e-05 0.000000e+00 3.298237e-05
0.545461 4.409084e-05 -1.736058e-05 0.000000e+00 2.854981e-05 0.000000e+00 3.309212e-05
0.553045 4.443224e-05 -1.752753e-05 0.000000e+00 2.866008e-05 0.000000e+00 3.319798e-05
0.560629 4.475465e-05 -1.764676e-05 0.000000e+00 2.874233e-05 0.000000e+00 3.332885e-05
0.568213 4.508311e-05 -1.777624e-05 0.000000e+00 2.882134e-05 0.000000e+00 3.345379e-05
0.575797 4.542450e-05 -1.793722e-05 0.000000e+00 2.890718e-05 0.000000e+00 3.356373e-05
0.583381 4.574889e-05 -1.806363e-05 0.000000e+00 2.898092e-05 0.000000e+00 3.367730e-05
0.590965 4.607204e-05 -1.818449e-05 0.000000e+00 2.904931e-05 0.000000e+00 3.379001e-05
0.598549 4.640984e-05 -1.832909e-05 0.000000e+00 2.911424e-05 0.000000e+00 3.387999e-05
0.606133 4.674016e-05 -1.846228e-05 0.000000e+00 2.917416e-05 0.000000e+00 3.396678e-05
0.613717 4.706224e-05 -1.858220e-05 0.000000e+00 2.923014e-05 0.000000e+00 3.404731e-05
0.621301 4.738501e-05 -1.870734e-05 0.000000e+00 2.928037e-05 0.000000e+00 3.412107e-05
0.628885 4.770901e-05 -1.883692e-05 0.000000e+00 2.932679e-05 0.000000e+00 3.418439e-05
0.636469 4.801332e-05 -1.895362e-05 0.000000e+00 2.936802e-05 0.000000e+00 3.424557e-05
0.644053 4.831134e-05 -1.906546e-05 0.000000e+00 2.940750e-05 0.000000e+00 3.430195e-05
0.651637 4.859929e-05 -1.917654e-05 0.000000e+00 2.943849e-05 0.000000e+00 3.435451e-05
0.659221 4.888831e-05 -1.928689e-05 0.000000e+00 2.946751e-05 0.000000e+00 3.440535e-05
0.666805 4.915764e-05 -1.938502e-05 0.000000e+00 2.948980e-05 0.000000e+00 3.446236e-05
0.674388 4.942632e-05 -1.948123e-05 0.000000e+00 2.951081e-05 0.000000e+00 3.451979e-05
0.681972 4.967658e-05 -1.956860e-05 0.000000e+00 2.952272e-05 0.000000e+00 3.458857e-05
0.689556 4.992443e-05 -1.965518e-05 0.000000e+00 2.953369e-05 0.000000e+00 3.466130e-05
0.697140 5.015275e-05 -1.973234e-05 0.000000e+00 2.953765e-05 0.000000e+00 3.473895e-05
0.704724 5.037022e-05 -1.980549e-05 0.000000e+00 2.953884e-05 0.000000e+00 3.482215e-05
0.712308 5.058423e-05 -1.987353e-05 0.000000e+00 2.953428e-05 0.000000e+00 3.489675e-05
0.719892 5.078894e-05 -1.993647e-05 0.000000e+00 2.952547e-05 0.000000e+00 3.496603e-05
0.727476 5.099682e-05 -1.999675e-05 0.000000e+00 2.951457e-05 0.000000e+00 3.503423e-05
0.735060 5.119569e-05 -2.004412e-05 0.000000e+00 2.949733e-05 0.000000e+00 3.509530e-05
0.742644 5.139616e-05 -2.009363e-05 0.000000e+00 2.948031e-05 0.000000e+00 3.515734e-05
0.750228 5.158485e-05 -2.012671e-05 0.000000e+00 2.945459e-05 0.000000e+00 3.521634e-05
0.757812 5.177821e-05 -2.015806e-05 0.000000e+00 2.942995e-05 0.000000e+00 3.527706e-05
0.765396 5.195101e-05 -2.018322e-05 0.000000e+00 2.939690e-05 0.000000e+00 3.532902e-05
0.772980 5.211674e-05 -2.019806e-05 0.000000e+00 2.935799e-05 0.000000e+00 3.537547e-05
0.780564 5.227893e-05 -2.021446e-05 0.000000e+00 2.931918e-05 0.000000e+00 3.542206e-05
0.788148 5.241243e-05 -2.021624e-05 0.000000e+00 2.926743e-05 0.000000e+00 3.543210e-05
0.795732 5.254418e-05 -2.021760e-05 0.000000e+00 2.921622e-05 0.000000e+00 3.544579e-05
0.803316 5.266768e-05 -2.021527e-05 0.000000e+00 2.916006e-05 0.000000e+00 3.543400e-05
0.810900 5.277276e-05 -2.020475e-05 0.000000e+00 2.909805e-05 0.000000e+00 3.539626e-05
0.818484 5.287723e-05 -2.019388e-05 0.000000e+00 2.903597e-05 0.000000e+00 3.535873e-05
0.826068 5.297914e-05 -2.017993e-05 0.000000e+00 2.896809e-05 0.000000e+00 3.530190e-05
0.833652 5.307370e-05 -2.016227e-05 0.000000e+00 2.889818e-05 0.000000e+00 3.523592e-05
0.841236 5.316977e-05 -2.014508e-05 0.000000e+00 2.882804e-05 0.000000e+00 3.517018e-05
0.848820 5.326076e-05 -2.011705e-05 0.000000e+00 2.874654e-05 0.000000e+00 3.510389e-05
0.856404 5.335150e-05 -2.008792e-05 0.000000e+00 2.866394e-05 0.000000e+00 3.503995e-05
0.863987 5.343597e-05 -2.005656e-05 0.000000e+00 2.858003e-05 0.000000e+00 3.497447e-05
0.871571 5.349482e-05 -2.001739e-05 0.000000e+00 2.849361e-05 0.000000e+00 3.490285e-05
0.879155 5.354687e-05 -1.997628e-05 0.000000e+00 2.840702e-05 0.000000e+00 3.482900e-05
0.886739 5.359860e-05 -1.993502e-05 0.000000e+00 2.831930e-05 0.000000e+00 3.475364e-05
0.894323 5.361717e-05 -1.987876e-05 0.000000e+00 2.821456e-05 0.000000e+00 3.464323e-05
0.901907 5.363271e-05 -1.982330e-05 0.000000e+00 2.810927e-05 0.000000e+00 3.452895e-05
0.909491 5.365389e-05 -1.976647e-05 0.000000e+00 2.800492e-05 0.000000e+00 3.442066e-05
0.917075 5.367969e-05 -1.970994e-05 0.000000e+00 2.789580e-05 0.000000e+00 3.429149e-05
0.924659 5.370287e-05 -1.965373e-05 0.000000e+00 2.778693e-05 0.000000e+00 3.415562e-05
0.932243 5.372884e-05 -1.959663e-05 0.000000e+00 2.767654e-05 0.000000e+00 3.402515e-05
0.939827 5.373740e-05 -1.952237e-05 0.000000e+00 2.755191e-05 0.000000e+00 3.389389e-05
0.947411 5.373826e-05 -1.944012e-05 0.000000e+00 2.742051e-05 0.000000e+00 3.376214e-05
0.954995 5.374037e-05 -1.935863e-05 0.000000e+00 2.728967e-05 0.000000e+00 3.363088e-05
0.962579 5.373844e-05 -1.928091e-05 0.000000e+00 2.715868e-05 0.000000e+00 3.348659e-05
0.970163 5.373416e-05 -1.921008e-05 0.000000e+00 2.702601e-05 0.000000e+00 3.332174e-05
0.977747 5.373392e-05 -1.913832e-05 0.000000e+00 2.689081e-05 0.000000e+00 3.316024e-05
0.985331 5.372855e-05 -1.906608e-05 0.000000e+00 2.675784e-05 0.000000e+00 3.299739e-05
0.992915 5.364765e-05 -1.895800e-05 0.000000e+00 2.660825e-05 0.000000e+00 3.283030e-05
1.000500 5.357437e-05 -1.885402e-05 0.000000e+00 2.645920e-05 0.000000e+00 3.266049e-05
1.008080 5.349890e-05 -1.874743e-05 0.000000e+00 2.630878e-05 0.000000e+00 3.249180e-05
1.015670 5.342344e-05 -1.865756e-05 0.000000e+00 2.617007e-05 0.000000e+00 3.231494e-05
1.023250 5.335104e-05 -1.858374e-05 0.000000e+00 2.604292e-05 0.000000e+00 3.213358e-05
1.030830 5.327780e-05 -1.850916e-05 0.000000e+00 2.591568e-05 0.000000e+00 3.195226e-05
1.038420 5.320631e-05 -1.843559e-05 0.000000e+00 2.578697e-05 0.000000e+00 3.177124e-05
1.046000 5.305847e-05 -1.829635e-05 0.000000e+00 2.563548e-05 0.000000e+00 3.160346e-05
1.053590 5.289165e-05 -1.813947e-05 0.000000e+00 2.547800e-05 0.000000e+00 3.143396e-05
1.061170 5.272564e-05 -1.798228e-05 0.000000e+00 2.532037e-05 0.000000e+00 3.126701e-05
1.068750 5.255534e-05 -1.783893e-05 0.000000e+00 2.517037e-05 0.000000e+00 3.109504e-05
1.076340 5.237629e-05 -1.774597e-05 0.000000e+00 2.504677e-05 0.000000e+00 3.087911e-05
1.083920 5.219574e-05 -1.766433e-05 0.000000e+00 2.492930e-05 0.000000e+00 3.065416e-05
1.091510 5.201643e-05 -1.758290e-05 0.000000e+00 2.481241e-05 0.000000e+00 3.043156e-05
1.099090 5.182370e-05 -1.747960e-05 0.000000e+00 2.467735e-05 0.000000e+00 3.021915e-05
1.106670 5.158532e-05 -1.730394e-05 0.000000e+00 2.448190e-05 0.000000e+00 3.003969e-05
1.114260 5.134327e-05 -1.711882e-05 0.000000e+00 2.427836e-05 0.000000e+00 2.986335e-05
1.121840 5.110291e-05 -1.693465e-05 0.000000e+00 2.407562e-05 0.000000e+00 2.968680e-05
1.129430 5.085632e-05 -1.675634e-05 0.000000e+00 2.387847e-05 0.000000e+00 2.950461e-05
1.137010 5.058401e-05 -1.662500e-05 0.000000e+00 2.372519e-05 0.000000e+00 2.927947e-05
1.144590 5.030367e-05 -1.651231e-05 0.000000e+00 2.358873e-05 0.000000e+00 2.904063e-05
1.152180 5.002420e-05 -1.639844e-05 0.000000e+00 2.345098e-05 0.000000e+00 2.880334e-05
1.159760 4.974572e-05 -1.628572e-05 0.000000e+00 2.331415e-05 0.000000e+00 2.856588e-05
1.167350 4.944139e-05 -1.613823e-05 0.000000e+00 2.315253e-05 0.000000e+00 2.832970e-05
1.174930 4.910538e-05 -1.594476e-05 0.000000e+00 2.295849e-05 0.000000e+00 2.809958e-05
1.182510 4.877480e-05 -1.575654e-05 0.000000e+00 2.276827e-05 0.000000e+00 2.786975e-05
1.190100 4.844327e-05 -1.556687e-05 0.000000e+00 2.257688e-05 0.000000e+00 2.763993e-05
1.197680 4.810885e-05 -1.538618e-05 0.000000e+00 2.239292e-05 0.000000e+00 2.740464e-05
1.205270 4.776071e-05 -1.524330e-05 0.000000e+00 2.223995e-05 0.000000e+00 2.714434e-05
1.212850 4.741171e-05 -1.510638e-05 0.000000e+00 2.209188e-05 0.000000e+00 2.688089e-05
1.220430 4.706278e-05 -1.496900e-05 0.000000e+00 2.194344e-05 0.000000e+00 2.661770e-05
1.228020 4.671270e-05 -1.483091e-05 0.000000e+00 2.179464e-05 0.000000e+00 2.635437e-05
1.235600 4.633224e-05 -1.466824e-05 0.000000e+00 2.163096e-05 0.000000e+00 2.609856e-05
1.243190 4.592357e-05 -1.448296e-05 0.000000e+00 2.145235e-05 0.000000e+00 2.584925e-05
1.250770 4.551854e-05 -1.430026e-05 0.000000e+00 2.127547e-05 0.000000e+00 2.559982e-05
1.258350 4.511290e-05 -1.411691e-05 0.000000e+00 2.109832e-05 0.000000e+00 2.535017e-05
1.265940 4.471190e-05 -1.394225e-05 0.000000e+00 2.092584e-05 0.000000e+00 2.509812e-05
1.273520 4.432200e-05 -1.378866e-05 0.000000e+00 2.076210e-05 0.000000e+00 2.485046e-05
1.281110 4.392862e-05 -1.363353e-05 0.000000e+00 2.059692e-05 0.000000e+00 2.460430e-05
1.288690 4.353570e-05 -1.347873e-05 0.000000e+00 2.043196e-05 0.000000e+00 2.435862e-05
1.296270 4.314645e-05 -1.332484e-05 0.000000e+00 2.026849e-05 0.000000e+00 2.410985e-05
1.303860 4.273975e-05 -1.316313e-05 0.000000e+00 2.009921e-05 0.000000e+00 2.386915e-05
1.311440 4.232483e-05 -1.299872e-05 0.000000e+00 1.992773e-05 0.000000e+00 2.363316e-05
1.319030 4.190809e-05 -1.283487e-05 0.000000e+00 1.975620e-05 0.000000e+00 2.339759e-05
1.326610 4.149630e-05 -1.267004e-05 0.000000e+00 1.958493e-05 0.000000e+00 2.315961e-05
1.334190 4.108093e-05 -1.251023e-05 0.000000e+00 1.941564e-05 0.000000e+00 2.293039e-05
1.341780 4.065923e-05 -1.235903e-05 0.000000e+00 1.924961e-05 0.000000e+00 2.271625e-05
1.349360 4.023808e-05 -1.220705e-05 0.000000e+00 1.908346e-05 0.000000e+00 2.250007e-05
1.356940 3.981776e-05 -1.205505e-05 0.000000e+00 1.891725e-05 0.000000e+00 2.228496e-05
1.364530 3.940075e-05 -1.190316e-05 0.000000e+00 1.875043e-05 0.000000e+00 2.206972e-05
1.372110 3.900446e-05 -1.175312e-05 0.000000e+00 1.858179e-05 0.000000e+00 2.185510e-05
1.379700 3.861033e-05 -1.160340e-05 0.000000e+00 1.841284e-05 0.000000e+00 2.164165e-05
1.387280 3.821583e-05 -1.145420e-05 0.000000e+00 1.824447e-05 0.000000e+00 2.143034e-05
1.394860 3.782255e-05 -1.130478e-05 0.000000e+00 1.807584e-05 0.000000e+00 2.121658e-05
1.402450 3.744213e-05 -1.115979e-05 0.000000e+00 1.791017e-05 0.000000e+00 2.099264e-05
1.410030 3.707350e-05 -1.101900e-05 0.000000e+00 1.774779e-05 0.000000e+00 2.076036e-05
1.417620 3.670230e-05 -1.087754e-05 0.000000e+00 1.758560e-05 0.000000e+00 2.052876e-05
1.425200 3.633201e-05 -1.073621e-05 0.000000e+00 1.742321e-05 0.000000e+00 2.029711e-05
1.432780 3.596438e-05 -1.059718e-05 0.000000e+00 1.726234e-05 0.000000e+00 2.006932e-05
1.440370 3.560534e-05 -1.046528e-05 0.000000e+00 1.710784e-05 0.000000e+00 1.985361e-05
1.447950 3.524847e-05 -1.033228e-05 0.000000e+00 1.695272e-05 0.000000e+00 1.963627e-05
1.455540 3.489146e-05 -1.019917e-05 0.000000e+00 1.679748e-05 0.000000e+00 1.941878e-05
1.463120 3.453416e-05 -1.006753e-05 0.000000e+00 1.664297e-05 0.000000e+00 1.920342e-05
1.470700 3.418429e-05 -9.944056e-06 0.000000e+00 1.649179e-05 0.000000e+00 1.900081e-05
1.478290 3.383888e-05 -9.823115e-06 0.000000e+00 1.634167e-05 0.000000e+00 1.880292e-05
1.485870 3.349357e-05 -9.702061e-06 0.000000e+00 1.619163e-05 0.000000e+00 1.860485e-05
1.493460 3.314783e-05 -9.580876e-06 0.000000e+00 1.604138e-05 0.000000e+00 1.840654e-05
1.501040 3.279947e-05 -9.464682e-06 0.000000e+00 1.589397e-05 0.000000e+00 1.820870e-05
1.508620 3.244725e-05 -9.355615e-06 0.000000e+00 1.575080e-05 0.000000e+00 1.801210e-05
1.516210 3.209494e-05 -9.245648e-06 0.000000e+00 1.560700e-05 0.000000e+00 1.781510e-05
1.523790 3.174301e-05 -9.135976e-06 0.000000e+00 1.546348e-05 0.000000e+00 1.761837e-05
1.531380 3.139064e-05 -9.026196e-06 0.000000e+00 1.532087e-05 0.000000e+00 1.742247e-05
1.538960 3.103755e-05 -8.918503e-06 0.000000e+00 1.518419e-05 0.000000e+00 1.723084e-05
1.546540 3.068402e-05 -8.811122e-06 0.000000e+00 1.504767e-05 0.000000e+00 1.703909e-05
1.554130 3.033013e-05 -8.703603e-06 0.000000e+00 1.491104e-05 0.000000e+00 1.684721e-05
1.561710 2.997787e-05 -8.596183e-06 0.000000e+00 1.477486e-05 0.000000e+00 1.665607e-05
1.569300 2.963948e-05 -8.491634e-06 0.000000e+00 1.464414e-05 0.000000e+00 1.647313e-05
1.576880 2.930987e-05 -8.388884e-06 0.000000e+00 1.451663e-05 0.000000e+00 1.629573e-05
1.584460 2.897966e-05 -8.285767e-06 0.000000e+00 1.438862e-05 0.000000e+00 1.611813e-05
1.592050 2.864851e-05 -8.182868e-06 0.000000e+00 1.426079e-05 0.000000e+00 1.593969e-05
1.599630 2.832437e-05 -8.081044e-06 0.000000e+00 1.413418e-05 0.000000e+00 1.576363e-05
1.607220 2.801659e-05 -7.980776e-06 0.000000e+00 1.400941e-05 0.000000e+00 1.559364e-05
1.614800 2.770876e-05 -7.880244e-06 0.000000e+00 1.388429e-05 0.000000e+00 1.542297e-05
1.622380 2.740013e-05 -7.779947e-06 0.000000e+00 1.375948e-05 0.000000e+00 1.525264e-05
1.629970 2.709229e-05 -7.680321e-06 0.000000e+00 1.363521e-05 0.000000e+00 1.508304e-05
1.637550 2.680373e-05 -7.587529e-06 0.000000e+00 1.351649e-05 0.000000e+00 1.492226e-05
1.645140 2.651674e-05 -7.495300e-06 0.000000e+00 1.339825e-05 0.000000e+00 1.476231e-05
1.652720 2.623022e-05 -7.403235e-06 0.000000e+00 1.328007e-05 0.000000e+00 1.460236e-05
1.660300 2.594401e-05 -7.311278e-06 0.000000e+00 1.316191e-05 0.000000e+00 1.444238e-05
1.667890 2.567343e-05 -7.224452e-06 0.000000e+00 1.304666e-05 0.000000e+00 1.428565e-05
1.675470 2.541516e-05 -7.141651e-06 0.000000e+00 1.293384e-05 0.000000e+00 1.413172e-05
1.683060 2.515498e-05 -7.058119e-06 0.000000e+00 1.282021e-05 0.000000e+00 1.397791e-05
1.690640 2.489561e-05 -6.974915e-06 0.000000e+00 1.270704e-05 0.000000e+00 1.382399e-05
1.698220 2.464507e-05 -6.894009e-06 0.000000e+00 1.259490e-05 0.000000e+00 1.367047e-05
1.705810 2.442358e-05 -6.820558e-06 0.000000e+00 1.248591e-05 0.000000e+00 1.351839e-05
1.713390 2.419852e-05 -6.745973e-06 0.000000e+00 1.237664e-05 0.000000e+00 1.336654e-05
1.720970 2.397435e-05 -6.671576e-06 0.000000e+00 1.226746e-05 0.000000e+00 1.321492e-05
1.728560 2.375135e-05 -6.597703e-06 0.000000e+00 1.215825e-05 0.000000e+00 1.306336e-05
1.736140 2.354529e-05 -6.528135e-06 0.000000e+00 1.205081e-05 0.000000e+00 1.292123e-05
1.743730 2.334026e-05 -6.458570e-06 0.000000e+00 1.194409e-05 0.000000e+00 1.277915e-05
1.751310 2.313547e-05 -6.389034e-06 0.000000e+00 1.183766e-05 0.000000e+00 1.263715e-05
1.758890 2.293084e-05 -6.319591e-06 0.000000e+00 1.173108e-05 0.000000e+00 1.249534e-05
1.766480 2.273687e-05 -6.252245e-06 0.000000e+00 1.162567e-05 0.000000e+00 1.235997e-05
1.774060 2.255167e-05 -6.186437e-06 0.000000e+00 1.152234e-05 0.000000e+00 1.222901e-05
1.781650 2.236547e-05 -6.120413e-06 0.000000e+00 1.141870e-05 0.000000e+00 1.209745e-05
1.789230 2.217972e-05 -6.054518e-06 0.000000e+00 1.131525e-05 0.000000e+00 1.196619e-05
1.796810 2.199556e-05 -5.989422e-06 0.000000e+00 1.121281e-05 0.000000e+00 1.183776e-05
1.804400 2.181723e-05 -5.927222e-06 0.000000e+00 1.111392e-05 0.000000e+00 1.171950e-05
1.811980 2.163859e-05 -5.864823e-06 0.000000e+00 1.101478e-05 0.000000e+00 1.160039e-05
1.819570 2.145984e-05 -5.802440e-06 0.000000e+00 1.091574e-05 0.000000e+00 1.148154e-05
1.827150 2.128151e-05 -5.740148e-06 0.000000e+00 1.081685e-05 0.000000e+00 1.136276e-05
1.834730 2.110344e-05 -5.678951e-06 0.000000e+00 1.072484e-05 0.000000e+00 1.125137e-05
1.842320 2.092543e-05 -5.617789e-06 0.000000e+00 1.063340e-05 0.000000e+00 1.114107e-05
1.849900 2.074772e-05 -5.556724e-06 0.000000e+00 1.054217e-05 0.000000e+00 1.103106e-05
1.857490 2.056931e-05 -5.495545e-06 0.000000e+00 1.045069e-05 0.000000e+00 1.092016e-05
1.865070 2.039442e-05 -5.434888e-06 0.000000e+00 1.036151e-05 0.000000e+00 1.081526e-05
1.872650 2.022227e-05 -5.374711e-06 0.000000e+00 1.027393e-05 0.000000e+00 1.071500e-05
1.880240 2.004997e-05 -5.314691e-06 0.000000e+00 1.018614e-05 0.000000e+00 1.061448e-05
1.887820 1.987755e-05 -5.254390e-06 0.000000e+00 1.009844e-05 0.000000e+00 1.051387e-05
1.895410 1.970562e-05 -5.194950e-06 0.000000e+00 1.001225e-05 0.000000e+00 1.041572e-05
1.902990 1.953652e-05 -5.138785e-06 0.000000e+00 9.930975e-06 0.000000e+00 1.032570e-05
1.910570 1.936723e-05 -5.082517e-06 0.000000e+00 9.849474e-06 0.000000e+00 1.023491e-05
1.918160 1.919792e-05 -5.026077e-06 0.000000e+00 9.767947e-06 0.000000e+00 1.014450e-05
1.925740 1.902861e-05 -4.969727e-06 0.000000e+00 9.686332e-06 0.000000e+00 1.005407e-05
1.933330 1.886623e-05 -4.909286e-06 0.000000e+00 9.607452e-06 0.000000e+00 9.971730e-06
1.940910 1.870401e-05 -4.848880e-06 0.000000e+00 9.528716e-06 0.000000e+00 9.889578e-06
1.948490 1.854209e-05 -4.788454e-06 0.000000e+00 9.450109e-06 0.000000e+00 9.807655e-06
1.956080 1.837927e-05 -4.727845e-06 0.000000e+00 9.371270e-06 0.000000e+00 9.725443e-06
1.963660 1.822892e-05 -4.669484e-06 0.000000e+00 9.294533e-06 0.000000e+00 9.645817e-06
1.971250 1.808440e-05 -4.612171e-06 0.000000e+00 9.218674e-06 0.000000e+00 9.567397e-06
1.978830 1.793917e-05 -4.554977e-06 0.000000e+00 9.142751e-06 0.000000e+00 9.489355e-06
1.986410 1.779436e-05 -4.497818e-06 0.000000e+00 9.066939e-06 0.000000e+00 9.411077e-06
1.994000 1.765140e-05 -4.438751e-06 0.000000e+00 8.990675e-06 0.000000e+00 9.333579e-06
2.001580 1.751206e-05 -4.376403e-06 0.000000e+00 8.913784e-06 0.000000e+00 9.257929e-06
2.009170 1.737221e-05 -4.314087e-06 0.000000e+00 8.836789e-06 0.000000e+00 9.181836e-06
2.016750 1.723249e-05 -4.251627e-06 0.000000e+00 8.759674e-06 0.000000e+00 9.105644e-06
2.024330 1.709569e-05 -4.191547e-06 0.000000e+00 8.685623e-06 0.000000e+00 9.034312e-06
2.031920 1.696365e-05 -4.135442e-06 0.000000e+00 8.616537e-06 0.000000e+00 8.970636e-06
2.039500 1.683176e-05 -4.079322e-06 0.000000e+00 8.547374e-06 0.000000e+00 8.906711e-06
2.047090 1.669961e-05 -4.023482e-06 0.000000e+00 8.478010e-06 0.000000e+00 8.842489e-06
2.054670 1.656920e-05 -3.965221e-06 0.000000e+00 8.411274e-06 0.000000e+00 8.783091e-06
2.062250 1.643990e-05 -3.904998e-06 0.000000e+00 8.346093e-06 0.000000e+00 8.726701e-06
2.069840 1.631045e-05 -3.844715e-06 0.000000e+00 8.280837e-06 0.000000e+00 8.670271e-06
2.077420 1.618100e-05 -3.784246e-06 0.000000e+00 8.215564e-06 0.000000e+00 8.613683e-06
2.085010 1.605289e-05 -3.725930e-06 0.000000e+00 8.151212e-06 0.000000e+00 8.559133e-06
2.092590 1.592625e-05 -3.669176e-06 0.000000e+00 8.087479e-06 0.000000e+00 8.506065e-06
2.100170 1.579960e-05 -3.612347e-06 0.000000e+00 8.023712e-06 0.000000e+00 8.452957e-06
2.107760 1.567287e-05 -3.555515e-06 0.000000e+00 7.959741e-06 0.000000e+00 8.399721e-06
2.115340 1.554533e-05 -3.497778e-06 0.000000e+00 7.896811e-06 0.000000e+00 8.347594e-06
2.122920 1.541660e-05 -3.439080e-06 0.000000e+00 7.834993e-06 0.000000e+00 8.296539e-06
2.130510 1.528768e-05 -3.380355e-06 0.000000e+00 7.773089e-06 0.000000e+00 8.245392e-06
2.138090 1.515910e-05 -3.321626e-06 0.000000e+00 7.711191e-06 0.000000e+00 8.194293e-06
2.145680 1.502939e-05 -3.263332e-06 0.000000e+00 7.649556e-06 0.000000e+00 8.143358e-06
2.153260 1.489740e-05 -3.206433e-06 0.000000e+00 7.589249e-06 0.000000e+00 8.093013e-06
2.160840 1.476520e-05 -3.149666e-06 0.000000e+00 7.529121e-06 0.000000e+00 8.042731e-06
2.168430 1.463279e-05 -3.092798e-06 0.000000e+00 7.468867e-06 0.000000e+00 7.992357e-06
2.176010 1.450116e-05 -3.036097e-06 0.000000e+00 7.408826e-06 0.000000e+00 7.942115e-06
2.183600 1.437295e-05 -2.980103e-06 0.000000e+00 7.350048e-06 0.000000e+00 7.892565e-06
2.191180 1.424636e-05 -2.924593e-06 0.000000e+00 7.291750e-06 0.000000e+00 7.843428e-06
2.198760 1.411972e-05 -2.869087e-06 0.000000e+00 7.233409e-06 0.000000e+00 7.794288e-06
2.206350 1.399246e-05 -2.813308e-06 0.000000e+00 7.175017e-06 0.000000e+00 7.744944e-06
2.213930 1.386872e-05 -2.758482e-06 0.000000e+00 7.116977e-06 0.000000e+00 7.697603e-06
2.221520 1.374786e-05 -2.704446e-06 0.000000e+00 7.059018e-06 0.000000e+00 7.651794e-06
2.229100 1.362699e-05 -2.650454e-06 0.000000e+00 7.001026e-06 0.000000e+00 7.605786e-06
2.236680 1.350610e-05 -2.596366e-06 0.000000e+00 6.943094e-06 0.000000e+00 7.559802e-06
2.244270 1.338326e-05 -2.542362e-06 0.000000e+00 6.885653e-06 0.000000e+00 7.514645e-06
2.251850 1.325692e-05 -2.488867e-06 0.000000e+00 6.829412e-06 0.000000e+00 7.471397e-06
2.259440 1.313037e-05 -2.435297e-06 0.000000e+00 6.773047e-06 0.000000e+00 7.428001e-06
2.267020 1.300398e-05 -2.381814e-06 0.000000e+00 6.716781e-06 0.000000e+00 7.384715e-06
2.274600 1.287786e-05 -2.328175e-06 0.000000e+00 6.660742e-06 0.000000e+00 7.341708e-06
2.282190 1.275309e-05 -2.273464e-06 0.000000e+00 6.605874e-06 0.000000e+00 7.300072e-06
2.289770 1.262901e-05 -2.218487e-06 0.000000e+00 6.551503e-06 0.000000e+00 7.258980e-06
2.297360 1.250470e-05 -2.163466e-06 0.000000e+00 6.497018e-06 0.000000e+00 7.217780e-06
2.304940 1.238059e-05 -2.108535e-06 0.000000e+00 6.442601e-06 0.000000e+00 7.176650e-06
2.312520 1.226066e-05 -2.052637e-06 0.000000e+00 6.388952e-06 0.000000e+00 7.137689e-06
2.320110 1.214473e-05 -1.995699e-06 0.000000e+00 6.335999e-06 0.000000e+00 7.100813e-06
2.327690 1.202844e-05 -1.939051e-06 0.000000e+00 6.282960e-06 0.000000e+00 7.063773e-06
2.335280 1.191195e-05 -1.882260e-06 0.000000e+00 6.229886e-06 0.000000e+00 7.026545e-06
2.342860 1.179714e-05 -1.825353e-06 0.000000e+00 6.177141e-06 0.000000e+00 6.991130e-06
2.350440 1.168610e-05 -1.767944e-06 0.000000e+00 6.125046e-06 0.000000e+00 6.960075e-06
2.358030 1.157463e-05 -1.710669e-06 0.000000e+00 6.072785e-06 0.000000e+00 6.928608e-06
2.365610 1.146331e-05 -1.653401e-06 0.000000e+00 6.020614e-06 0.000000e+00 6.897196e-06
2.373200 1.135286e-05 -1.596021e-06 0.000000e+00 5.968512e-06 0.000000e+00 6.866778e-06
2.380780 1.124766e-05 -1.538875e-06 0.000000e+00 5.917085e-06 0.000000e+00 6.841459e-06
2.388360 1.114262e-05 -1.481840e-06 0.000000e+00 5.865701e-06 0.000000e+00 6.816247e-06
2.395950 1.103757e-05 -1.424747e-06 0.000000e+00 5.814256e-06 0.000000e+00 6.791119e-06
2.403530 1.093327e-05 -1.367665e-06 0.000000e+00 5.762796e-06 0.000000e+00 6.766634e-06
2.411120 1.083635e-05 -1.311077e-06 0.000000e+00 5.710938e-06 0.000000e+00 6.748912e-06
2.418700 1.073986e-05 -1.254627e-06 0.000000e+00 5.659172e-06 0.000000e+00 6.731399e-06
2.426280 1.064370e-05 -1.198197e-06 0.000000e+00 5.607403e-06 0.000000e+00 6.714062e-06
2.433870 1.054819e-05 -1.141631e-06 0.000000e+00 5.555513e-06 0.000000e+00 6.696934e-06
2.441450 1.046472e-05 -1.085340e-06 0.000000e+00 5.503504e-06 0.000000e+00 6.684327e-06
2.449040 1.038062e-05 -1.028972e-06 0.000000e+00 5.451457e-06 0.000000e+00 6.671484e-06
2.456620 1.029655e-05 -9.726958e-07 0.000000e+00 5.399491e-06 0.000000e+00 6.658665e-06
2.464200 1.021835e-05 -9.161967e-07 0.000000e+00 5.347278e-06 0.000000e+00 6.647430e-06
2.471790 1.015018e-05 -8.592576e-07 0.000000e+00 5.294790e-06 0.000000e+00 6.638951e-06
2.479370 1.008212e-05 -8.023914e-07 0.000000e+00 5.242367e-06 0.000000e+00 6.630465e-06
2.486950 1.001252e-05 -7.455747e-07 0.000000e+00 5.190001e-06 0.000000e+00 6.621656e-06
2.494540 9.958014e-06 -6.882578e-07 0.000000e+00 5.136838e-06 0.000000e+00 6.616144e-06
2.502120 9.906866e-06 -6.309009e-07 0.000000e+00 5.083629e-06 0.000000e+00 6.611367e-06
2.509710 9.854869e-06 -5.734541e-07 0.000000e+00 5.030395e-06 0.000000e+00 6.606420e-06
2.517290 9.809748e-06 -5.162166e-07 0.000000e+00 4.976822e-06 0.000000e+00 6.602871e-06
2.524870 9.774790e-06 -4.591592e-07 0.000000e+00 4.922624e-06 0.000000e+00 6.601390e-06
2.532460 9.739942e-06 -4.020292e-07 0.000000e+00 4.868342e-06 0.000000e+00 6.599941e-06
2.540040 9.707404e-06 -3.451100e-07 0.000000e+00 4.814065e-06 0.000000e+00 6.599240e-06
2.547630 9.688573e-06 -2.889939e-07 0.000000e+00 4.759197e-06 0.000000e+00 6.603071e-06
2.555210 9.670746e-06 -2.330283e-07 0.000000e+00 4.704297e-06 0.000000e+00 6.607211e-06
2.562790 9.653308e-06 -1.770374e-07 0.000000e+00 4.649496e-06 0.000000e+00 6.611468e-06
2.570380 9.653824e-06 -1.209937e-07 0.000000e+00 4.594441e-06 0.000000e+00 6.621176e-06
2.577960 9.653227e-06 -6.506800e-08 0.000000e+00 4.539395e-06 0.000000e+00 6.630637e-06
2.585550 9.660025e-06 -8.808357e-09 0.000000e+00 4.484391e-06 0.000000e+00 6.641382e-06
2.593130 9.682006e-06 4.788393e-08 0.000000e+00 4.429442e-06 0.000000e+00 6.654451e-06
2.600710 9.705760e-06 1.046284e-07 0.000000e+00 4.374450e-06 0.000000e+00 6.667782e-06
2.608300 9.741248e-06 1.623272e-07 0.000000e+00 4.319385e-06 0.000000e+00 6.683223e-06
2.615880 9.791278e-06 2.210543e-07 0.000000e+00 4.264165e-06 0.000000e+00 6.701137e-06
2.623470 9.842938e-06 2.798774e-07 0.000000e+00 4.208913e-06 0.000000e+00 6.719441e-06
2.631050 9.914707e-06 3.394406e-07 0.000000e+00 4.153357e-06 0.000000e+00 6.741777e-06
2.638630 9.989227e-06 3.991447e-07 0.000000e+00 4.097708e-06 0.000000e+00 6.764619e-06
2.646220 1.007977e-05 4.603193e-07 0.000000e+00 4.041607e-06 0.000000e+00 6.789411e-06
2.653800 1.017692e-05 5.221449e-07 0.000000e+00 3.985274e-06 0.000000e+00 6.815086e-06
2.661390 1.029150e-05 5.845058e-07 0.000000e+00 3.928624e-06 0.000000e+00 6.842137e-06
2.668970 1.041429e-05 6.469490e-07 0.000000e+00 3.871739e-06 0.000000e+00 6.869888e-06
2.676550 1.055319e-05 7.110291e-07 0.000000e+00 3.814632e-06 0.000000e+00 6.898351e-06
2.684140 1.070538e-05 7.762893e-07 0.000000e+00 3.757119e-06 0.000000e+00 6.927553e-06
2.691720 1.087655e-05 8.416718e-07 0.000000e+00 3.699227e-06 0.000000e+00 6.958193e-06
2.699310 1.106317e-05 9.079656e-07 0.000000e+00 3.641275e-06 0.000000e+00 6.990215e-06
2.706890 1.127399e-05 9.759215e-07 0.000000e+00 3.583560e-06 0.000000e+00 7.024400e-06
2.714470 1.150261e-05 1.043921e-06 0.000000e+00 3.525666e-06 0.000000e+00 7.060399e-06
2.722060 1.175676e-05 1.113071e-06 0.000000e+00 3.467524e-06 0.000000e+00 7.097949e-06
2.729640 1.202740e-05 1.183749e-06 0.000000e+00 3.409429e-06 0.000000e+00 7.135765e-06
2.737230 1.233058e-05 1.255084e-06 0.000000e+00 3.351247e-06 0.000000e+00 7.174719e-06
2.744810 1.265159e-05 1.326944e-06 0.000000e+00 3.293085e-06 0.000000e+00 7.213721e-06
2.752390 1.300815e-05 1.399965e-06 0.000000e+00 3.234820e-06 0.000000e+00 7.252186e-06
2.759980 1.338623e-05 1.473228e-06 0.000000e+00 3.176476e-06 0.000000e+00 7.290004e-06
2.767560 1.380594e-05 1.546982e-06 0.000000e+00 3.117828e-06 0.000000e+00 7.325262e-06
2.775150 1.425263e-05 1.621212e-06 0.000000e+00 3.058850e-06 0.000000e+00 7.358344e-06
2.782730 1.473977e-05 1.695828e-06 0.000000e+00 2.999456e-06 0.000000e+00 7.387100e-06
2.790310 1.526443e-05 1.770693e-06 0.000000e+00 2.939503e-06 0.000000e+00 7.410960e-06
2.797900 1.582286e-05 1.845742e-06 0.000000e+00 2.878850e-06 0.000000e+00 7.430193e-06
2.805480 1.642935e-05 1.920558e-06 0.000000e+00 2.817042e-06 0.000000e+00 7.441962e-06
2.813070 1.707180e-05 1.994988e-06 0.000000e+00 2.753980e-06 0.000000e+00 7.448248e-06
2.820650 1.775620e-05 2.068569e-06 0.000000e+00 2.689454e-06 0.000000e+00 7.447759e-06
2.828230 1.849342e-05 2.140548e-06 0.000000e+00 2.622578e-06 0.000000e+00 7.438546e-06
2.835820 1.927585e-05 2.210463e-06 0.000000e+00 2.553327e-06 0.000000e+00 7.420916e-06
2.843400 2.009878e-05 2.277464e-06 0.000000e+00 2.481763e-06 0.000000e+00 7.393887e-06
2.850980 2.096116e-05 2.340942e-06 0.000000e+00 2.407483e-06 0.000000e+00 7.356058e-06
2.858570 2.186405e-05 2.399674e-06 0.000000e+00 2.329518e-06 0.000000e+00 7.304657e-06
2.866150 2.279548e-05 2.452745e-06 0.000000e+00 2.247704e-06 0.000000e+00 7.239363e-06
2.873740 2.374566e-05 2.499426e-06 0.000000e+00 2.161562e-06 0.000000e+00 7.159955e-06
2.881320 2.469787e-05 2.538061e-06 0.000000e+00 2.071027e-06 0.000000e+00 7.065937e-06
2.888900 2.564050e-05 2.566970e-06 0.000000e+00 1.975538e-06 0.000000e+00 6.956637e-06
2.896490 2.655742e-05 2.584324e-06 0.000000e+00 1.874483e-06 0.000000e+00 6.831114e-06
2.904070 2.743657e-05 2.587326e-06 0.000000e+00 1.768879e-06 0.000000e+00 6.693273e-06
2.911660 2.823844e-05 2.574574e-06 0.000000e+00 1.656693e-06 0.000000e+00 6.536482e-06
2.919240 2.893685e-05 2.543462e-06 0.000000e+00 1.538808e-06 0.000000e+00 6.362826e-06
2.926820 2.949820e-05 2.490701e-06 0.000000e+00 1.414986e-06 0.000000e+00 6.170981e-06
2.934410 2.986368e-05 2.411836e-06 0.000000e+00 1.285375e-06 0.000000e+00 5.957664e-06
2.941990 2.998379e-05 2.305143e-06 0.000000e+00 1.151043e-06 0.000000e+00 5.721563e-06
2.949580 2.979600e-05 2.168137e-06 0.000000e+00 1.012793e-06 0.000000e+00 5.460920e-06
2.957160 2.923344e-05 1.999571e-06 0.000000e+00 8.725624e-07 0.000000e+00 5.176101e-06
2.964740 2.818130e-05 1.796209e-06 0.000000e+00 7.321400e-07 0.000000e+00 4.863660e-06
2.972330 2.652402e-05 1.558118e-06 0.000000e+00 5.939695e-07 0.000000e+00 4.518800e-06
2.979910 2.422438e-05 1.292939e-06 0.000000e+00 4.612887e-07 0.000000e+00 4.139218e-06
2.987500 2.115938e-05 1.007786e-06 0.000000e+00 3.380528e-07 0.000000e+00 3.711690e-06
2.995080 1.740416e-05 7.194619e-07 0.000000e+00 2.276709e-07 0.000000e+00 3.229896e-06
3.002660 1.306482e-05 4.524917e-07 0.000000e+00 1.361139e-07 0.000000e+00 2.669538e-06
3.010250 8.564083e-06 2.320280e-07 0.000000e+00 6.624038e-08 0.000000e+00 2.024830e-06
3.017830 4.492069e-06 8.539812e-08 0.000000e+00 2.283316e-08 0.000000e+00 1.295558e-06
3.025420 1.505284e-06 1.553954e-08 0.000000e+00 3.557640e-09 0.000000e+00 5.561197e-07
3.033000 7.030282e-08 -4.224603e-11 0.000000e+00 -3.128145e-11 0.000000e+00 3.899179e-08
