0.007000 9.741030e-07 -6.536478e-09 0.000000e+00 3.944067e-09 0.000000e+00 1.455775e-06
0.014584 3.227427e-06 -5.458542e-08 0.000000e+00 4.950979e-08 0.000000e+00 4.697712e-06
0.022168 5.819670e-06 -1.577648e-07 0.000000e+00 1.800146e-07 0.000000e+00 8.148451e-06
0.029752 8.304617e-06 -2.988790e-07 0.000000e+00 4.071678e-07 0.000000e+00 1.118476e-05
0.037336 1.050880e-05 -4.593485e-07 0.000000e+00 7.217108e-07 0.000000e+00 1.367563e-05
0.044920 1.238938e-05 -6.252168e-07 0.000000e+00 1.104472e-06 0.000000e+00 1.568161e-05
0.052504 1.396296e-05 -7.907466e-07 0.000000e+00 1.538129e-06 0.000000e+00 1.728801e-05
0.060088 1.527008e-05 -9.534250e-07 0.000000e+00 2.006545e-06 0.000000e+00 1.858127e-05
0.067672 1.635739e-05 -1.112518e-06 0.000000e+00 2.496466e-06 0.000000e+00 1.963138e-05
0.075256 1.726899e-05 -1.269003e-06 0.000000e+00 2.998305e-06 0.000000e+00 2.048988e-05
0.082840 1.803511e-05 -1.423728e-06 0.000000e+00 3.505215e-06 0.000000e+00 2.118801e-05
0.090424 1.868596e-05 -1.577066e-06 0.000000e+00 4.011607e-06 0.000000e+00 2.175708e-05
0.098007 1.924047e-05 -1.729591e-06 0.000000e+00 4.513310e-06 0.000000e+00 2.221811e-05
0.105591 1.971630e-05 -1.881387e-06 0.000000e+00 5.007851e-06 0.000000e+00 2.259146e-05
0.113175 2.012601e-05 -2.032406e-06 0.000000e+00 5.492856e-06 0.000000e+00 2.289132e-05
0.120759 2.048181e-05 -2.182938e-06 0.000000e+00 5.966988e-06 0.000000e+00 2.312990e-05
0.128343 2.079755e-05 -2.333193e-06 0.000000e+00 6.430118e-06 0.000000e+00 2.332109e-05
0.135927 2.107905e-05 -2.483440e-06 0.000000e+00 6.881037e-06 0.000000e+00 2.347019e-05
0.143511 2.133569e-05 -2.634223e-06 0.000000e+00 7.318926e-06 0.000000e+00 2.358631e-05
0.151095 2.157566e-05 -2.786238e-06 0.000000e+00 7.744507e-06 0.000000e+00 2.367738e-05
0.158679 2.180371e-05 -2.939723e-06 0.000000e+00 8.158527e-06 0.000000e+00 2.374846e-05
0.166263 2.202411e-05 -3.095426e-06 0.000000e+00 8.561806e-06 0.000000e+00 2.380522e-05
0.173847 2.224216e-05 -3.254228e-06 0.000000e+00 8.953583e-06 0.000000e+00 2.385446e-05
0.181431 2.246030e-05 -3.416439e-06 0.000000e+00 9.334049e-06 0.000000e+00 2.390064e-05
0.189015 2.267953e-05 -3.581941e-06 0.000000e+00 9.703645e-06 0.000000e+00 2.394745e-05
0.196599 2.289919e-05 -3.750300e-06 0.000000e+00 1.006292e-05 0.000000e+00 2.399690e-05
0.204183 2.312033e-05 -3.921058e-06 0.000000e+00 1.041320e-05 0.000000e+00 2.405006e-05
0.211767 2.334768e-05 -4.092523e-06 0.000000e+00 1.075884e-05 0.000000e+00 2.411311e-05
0.219351 2.356930e-05 -4.265018e-06 0.000000e+00 1.109418e-05 0.000000e+00 2.418023e-05
0.226935 2.378963e-05 -4.437805e-06 0.000000e+00 1.142420e-05 0.000000e+00 2.424933e-05
0.234519 2.400643e-05 -4.611547e-06 0.000000e+00 1.174776e-05 0.000000e+00 2.431776e-05
0.242103 2.421696e-05 -4.786599e-06 0.000000e+00 1.206650e-05 0.000000e+00 2.438207e-05
0.249687 2.442293e-05 -4.963307e-06 0.000000e+00 1.237978e-05 0.000000e+00 2.444142e-05
0.257271 2.461793e-05 -5.143403e-06 0.000000e+00 1.267988e-05 0.000000e+00 2.448790e-05
0.264855 2.480606e-05 -5.323873e-06 0.000000e+00 1.296914e-05 0.000000e+00 2.452412e-05
0.272439 2.499801e-05 -5.508540e-06 0.000000e+00 1.325664e-05 0.000000e+00 2.455899e-05
0.280023 2.518734e-05 -5.691728e-06 0.000000e+00 1.353809e-05 0.000000e+00 2.459048e-05
0.287607 2.537736e-05 -5.873817e-06 0.000000e+00 1.381813e-05 0.000000e+00 2.462217e-05
0.295190 2.556751e-05 -6.053777e-06 0.000000e+00 1.409882e-05 0.000000e+00 2.466046e-05
0.302774 2.575619e-05 -6.232730e-06 0.000000e+00 1.437388e-05 0.000000e+00 2.469641e-05
0.310358 2.594458e-05 -6.410832e-06 0.000000e+00 1.464283e-05 0.000000e+00 2.473597e-05
0.317942 2.613344e-05 -6.588837e-06 0.000000e+00 1.490585e-05 0.000000e+00 2.477296e-05
0.325526 2.632022e-05 -6.768308e-06 0.000000e+00 1.515649e-05 0.000000e+00 2.481689e-05
0.333110 2.651065e-05 -6.947060e-06 0.000000e+00 1.540085e-05 0.000000e+00 2.486329e-05
0.340694 2.670375e-05 -7.125398e-06 0.000000e+00 1.564194e-05 0.000000e+00 2.491058e-05
0.348278 2.690350e-05 -7.301337e-06 0.000000e+00 1.587650e-05 0.000000e+00 2.496013e-05
0.355862 2.710662e-05 -7.474616e-06 0.000000e+00 1.611065e-05 0.000000e+00 2.501258e-05
0.363446 2.731671e-05 -7.642026e-06 0.000000e+00 1.634335e-05 0.000000e+00 2.507233e-05
0.371030 2.752742e-05 -7.809324e-06 0.000000e+00 1.657269e-05 0.000000e+00 2.513113e-05
0.378614 2.773776e-05 -7.976932e-06 0.000000e+00 1.679933e-05 0.000000e+00 2.518521e-05
0.386198 2.794741e-05 -8.141887e-06 0.000000e+00 1.702084e-05 0.000000e+00 2.524205e-05
0.393782 2.815400e-05 -8.309033e-06 0.000000e+00 1.723464e-05 0.000000e+00 2.529447e-05
0.401366 2.836135e-05 -8.476642e-06 0.000000e+00 1.744427e-05 0.000000e+00 2.534664e-05
0.408950 2.857153e-05 -8.643647e-06 0.000000e+00 1.765132e-05 0.000000e+00 2.539880e-05
0.416534 2.878519e-05 -8.809166e-06 0.000000e+00 1.785628e-05 0.000000e+00 2.544998e-05
0.424118 2.900163e-05 -8.973216e-06 0.000000e+00 1.805692e-05 0.000000e+00 2.550349e-05
0.431702 2.921835e-05 -9.133371e-06 0.000000e+00 1.825701e-05 0.000000e+00 2.555308e-05
0.439286 2.943634e-05 -9.292651e-06 0.000000e+00 1.845032e-05 0.000000e+00 2.560273e-05
0.446870 2.965583e-05 -9.450249e-06 0.000000e+00 1.864109e-05 0.000000e+00 2.565145e-05
0.454454 2.988272e-05 -9.608170e-06 0.000000e+00 1.882127e-05 0.000000e+00 2.570225e-05
0.462038 3.011231e-05 -9.764870e-06 0.000000e+00 1.899850e-05 0.000000e+00 2.575180e-05
0.469622 3.034669e-05 -9.924470e-06 0.000000e+00 1.917107e-05 0.000000e+00 2.581194e-05
0.477206 3.058708e-05 -1.008364e-05 0.000000e+00 1.934008e-05 0.000000e+00 2.587898e-05
0.484789 3.082774e-05 -1.024326e-05 0.000000e+00 1.950339e-05 0.000000e+00 2.594762e-05
0.492373 3.106984e-05 -1.040098e-05 0.000000e+00 1.966183e-05 0.000000e+00 2.601694e-05
0.499957 3.131131e-05 -1.055802e-05 0.000000e+00 1.981586e-05 0.000000e+00 2.608702e-05
0.507541 3.155347e-05 -1.071427e-05 0.000000e+00 1.996173e-05 0.000000e+00 2.615388e-05
0.515125 3.178916e-05 -1.086897e-05 0.000000e+00 2.010121e-05 0.000000e+00 2.620747e-05
0.522709 3.202720e-05 -1.101981e-05 0.000000e+00 2.023312e-05 0.000000e+00 2.626227e-05
0.530293 3.226636e-05 -1.117150e-05 0.000000e+00 2.036122e-05 0.000000e+00 2.631681e-05
0.537877 3.250943e-05 -1.132523e-05 0.000000e+00 2.048357e-05 0.000000e+00 2.636909e-05
0.545461 3.275009e-05 -1.147592e-05 0.000000e+00 2.059766e-05 0.000000e+00 2.641943e-05
0.553045 3.299148e-05 -1.162463e-05 0.000000e+00 2.070805e-05 0.000000e+00 2.647154e-05
0.560629 3.325321e-05 -1.177388e-05 0.000000e+00 2.082491e-05 0.000000e+00 2.656346e-05
0.568213 3.351652e-05 -1.192009e-05 0.000000e+00 2.094023e-05 0.000000e+00 2.665739e-05
0.575797 3.377759e-05 -1.205988e-05 0.000000e+00 2.105315e-05 0.000000e+00 2.675388e-05
0.583381 3.403670e-05 -1.219758e-05 0.000000e+00 2.116074e-05 0.000000e+00 2.684951e-05
0.590965 3.429200e-05 -1.233453e-05 0.000000e+00 2.126447e-05 0.000000e+00 2.694377e-05
0.598549 3.454236e-05 -1.246664e-05 0.000000e+00 2.136397e-05 0.000000e+00 2.703220e-05
0.606133 3.478035e-05 -1.260049e-05 0.000000e+00 2.145502e-05 0.000000e+00 2.709400e-05
0.613717 3.500951e-05 -1.273245e-05 0.000000e+00 2.153556e-05 0.000000e+00 2.713880e-05
0.621301 3.523693e-05 -1.286405e-05 0.000000e+00 2.161622e-05 0.000000e+00 2.718257e-05
0.628885 3.545473e-05 -1.299168e-05 0.000000e+00 2.169269e-05 0.000000e+00 2.721908e-05
0.636469 3.567013e-05 -1.311848e-05 0.000000e+00 2.176752e-05 0.000000e+00 2.725421e-05
0.644053 3.587966e-05 -1.324337e-05 0.000000e+00 2.183616e-05 0.000000e+00 2.728671e-05
0.651637 3.608900e-05 -1.336737e-05 0.000000e+00 2.190487e-05 0.000000e+00 2.732115e-05
0.659221 3.629337e-05 -1.347991e-05 0.000000e+00 2.197277e-05 0.000000e+00 2.738179e-05
0.666805 3.649629e-05 -1.359296e-05 0.000000e+00 2.204009e-05 0.000000e+00 2.744012e-05
0.674388 3.669319e-05 -1.370161e-05 0.000000e+00 2.210146e-05 0.000000e+00 2.750011e-05
0.681972 3.688768e-05 -1.380919e-05 0.000000e+00 2.216098e-05 0.000000e+00 2.756009e-05
0.689556 3.708335e-05 -1.391216e-05 0.000000e+00 2.221692e-05 0.000000e+00 2.761946e-05
0.697140 3.727761e-05 -1.401214e-05 0.000000e+00 2.227068e-05 0.000000e+00 2.767823e-05
0.704724 3.747269e-05 -1.410944e-05 0.000000e+00 2.232049e-05 0.000000e+00 2.773531e-05
0.712308 3.766656e-05 -1.420578e-05 0.000000e+00 2.236116e-05 0.000000e+00 2.777814e-05
0.719892 3.785902e-05 -1.430220e-05 0.000000e+00 2.240122e-05 0.000000e+00 2.781861e-05
0.727476 3.805083e-05 -1.439251e-05 0.000000e+00 2.243645e-05 0.000000e+00 2.786150e-05
0.735060 3.824338e-05 -1.448175e-05 0.000000e+00 2.247028e-05 0.000000e+00 2.790429e-05
0.742644 3.843312e-05 -1.456762e-05 0.000000e+00 2.250238e-05 0.000000e+00 2.794666e-05
0.750228 3.862080e-05 -1.465007e-05 0.000000e+00 2.253065e-05 0.000000e+00 2.798732e-05
0.757812 3.880805e-05 -1.473233e-05 0.000000e+00 2.255783e-05 0.000000e+00 2.802686e-05
0.765396 3.899105e-05 -1.480402e-05 0.000000e+00 2.258665e-05 0.000000e+00 2.808001e-05
0.772980 3.917325e-05 -1.486634e-05 0.000000e+00 2.261831e-05 0.000000e+00 2.814758e-05
0.780564 3.935436e-05 -1.492924e-05 0.000000e+00 2.264704e-05 0.000000e+00 2.821102e-05
0.788148 3.952060e-05 -1.498430e-05 0.000000e+00 2.267243e-05 0.000000e+00 2.827830e-05
0.795732 3.968707e-05 -1.504056e-05 0.000000e+00 2.269769e-05 0.000000e+00 2.834427e-05
0.803316 3.984829e-05 -1.509355e-05 0.000000e+00 2.272054e-05 0.000000e+00 2.840516e-05
0.810900 4.000012e-05 -1.514282e-05 0.000000e+00 2.274173e-05 0.000000e+00 2.845889e-05
0.818484 4.015035e-05 -1.519250e-05 0.000000e+00 2.276320e-05 0.000000e+00 2.851154e-05
0.826068 4.030042e-05 -1.524777e-05 0.000000e+00 2.277787e-05 0.000000e+00 2.854594e-05
0.833652 4.045304e-05 -1.530319e-05 0.000000e+00 2.278442e-05 0.000000e+00 2.856032e-05
0.841236 4.060294e-05 -1.535978e-05 0.000000e+00 2.279333e-05 0.000000e+00 2.857782e-05
0.848820 4.075413e-05 -1.541309e-05 0.000000e+00 2.279740e-05 0.000000e+00 2.858747e-05
0.856404 4.090949e-05 -1.546176e-05 0.000000e+00 2.279512e-05 0.000000e+00 2.858856e-05
0.863987 4.106316e-05 -1.551148e-05 0.000000e+00 2.279531e-05 0.000000e+00 2.859132e-05
0.871571 4.121570e-05 -1.555741e-05 0.000000e+00 2.279078e-05 0.000000e+00 2.858840e-05
0.879155 4.136667e-05 -1.559867e-05 0.000000e+00 2.278225e-05 0.000000e+00 2.858056e-05
0.886739 4.151816e-05 -1.563438e-05 0.000000e+00 2.277497e-05 0.000000e+00 2.857174e-05
0.894323 4.166775e-05 -1.566299e-05 0.000000e+00 2.276762e-05 0.000000e+00 2.856065e-05
0.901907 4.180738e-05 -1.568844e-05 0.000000e+00 2.275359e-05 0.000000e+00 2.854355e-05
0.909491 4.194579e-05 -1.571326e-05 0.000000e+00 2.273861e-05 0.000000e+00 2.852532e-05
0.917075 4.208393e-05 -1.573889e-05 0.000000e+00 2.272478e-05 0.000000e+00 2.850876e-05
0.924659 4.220566e-05 -1.575745e-05 0.000000e+00 2.270307e-05 0.000000e+00 2.849000e-05
0.932243 4.231925e-05 -1.577249e-05 0.000000e+00 2.267663e-05 0.000000e+00 2.846888e-05
0.939827 4.243400e-05 -1.578801e-05 0.000000e+00 2.265005e-05 0.000000e+00 2.844717e-05
0.947411 4.254602e-05 -1.580200e-05 0.000000e+00 2.262174e-05 0.000000e+00 2.842337e-05
0.954995 4.265095e-05 -1.581073e-05 0.000000e+00 2.258854e-05 0.000000e+00 2.840568e-05
0.962579 4.275579e-05 -1.581951e-05 0.000000e+00 2.255567e-05 0.000000e+00 2.838933e-05
0.970163 4.286137e-05 -1.582787e-05 0.000000e+00 2.252193e-05 0.000000e+00 2.837201e-05
0.977747 4.296010e-05 -1.583239e-05 0.000000e+00 2.248269e-05 0.000000e+00 2.834966e-05
0.985331 4.305353e-05 -1.583459e-05 0.000000e+00 2.244042e-05 0.000000e+00 2.832477e-05
0.992915 4.314874e-05 -1.583606e-05 0.000000e+00 2.239639e-05 0.000000e+00 2.830034e-05
1.000500 4.324460e-05 -1.583787e-05 0.000000e+00 2.235280e-05 0.000000e+00 2.827599e-05
1.008080 4.332518e-05 -1.583545e-05 0.000000e+00 2.230613e-05 0.000000e+00 2.825007e-05
1.015670 4.339729e-05 -1.583062e-05 0.000000e+00 2.225698e-05 0.000000e+00 2.822404e-05
1.023250 4.347032e-05 -1.582906e-05 0.000000e+00 2.220724e-05 0.000000e+00 2.818742e-05
1.030830 4.354257e-05 -1.582736e-05 0.000000e+00 2.215700e-05 0.000000e+00 2.814991e-05
1.038420 4.359234e-05 -1.581675e-05 0.000000e+00 2.210607e-05 0.000000e+00 2.811102e-05
1.046000 4.362923e-05 -1.580107e-05 0.000000e+00 2.205553e-05 0.000000e+00 2.807129e-05
1.053590 4.366650e-05 -1.578606e-05 0.000000e+00 2.200479e-05 0.000000e+00 2.803168e-05
1.061170 4.370123e-05 -1.577109e-05 0.000000e+00 2.195395e-05 0.000000e+00 2.799214e-05
1.068750 4.371358e-05 -1.574902e-05 0.000000e+00 2.190254e-05 0.000000e+00 2.794897e-05
1.076340 4.370630e-05 -1.572036e-05 0.000000e+00 2.185026e-05 0.000000e+00 2.790125e-05
1.083920 4.370052e-05 -1.569206e-05 0.000000e+00 2.179794e-05 0.000000e+00 2.785317e-05
1.091510 4.369289e-05 -1.566216e-05 0.000000e+00 2.174631e-05 0.000000e+00 2.780913e-05
1.099090 4.366923e-05 -1.562811e-05 0.000000e+00 2.169255e-05 0.000000e+00 2.775901e-05
1.106670 4.362307e-05 -1.558991e-05 0.000000e+00 2.163497e-05 0.000000e+00 2.769589e-05
1.114260 4.357977e-05 -1.555241e-05 0.000000e+00 2.157782e-05 0.000000e+00 2.763526e-05
1.121840 4.353573e-05 -1.551419e-05 0.000000e+00 2.152070e-05 0.000000e+00 2.757202e-05
1.129430 4.348947e-05 -1.547507e-05 0.000000e+00 2.146238e-05 0.000000e+00 2.750351e-05
1.137010 4.343312e-05 -1.543254e-05 0.000000e+00 2.139859e-05 0.000000e+00 2.741222e-05
1.144590 4.337492e-05 -1.538953e-05 0.000000e+00 2.133477e-05 0.000000e+00 2.731575e-05
1.152180 4.331667e-05 -1.534654e-05 0.000000e+00 2.127122e-05 0.000000e+00 2.721875e-05
1.159760 4.325880e-05 -1.530395e-05 0.000000e+00 2.120784e-05 0.000000e+00 2.712144e-05
1.167350 4.320524e-05 -1.525987e-05 0.000000e+00 2.114002e-05 0.000000e+00 2.700209e-05
1.174930 4.315409e-05 -1.521143e-05 0.000000e+00 2.106652e-05 0.000000e+00 2.686256e-05
1.182510 4.310264e-05 -1.516353e-05 0.000000e+00 2.099366e-05 0.000000e+00 2.672582e-05
1.190100 4.305132e-05 -1.511558e-05 0.000000e+00 2.092086e-05 0.000000e+00 2.658685e-05
1.197680 4.300026e-05 -1.506775e-05 0.000000e+00 2.084845e-05 0.000000e+00 2.644532e-05
1.205270 4.293656e-05 -1.501007e-05 0.000000e+00 2.076438e-05 0.000000e+00 2.629150e-05
1.212850 4.286406e-05 -1.494525e-05 0.000000e+00 2.067215e-05 0.000000e+00 2.612902e-05
1.220430 4.279347e-05 -1.488084e-05 0.000000e+00 2.058126e-05 0.000000e+00 2.596813e-05
1.228020 4.272258e-05 -1.481624e-05 0.000000e+00 2.049004e-05 0.000000e+00 2.580686e-05
1.235600 4.265285e-05 -1.475149e-05 0.000000e+00 2.040017e-05 0.000000e+00 2.564719e-05
1.243190 4.256237e-05 -1.467374e-05 0.000000e+00 2.030161e-05 0.000000e+00 2.549554e-05
1.250770 4.246111e-05 -1.459022e-05 0.000000e+00 2.019803e-05 0.000000e+00 2.534606e-05
1.258350 4.236089e-05 -1.450727e-05 0.000000e+00 2.009498e-05 0.000000e+00 2.519620e-05
1.265940 4.226026e-05 -1.442405e-05 0.000000e+00 1.999157e-05 0.000000e+00 2.504747e-05
1.273520 4.216228e-05 -1.434107e-05 0.000000e+00 1.988754e-05 0.000000e+00 2.490059e-05
1.281110 4.204439e-05 -1.425478e-05 0.000000e+00 1.978526e-05 0.000000e+00 2.476002e-05
1.288690 4.191600e-05 -1.416685e-05 0.000000e+00 1.968408e-05 0.000000e+00 2.462335e-05
1.296270 4.178505e-05 -1.407873e-05 0.000000e+00 1.958176e-05 0.000000e+00 2.448839e-05
1.303860 4.165333e-05 -1.399058e-05 0.000000e+00 1.947933e-05 0.000000e+00 2.435313e-05
1.311440 4.152444e-05 -1.390219e-05 0.000000e+00 1.937696e-05 0.000000e+00 2.421845e-05
1.319030 4.136702e-05 -1.381673e-05 0.000000e+00 1.927512e-05 0.000000e+00 2.408017e-05
1.326610 4.119177e-05 -1.373057e-05 0.000000e+00 1.917409e-05 0.000000e+00 2.394171e-05
1.334190 4.101686e-05 -1.364454e-05 0.000000e+00 1.907311e-05 0.000000e+00 2.380323e-05
1.341780 4.084021e-05 -1.355789e-05 0.000000e+00 1.897157e-05 0.000000e+00 2.366451e-05
1.349360 4.066359e-05 -1.347118e-05 0.000000e+00 1.886999e-05 0.000000e+00 2.352638e-05
1.356940 4.046654e-05 -1.337902e-05 0.000000e+00 1.876301e-05 0.000000e+00 2.338272e-05
1.364530 4.025528e-05 -1.328307e-05 0.000000e+00 1.865225e-05 0.000000e+00 2.323525e-05
1.372110 4.004322e-05 -1.318729e-05 0.000000e+00 1.854168e-05 0.000000e+00 2.308892e-05
1.379700 3.982991e-05 -1.309129e-05 0.000000e+00 1.843083e-05 0.000000e+00 2.294239e-05
1.387280 3.961714e-05 -1.299543e-05 0.000000e+00 1.832018e-05 0.000000e+00 2.279627e-05
1.394860 3.939433e-05 -1.289716e-05 0.000000e+00 1.820714e-05 0.000000e+00 2.263974e-05
1.402450 3.916036e-05 -1.279405e-05 0.000000e+00 1.809206e-05 0.000000e+00 2.247773e-05
1.410030 3.892771e-05 -1.269152e-05 0.000000e+00 1.797729e-05 0.000000e+00 2.231631e-05
1.417620 3.869428e-05 -1.258885e-05 0.000000e+00 1.786226e-05 0.000000e+00 2.215466e-05
1.425200 3.846018e-05 -1.248689e-05 0.000000e+00 1.774697e-05 0.000000e+00 2.199395e-05
1.432780 3.821205e-05 -1.238587e-05 0.000000e+00 1.763222e-05 0.000000e+00 2.182700e-05
1.440370 3.795416e-05 -1.228535e-05 0.000000e+00 1.751766e-05 0.000000e+00 2.165558e-05
1.447950 3.769782e-05 -1.218498e-05 0.000000e+00 1.740322e-05 0.000000e+00 2.148552e-05
1.455540 3.744103e-05 -1.208452e-05 0.000000e+00 1.728863e-05 0.000000e+00 2.131542e-05
1.463120 3.718370e-05 -1.198398e-05 0.000000e+00 1.717402e-05 0.000000e+00 2.114487e-05
1.470700 3.691628e-05 -1.188107e-05 0.000000e+00 1.705732e-05 0.000000e+00 2.097080e-05
1.478290 3.664445e-05 -1.177781e-05 0.000000e+00 1.693951e-05 0.000000e+00 2.079460e-05
1.485870 3.637510e-05 -1.167620e-05 0.000000e+00 1.682209e-05 0.000000e+00 2.061811e-05
1.493460 3.610542e-05 -1.157454e-05 0.000000e+00 1.670454e-05 0.000000e+00 2.044140e-05
1.501040 3.583614e-05 -1.147268e-05 0.000000e+00 1.658674e-05 0.000000e+00 2.026676e-05
1.508620 3.556679e-05 -1.136890e-05 0.000000e+00 1.646502e-05 0.000000e+00 2.009320e-05
1.516210 3.529698e-05 -1.126425e-05 0.000000e+00 1.634157e-05 0.000000e+00 1.991971e-05
1.523790 3.502819e-05 -1.115952e-05 0.000000e+00 1.621844e-05 0.000000e+00 1.974620e-05
1.531380 3.475962e-05 -1.105455e-05 0.000000e+00 1.609510e-05 0.000000e+00 1.957236e-05
1.538960 3.448742e-05 -1.094974e-05 0.000000e+00 1.597219e-05 0.000000e+00 1.939894e-05
1.546540 3.419860e-05 -1.084494e-05 0.000000e+00 1.585017e-05 0.000000e+00 1.922583e-05
1.554130 3.390642e-05 -1.073979e-05 0.000000e+00 1.572769e-05 0.000000e+00 1.905165e-05
1.561710 3.361492e-05 -1.063455e-05 0.000000e+00 1.560538e-05 0.000000e+00 1.887776e-05
1.569300 3.332097e-05 -1.052675e-05 0.000000e+00 1.548327e-05 0.000000e+00 1.870473e-05
1.576880 3.302875e-05 -1.041921e-05 0.000000e+00 1.536284e-05 0.000000e+00 1.853493e-05
1.584460 3.273716e-05 -1.031211e-05 0.000000e+00 1.524672e-05 0.000000e+00 1.837360e-05
1.592050 3.244401e-05 -1.020466e-05 0.000000e+00 1.513106e-05 0.000000e+00 1.821312e-05
1.599630 3.215181e-05 -1.009749e-05 0.000000e+00 1.501554e-05 0.000000e+00 1.805280e-05
1.607220 3.186150e-05 -9.990651e-06 0.000000e+00 1.489966e-05 0.000000e+00 1.789284e-05
1.614800 3.157025e-05 -9.884563e-06 0.000000e+00 1.478547e-05 0.000000e+00 1.772986e-05
1.622380 3.127770e-05 -9.779267e-06 0.000000e+00 1.467302e-05 0.000000e+00 1.756311e-05
1.629970 3.098613e-05 -9.674191e-06 0.000000e+00 1.456155e-05 0.000000e+00 1.739510e-05
1.637550 3.069514e-05 -9.569355e-06 0.000000e+00 1.445033e-05 0.000000e+00 1.722704e-05
1.645140 3.040325e-05 -9.463982e-06 0.000000e+00 1.433884e-05 0.000000e+00 1.705974e-05
1.652720 3.011646e-05 -9.362407e-06 0.000000e+00 1.422855e-05 0.000000e+00 1.688398e-05
1.660300 2.983261e-05 -9.263303e-06 0.000000e+00 1.411881e-05 0.000000e+00 1.670404e-05
1.667890 2.954848e-05 -9.164102e-06 0.000000e+00 1.400890e-05 0.000000e+00 1.652383e-05
1.675470 2.926396e-05 -9.064826e-06 0.000000e+00 1.389928e-05 0.000000e+00 1.634417e-05
1.683060 2.897795e-05 -8.965034e-06 0.000000e+00 1.378992e-05 0.000000e+00 1.616377e-05
1.690640 2.868241e-05 -8.863803e-06 0.000000e+00 1.368000e-05 0.000000e+00 1.600020e-05
1.698220 2.838598e-05 -8.762412e-06 0.000000e+00 1.357001e-05 0.000000e+00 1.583817e-05
1.705810 2.808904e-05 -8.660680e-06 0.000000e+00 1.345976e-05 0.000000e+00 1.567639e-05
1.713390 2.779228e-05 -8.559005e-06 0.000000e+00 1.334961e-05 0.000000e+00 1.551448e-05
1.720970 2.749965e-05 -8.458571e-06 0.000000e+00 1.324020e-05 0.000000e+00 1.535594e-05
1.728560 2.721809e-05 -8.360796e-06 0.000000e+00 1.313233e-05 0.000000e+00 1.520593e-05
1.736140 2.693827e-05 -8.262784e-06 0.000000e+00 1.302440e-05 0.000000e+00 1.505642e-05
1.743730 2.665829e-05 -8.164672e-06 0.000000e+00 1.291643e-05 0.000000e+00 1.490686e-05
1.751310 2.637733e-05 -8.066363e-06 0.000000e+00 1.280867e-05 0.000000e+00 1.475667e-05
1.758890 2.611473e-05 -7.969425e-06 0.000000e+00 1.270009e-05 0.000000e+00 1.461368e-05
1.766480 2.586006e-05 -7.873271e-06 0.000000e+00 1.259107e-05 0.000000e+00 1.447427e-05
1.774060 2.560534e-05 -7.777313e-06 0.000000e+00 1.248222e-05 0.000000e+00 1.433498e-05
1.781650 2.535126e-05 -7.680941e-06 0.000000e+00 1.237317e-05 0.000000e+00 1.419553e-05
1.789230 2.509812e-05 -7.584566e-06 0.000000e+00 1.226423e-05 0.000000e+00 1.405638e-05
1.796810 2.485532e-05 -7.488672e-06 0.000000e+00 1.215564e-05 0.000000e+00 1.392259e-05
1.804400 2.461214e-05 -7.392781e-06 0.000000e+00 1.204691e-05 0.000000e+00 1.378870e-05
1.811980 2.436992e-05 -7.297393e-06 0.000000e+00 1.193840e-05 0.000000e+00 1.365529e-05
1.819570 2.412691e-05 -7.201603e-06 0.000000e+00 1.182966e-05 0.000000e+00 1.352181e-05
1.827150 2.388843e-05 -7.107881e-06 0.000000e+00 1.172189e-05 0.000000e+00 1.338438e-05
1.834730 2.365437e-05 -7.016474e-06 0.000000e+00 1.161476e-05 0.000000e+00 1.324361e-05
1.842320 2.341948e-05 -6.924552e-06 0.000000e+00 1.150737e-05 0.000000e+00 1.310306e-05
1.849900 2.318476e-05 -6.832735e-06 0.000000e+00 1.140021e-05 0.000000e+00 1.296262e-05
1.857490 2.294994e-05 -6.741034e-06 0.000000e+00 1.129271e-05 0.000000e+00 1.282254e-05
1.865070 2.271578e-05 -6.655226e-06 0.000000e+00 1.118935e-05 0.000000e+00 1.267854e-05
1.872650 2.248150e-05 -6.569191e-06 0.000000e+00 1.108588e-05 0.000000e+00 1.253460e-05
1.880240 2.224697e-05 -6.483259e-06 0.000000e+00 1.098241e-05 0.000000e+00 1.239053e-05
1.887820 2.201306e-05 -6.397363e-06 0.000000e+00 1.087884e-05 0.000000e+00 1.224641e-05
1.895410 2.177770e-05 -6.313495e-06 0.000000e+00 1.077763e-05 0.000000e+00 1.210835e-05
1.902990 2.154183e-05 -6.231279e-06 0.000000e+00 1.067845e-05 0.000000e+00 1.197545e-05
1.910570 2.130623e-05 -6.148527e-06 0.000000e+00 1.057905e-05 0.000000e+00 1.184300e-05
1.918160 2.107037e-05 -6.065645e-06 0.000000e+00 1.047955e-05 0.000000e+00 1.171058e-05
1.925740 2.083598e-05 -5.983401e-06 0.000000e+00 1.038097e-05 0.000000e+00 1.157978e-05
1.933330 2.060891e-05 -5.902198e-06 0.000000e+00 1.028614e-05 0.000000e+00 1.146001e-05
1.940910 2.038222e-05 -5.821248e-06 0.000000e+00 1.019142e-05 0.000000e+00 1.133989e-05
1.948490 2.015630e-05 -5.740670e-06 0.000000e+00 1.009721e-05 0.000000e+00 1.121998e-05
1.956080 1.992971e-05 -5.659731e-06 0.000000e+00 1.000227e-05 0.000000e+00 1.109980e-05
1.963660 1.971501e-05 -5.580314e-06 0.000000e+00 9.911794e-06 0.000000e+00 1.098389e-05
1.971250 1.950169e-05 -5.501013e-06 0.000000e+00 9.821979e-06 0.000000e+00 1.086858e-05
1.978830 1.928897e-05 -5.421887e-06 0.000000e+00 9.732359e-06 0.000000e+00 1.075352e-05
1.986410 1.907609e-05 -5.342631e-06 0.000000e+00 9.642587e-06 0.000000e+00 1.063801e-05
1.994000 1.887221e-05 -5.265837e-06 0.000000e+00 9.554507e-06 0.000000e+00 1.052530e-05
2.001580 1.867610e-05 -5.191221e-06 0.000000e+00 9.468024e-06 0.000000e+00 1.041507e-05
2.009170 1.847983e-05 -5.116484e-06 0.000000e+00 9.381539e-06 0.000000e+00 1.030432e-05
2.016750 1.828355e-05 -5.041843e-06 0.000000e+00 9.295154e-06 0.000000e+00 1.019376e-05
2.024330 1.809189e-05 -4.967613e-06 0.000000e+00 9.208987e-06 0.000000e+00 1.008365e-05
2.031920 1.790976e-05 -4.894344e-06 0.000000e+00 9.123456e-06 0.000000e+00 9.974162e-06
2.039500 1.772761e-05 -4.821137e-06 0.000000e+00 9.038062e-06 0.000000e+00 9.864896e-06
2.047090 1.754465e-05 -4.747261e-06 0.000000e+00 8.952261e-06 0.000000e+00 9.755819e-06
2.054670 1.736232e-05 -4.673012e-06 0.000000e+00 8.867148e-06 0.000000e+00 9.648175e-06
2.062250 1.718610e-05 -4.598286e-06 0.000000e+00 8.785204e-06 0.000000e+00 9.546347e-06
2.069840 1.701033e-05 -4.523534e-06 0.000000e+00 8.703150e-06 0.000000e+00 9.444391e-06
2.077420 1.683454e-05 -4.448786e-06 0.000000e+00 8.621392e-06 0.000000e+00 9.342940e-06
2.085010 1.665843e-05 -4.373841e-06 0.000000e+00 8.539846e-06 0.000000e+00 9.242416e-06
2.092590 1.649220e-05 -4.299860e-06 0.000000e+00 8.459743e-06 0.000000e+00 9.152092e-06
2.100170 1.632716e-05 -4.225964e-06 0.000000e+00 8.379822e-06 0.000000e+00 9.063066e-06
2.107760 1.616167e-05 -4.151816e-06 0.000000e+00 8.299924e-06 0.000000e+00 8.974177e-06
2.115340 1.599651e-05 -4.077877e-06 0.000000e+00 8.220052e-06 0.000000e+00 8.885164e-06
2.122920 1.583259e-05 -4.005555e-06 0.000000e+00 8.139465e-06 0.000000e+00 8.793288e-06
2.130510 1.566894e-05 -3.933335e-06 0.000000e+00 8.058827e-06 0.000000e+00 8.700561e-06
2.138090 1.550514e-05 -3.861106e-06 0.000000e+00 7.978190e-06 0.000000e+00 8.607655e-06
2.145680 1.534465e-05 -3.789606e-06 0.000000e+00 7.898637e-06 0.000000e+00 8.517794e-06
2.153260 1.519394e-05 -3.720713e-06 0.000000e+00 7.822523e-06 0.000000e+00 8.435844e-06
2.160840 1.504558e-05 -3.653054e-06 0.000000e+00 7.747112e-06 0.000000e+00 8.354578e-06
2.168430 1.489734e-05 -3.585400e-06 0.000000e+00 7.671678e-06 0.000000e+00 8.273409e-06
2.176010 1.475651e-05 -3.518926e-06 0.000000e+00 7.597953e-06 0.000000e+00 8.199455e-06
2.183600 1.462108e-05 -3.453282e-06 0.000000e+00 7.525040e-06 0.000000e+00 8.130802e-06
2.191180 1.448519e-05 -3.387648e-06 0.000000e+00 7.452149e-06 0.000000e+00 8.061745e-06
2.198760 1.434930e-05 -3.322009e-06 0.000000e+00 7.379411e-06 0.000000e+00 7.993093e-06
2.206350 1.421426e-05 -3.258531e-06 0.000000e+00 7.307558e-06 0.000000e+00 7.930881e-06
2.213930 1.407941e-05 -3.195027e-06 0.000000e+00 7.235741e-06 0.000000e+00 7.868507e-06
2.221520 1.394436e-05 -3.131415e-06 0.000000e+00 7.163714e-06 0.000000e+00 7.806206e-06
2.229100 1.381102e-05 -3.068592e-06 0.000000e+00 7.093039e-06 0.000000e+00 7.744657e-06
2.236680 1.368017e-05 -3.006912e-06 0.000000e+00 7.024358e-06 0.000000e+00 7.684243e-06
2.244270 1.354938e-05 -2.944994e-06 0.000000e+00 6.955253e-06 0.000000e+00 7.623940e-06
2.251850 1.341807e-05 -2.883166e-06 0.000000e+00 6.886211e-06 0.000000e+00 7.563216e-06
2.259440 1.329291e-05 -2.821804e-06 0.000000e+00 6.818759e-06 0.000000e+00 7.506893e-06
2.267020 1.317200e-05 -2.760591e-06 0.000000e+00 6.752016e-06 0.000000e+00 7.453398e-06
2.274600 1.305093e-05 -2.699103e-06 0.000000e+00 6.685252e-06 0.000000e+00 7.400166e-06
2.282190 1.292814e-05 -2.636455e-06 0.000000e+00 6.618014e-06 0.000000e+00 7.346209e-06
2.289770 1.281354e-05 -2.574355e-06 0.000000e+00 6.552221e-06 0.000000e+00 7.302624e-06
2.297360 1.270121e-05 -2.512350e-06 0.000000e+00 6.486901e-06 0.000000e+00 7.262353e-06
2.304940 1.258891e-05 -2.450418e-06 0.000000e+00 6.421628e-06 0.000000e+00 7.221934e-06
2.312520 1.247734e-05 -2.388496e-06 0.000000e+00 6.356270e-06 0.000000e+00 7.181942e-06
2.320110 1.237155e-05 -2.326676e-06 0.000000e+00 6.292063e-06 0.000000e+00 7.146592e-06
2.327690 1.226806e-05 -2.264989e-06 0.000000e+00 6.228475e-06 0.000000e+00 7.113075e-06
2.335280 1.216425e-05 -2.203227e-06 0.000000e+00 6.164735e-06 0.000000e+00 7.079342e-06
2.342860 1.206141e-05 -2.141581e-06 0.000000e+00 6.101287e-06 0.000000e+00 7.046043e-06
2.350440 1.196257e-05 -2.079860e-06 0.000000e+00 6.039332e-06 0.000000e+00 7.015041e-06
2.358030 1.186534e-05 -2.018020e-06 0.000000e+00 5.977818e-06 0.000000e+00 6.984743e-06
2.365610 1.176835e-05 -1.956255e-06 0.000000e+00 5.916327e-06 0.000000e+00 6.954343e-06
2.373200 1.167144e-05 -1.894343e-06 0.000000e+00 5.855064e-06 0.000000e+00 6.924496e-06
2.380780 1.157832e-05 -1.832009e-06 0.000000e+00 5.795702e-06 0.000000e+00 6.897794e-06
2.388360 1.148625e-05 -1.769550e-06 0.000000e+00 5.736650e-06 0.000000e+00 6.871635e-06
2.395950 1.139412e-05 -1.707010e-06 0.000000e+00 5.677517e-06 0.000000e+00 6.845436e-06
2.403530 1.130300e-05 -1.644497e-06 0.000000e+00 5.618824e-06 0.000000e+00 6.819884e-06
2.411120 1.122032e-05 -1.581912e-06 0.000000e+00 5.563233e-06 0.000000e+00 6.799482e-06
2.418700 1.113805e-05 -1.520025e-06 0.000000e+00 5.507761e-06 0.000000e+00 6.778988e-06
2.426280 1.105579e-05 -1.458076e-06 0.000000e+00 5.452322e-06 0.000000e+00 6.758532e-06
2.433870 1.097661e-05 -1.395795e-06 0.000000e+00 5.397429e-06 0.000000e+00 6.740580e-06
2.441450 1.090545e-05 -1.333661e-06 0.000000e+00 5.344595e-06 0.000000e+00 6.728840e-06
2.449040 1.083376e-05 -1.271580e-06 0.000000e+00 5.291589e-06 0.000000e+00 6.716640e-06
2.456620 1.076175e-05 -1.209347e-06 0.000000e+00 5.238574e-06 0.000000e+00 6.704356e-06
2.464200 1.069735e-05 -1.146598e-06 0.000000e+00 5.186571e-06 0.000000e+00 6.697313e-06
2.471790 1.063722e-05 -1.083559e-06 0.000000e+00 5.135102e-06 0.000000e+00 6.693223e-06
2.479370 1.057701e-05 -1.020620e-06 0.000000e+00 5.083682e-06 0.000000e+00 6.689080e-06
2.486950 1.051858e-05 -9.573788e-07 0.000000e+00 5.032432e-06 0.000000e+00 6.685236e-06
2.494540 1.047163e-05 -8.931880e-07 0.000000e+00 4.982597e-06 0.000000e+00 6.682355e-06
2.502120 1.042711e-05 -8.286506e-07 0.000000e+00 4.933074e-06 0.000000e+00 6.679758e-06
2.509710 1.038136e-05 -7.641550e-07 0.000000e+00 4.883298e-06 0.000000e+00 6.677169e-06
2.517290 1.034540e-05 -6.988811e-07 0.000000e+00 4.835217e-06 0.000000e+00 6.674352e-06
2.524870 1.032016e-05 -6.322335e-07 0.000000e+00 4.788887e-06 0.000000e+00 6.671303e-06
2.532460 1.029388e-05 -5.654866e-07 0.000000e+00 4.742328e-06 0.000000e+00 6.668264e-06
2.540040 1.027071e-05 -4.984815e-07 0.000000e+00 4.696221e-06 0.000000e+00 6.665715e-06
2.547630 1.026584e-05 -4.283432e-07 0.000000e+00 4.652374e-06 0.000000e+00 6.665854e-06
2.555210 1.026131e-05 -3.581592e-07 0.000000e+00 4.608589e-06 0.000000e+00 6.666141e-06
2.562790 1.025563e-05 -2.879934e-07 0.000000e+00 4.564681e-06 0.000000e+00 6.666085e-06
2.570380 1.027485e-05 -2.140508e-07 0.000000e+00 4.523187e-06 0.000000e+00 6.671674e-06
2.577960 1.029344e-05 -1.402772e-07 0.000000e+00 4.481680e-06 0.000000e+00 6.677112e-06
2.585550 1.031560e-05 -6.604009e-08 0.000000e+00 4.440534e-06 0.000000e+00 6.683387e-06
2.593130 1.035513e-05 9.849105e-09 0.000000e+00 4.401383e-06 0.000000e+00 6.693593e-06
2.600710 1.039825e-05 8.610988e-08 0.000000e+00 4.362601e-06 0.000000e+00 6.704611e-06
2.608300 1.044521e-05 1.628018e-07 0.000000e+00 4.324178e-06 0.000000e+00 6.716638e-06
2.615880 1.050969e-05 2.408504e-07 0.000000e+00 4.287379e-06 0.000000e+00 6.733403e-06
2.623470 1.057435e-05 3.189901e-07 0.000000e+00 4.250541e-06 0.000000e+00 6.750159e-06
2.631050 1.064885e-05 3.980705e-07 0.000000e+00 4.214571e-06 0.000000e+00 6.770245e-06
2.638630 1.073415e-05 4.782792e-07 0.000000e+00 4.179430e-06 0.000000e+00 6.793933e-06
2.646220 1.082204e-05 5.587181e-07 0.000000e+00 4.144447e-06 0.000000e+00 6.818438e-06
2.653800 1.092512e-05 6.399128e-07 0.000000e+00 4.110605e-06 0.000000e+00 6.847477e-06
2.661390 1.103212e-05 7.213843e-07 0.000000e+00 4.076998e-06 0.000000e+00 6.877830e-06
2.668970 1.115326e-05 8.041761e-07 0.000000e+00 4.044496e-06 0.000000e+00 6.910552e-06
2.676550 1.128230e-05 8.878641e-07 0.000000e+00 4.012673e-06 0.000000e+00 6.944779e-06
2.684140 1.142278e-05 9.719461e-07 0.000000e+00 3.981118e-06 0.000000e+00 6.980716e-06
2.691720 1.157685e-05 1.056297e-06 0.000000e+00 3.950067e-06 0.000000e+00 7.018878e-06
2.699310 1.174093e-05 1.141705e-06 0.000000e+00 3.919275e-06 0.000000e+00 7.057854e-06
2.706890 1.191697e-05 1.227977e-06 0.000000e+00 3.888895e-06 0.000000e+00 7.097764e-06
2.714470 1.210426e-05 1.313850e-06 0.000000e+00 3.858434e-06 0.000000e+00 7.138472e-06
2.722060 1.230394e-05 1.399483e-06 0.000000e+00 3.827894e-06 0.000000e+00 7.179742e-06
2.729640 1.251630e-05 1.484680e-06 0.000000e+00 3.797430e-06 0.000000e+00 7.220115e-06
2.737230 1.273983e-05 1.569144e-06 0.000000e+00 3.766454e-06 0.000000e+00 7.260087e-06
2.744810 1.297685e-05 1.652195e-06 0.000000e+00 3.734686e-06 0.000000e+00 7.299244e-06
2.752390 1.322544e-05 1.734406e-06 0.000000e+00 3.702269e-06 0.000000e+00 7.337637e-06
2.759980 1.348904e-05 1.815346e-06 0.000000e+00 3.669138e-06 0.000000e+00 7.376362e-06
2.767560 1.376525e-05 1.894520e-06 0.000000e+00 3.634641e-06 0.000000e+00 7.413813e-06
2.775150 1.405053e-05 1.972411e-06 0.000000e+00 3.598738e-06 0.000000e+00 7.449474e-06
2.782730 1.434615e-05 2.048238e-06 0.000000e+00 3.561007e-06 0.000000e+00 7.481787e-06
2.790310 1.465013e-05 2.121621e-06 0.000000e+00 3.521293e-06 0.000000e+00 7.510080e-06
2.797900 1.496208e-05 2.192840e-06 0.000000e+00 3.479548e-06 0.000000e+00 7.534520e-06
2.805480 1.528234e-05 2.261215e-06 0.000000e+00 3.435501e-06 0.000000e+00 7.553836e-06
2.813070 1.561222e-05 2.325714e-06 0.000000e+00 3.388100e-06 0.000000e+00 7.567832e-06
2.820650 1.594951e-05 2.386732e-06 0.000000e+00 3.337439e-06 0.000000e+00 7.577867e-06
2.828230 1.629427e-05 2.443789e-06 0.000000e+00 3.282732e-06 0.000000e+00 7.583918e-06
2.835820 1.664603e-05 2.496640e-06 0.000000e+00 3.223413e-06 0.000000e+00 7.585643e-06
2.843400 1.700336e-05 2.544331e-06 0.000000e+00 3.158803e-06 0.000000e+00 7.582624e-06
2.850980 1.736678e-05 2.586322e-06 0.000000e+00 3.088222e-06 0.000000e+00 7.574062e-06
2.858570 1.773847e-05 2.622027e-06 0.000000e+00 3.010727e-06 0.000000e+00 7.559103e-06
2.866150 1.811689e-05 2.650621e-06 0.000000e+00 2.926068e-06 0.000000e+00 7.536520e-06
2.873740 1.850150e-05 2.671529e-06 0.000000e+00 2.833308e-06 0.000000e+00 7.504781e-06
2.881320 1.888646e-05 2.683897e-06 0.000000e+00 2.732116e-06 0.000000e+00 7.463004e-06
2.888900 1.926719e-05 2.687135e-06 0.000000e+00 2.621698e-06 0.000000e+00 7.410721e-06
2.896490 1.963882e-05 2.680555e-06 0.000000e+00 2.501525e-06 0.000000e+00 7.347866e-06
2.904070 1.999385e-05 2.662814e-06 0.000000e+00 2.370977e-06 0.000000e+00 7.273986e-06
2.911660 2.033193e-05 2.631907e-06 0.000000e+00 2.229894e-06 0.000000e+00 7.191879e-06
2.919240 2.063687e-05 2.588356e-06 0.000000e+00 2.078251e-06 0.000000e+00 7.096719e-06
2.926820 2.089229e-05 2.530749e-06 0.000000e+00 1.915438e-06 0.000000e+00 6.983481e-06
2.934410 2.109231e-05 2.456966e-06 0.000000e+00 1.742714e-06 0.000000e+00 6.853005e-06
2.941990 2.121187e-05 2.364376e-06 0.000000e+00 1.561437e-06 0.000000e+00 6.700353e-06
2.949580 2.122352e-05 2.249908e-06 0.000000e+00 1.372928e-06 0.000000e+00 6.519674e-06
2.957160 2.109924e-05 2.112721e-06 0.000000e+00 1.180726e-06 0.000000e+00 6.306868e-06
2.964740 2.077299e-05 1.947393e-06 0.000000e+00 9.874619e-07 0.000000e+00 6.049834e-06
2.972330 2.015695e-05 1.749644e-06 0.000000e+00 7.972208e-07 0.000000e+00 5.733462e-06
2.979910 1.915735e-05 1.518691e-06 0.000000e+00 6.148993e-07 0.000000e+00 5.345824e-06
2.987500 1.760419e-05 1.250936e-06 0.000000e+00 4.461428e-07 0.000000e+00 4.861711e-06
2.995080 1.534730e-05 9.545292e-07 0.000000e+00 2.976637e-07 0.000000e+00 4.262309e-06
3.002660 1.233114e-05 6.457218e-07 0.000000e+00 1.742253e-07 0.000000e+00 3.536929e-06
3.010250 8.598130e-06 3.597740e-07 0.000000e+00 8.430297e-08 0.000000e+00 2.665616e-06
3.017830 4.734299e-06 1.420151e-07 0.000000e+00 2.822936e-08 0.000000e+00 1.690131e-06
3.025420 1.598955e-06 2.661212e-08 0.000000e+00 4.060453e-09 0.000000e+00 7.090306e-07
3.033000 7.099243e-08 -1.307294e-10 0.000000e+00 -1.844922e-11 0.000000e+00 4.723495e-08
