0.007000 7.387849e-07 6.507117e-10 0.000000e+00 2.404123e-09 0.000000e+00 5.566762e-07
0.014584 2.516650e-06 4.058691e-09 0.000000e+00 3.217585e-08 0.000000e+00 1.825928e-06
0.022168 4.557675e-06 2.183755e-09 0.000000e+00 1.187920e-07 0.000000e+00 3.200106e-06
0.029752 6.480319e-06 -1.484628e-08 0.000000e+00 2.739588e-07 0.000000e+00 4.432292e-06
0.037336 8.137722e-06 -5.029826e-08 0.000000e+00 4.953089e-07 0.000000e+00 5.461795e-06
0.044920 9.505272e-06 -1.024269e-07 0.000000e+00 7.707255e-07 0.000000e+00 6.302817e-06
0.052504 1.060228e-05 -1.680653e-07 0.000000e+00 1.089174e-06 0.000000e+00 6.985693e-06
0.060088 1.146724e-05 -2.440107e-07 0.000000e+00 1.439500e-06 0.000000e+00 7.543083e-06
0.067672 1.214581e-05 -3.274774e-07 0.000000e+00 1.810628e-06 0.000000e+00 8.002727e-06
0.075256 1.267808e-05 -4.166815e-07 0.000000e+00 2.195681e-06 0.000000e+00 8.387239e-06
0.082840 1.309605e-05 -5.104833e-07 0.000000e+00 2.588725e-06 0.000000e+00 8.710186e-06
0.090424 1.343223e-05 -6.078404e-07 0.000000e+00 2.984212e-06 0.000000e+00 8.984162e-06
0.098007 1.370807e-05 -7.085426e-07 0.000000e+00 3.379287e-06 0.000000e+00 9.218252e-06
0.105591 1.394253e-05 -8.119355e-07 0.000000e+00 3.770552e-06 0.000000e+00 9.421757e-06
0.113175 1.414849e-05 -9.181209e-07 0.000000e+00 4.156558e-06 0.000000e+00 9.602386e-06
0.120759 1.433604e-05 -1.026320e-06 0.000000e+00 4.534509e-06 0.000000e+00 9.766969e-06
0.128343 1.451297e-05 -1.136532e-06 0.000000e+00 4.904557e-06 0.000000e+00 9.920819e-06
0.135927 1.468431e-05 -1.249328e-06 0.000000e+00 5.266164e-06 0.000000e+00 1.006611e-05
0.143511 1.485339e-05 -1.363592e-06 0.000000e+00 5.617138e-06 0.000000e+00 1.020430e-05
0.151095 1.502309e-05 -1.479365e-06 0.000000e+00 5.958253e-06 0.000000e+00 1.033707e-05
0.158679 1.519543e-05 -1.596062e-06 0.000000e+00 6.289602e-06 0.000000e+00 1.046676e-05
0.166263 1.537109e-05 -1.712405e-06 0.000000e+00 6.611095e-06 0.000000e+00 1.059558e-05
0.173847 1.555021e-05 -1.827849e-06 0.000000e+00 6.922915e-06 0.000000e+00 1.072523e-05
0.181431 1.573307e-05 -1.942364e-06 0.000000e+00 7.225600e-06 0.000000e+00 1.085774e-05
0.189015 1.592061e-05 -2.056408e-06 0.000000e+00 7.519993e-06 0.000000e+00 1.099456e-05
0.196599 1.611366e-05 -2.170079e-06 0.000000e+00 7.806833e-06 0.000000e+00 1.113607e-05
0.204183 1.631251e-05 -2.282900e-06 0.000000e+00 8.086375e-06 0.000000e+00 1.128156e-05
0.211767 1.651761e-05 -2.394722e-06 0.000000e+00 8.358924e-06 0.000000e+00 1.143069e-05
0.219351 1.673941e-05 -2.516276e-06 0.000000e+00 8.633660e-06 0.000000e+00 1.159040e-05
0.226935 1.697258e-05 -2.640881e-06 0.000000e+00 8.905681e-06 0.000000e+00 1.175216e-05
0.234519 1.721222e-05 -2.766562e-06 0.000000e+00 9.173862e-06 0.000000e+00 1.191363e-05
0.242103 1.745453e-05 -2.893838e-06 0.000000e+00 9.441631e-06 0.000000e+00 1.207378e-05
0.249687 1.770163e-05 -3.022144e-06 0.000000e+00 9.700930e-06 0.000000e+00 1.223161e-05
0.257271 1.795419e-05 -3.150541e-06 0.000000e+00 9.956657e-06 0.000000e+00 1.238262e-05
0.264855 1.820870e-05 -3.276394e-06 0.000000e+00 1.020406e-05 0.000000e+00 1.253249e-05
0.272439 1.846996e-05 -3.403749e-06 0.000000e+00 1.044888e-05 0.000000e+00 1.268362e-05
0.280023 1.873261e-05 -3.530156e-06 0.000000e+00 1.069121e-05 0.000000e+00 1.283428e-05
0.287607 1.900008e-05 -3.660633e-06 0.000000e+00 1.093411e-05 0.000000e+00 1.298809e-05
0.295190 1.926632e-05 -3.795815e-06 0.000000e+00 1.118440e-05 0.000000e+00 1.314355e-05
0.302774 1.953796e-05 -3.930558e-06 0.000000e+00 1.143251e-05 0.000000e+00 1.330131e-05
0.310358 1.980783e-05 -4.061287e-06 0.000000e+00 1.167577e-05 0.000000e+00 1.345740e-05
0.317942 2.008576e-05 -4.194884e-06 0.000000e+00 1.191995e-05 0.000000e+00 1.361828e-05
0.325526 2.036888e-05 -4.325412e-06 0.000000e+00 1.215867e-05 0.000000e+00 1.378434e-05
0.333110 2.065067e-05 -4.455558e-06 0.000000e+00 1.239600e-05 0.000000e+00 1.395636e-05
0.340694 2.093712e-05 -4.587762e-06 0.000000e+00 1.263331e-05 0.000000e+00 1.413589e-05
0.348278 2.122146e-05 -4.718642e-06 0.000000e+00 1.286844e-05 0.000000e+00 1.431633e-05
0.355862 2.151767e-05 -4.858180e-06 0.000000e+00 1.311126e-05 0.000000e+00 1.450547e-05
0.363446 2.181984e-05 -5.002439e-06 0.000000e+00 1.335997e-05 0.000000e+00 1.469791e-05
0.371030 2.213885e-05 -5.147861e-06 0.000000e+00 1.360929e-05 0.000000e+00 1.489805e-05
0.378614 2.246288e-05 -5.293604e-06 0.000000e+00 1.385915e-05 0.000000e+00 1.509953e-05
0.386198 2.281260e-05 -5.445649e-06 0.000000e+00 1.411397e-05 0.000000e+00 1.531842e-05
0.393782 2.316334e-05 -5.595209e-06 0.000000e+00 1.436287e-05 0.000000e+00 1.553744e-05
0.401366 2.352830e-05 -5.749559e-06 0.000000e+00 1.461795e-05 0.000000e+00 1.576708e-05
0.408950 2.390207e-05 -5.908549e-06 0.000000e+00 1.487923e-05 0.000000e+00 1.600137e-05
0.416534 2.428168e-05 -6.070767e-06 0.000000e+00 1.514770e-05 0.000000e+00 1.623849e-05
0.424118 2.467314e-05 -6.240590e-06 0.000000e+00 1.542328e-05 0.000000e+00 1.648243e-05
0.431702 2.507088e-05 -6.417521e-06 0.000000e+00 1.570734e-05 0.000000e+00 1.673063e-05
0.439286 2.548302e-05 -6.600655e-06 0.000000e+00 1.599887e-05 0.000000e+00 1.698258e-05
0.446870 2.590024e-05 -6.785650e-06 0.000000e+00 1.629312e-05 0.000000e+00 1.723515e-05
0.454454 2.633275e-05 -6.978284e-06 0.000000e+00 1.659358e-05 0.000000e+00 1.749488e-05
0.462038 2.676884e-05 -7.173569e-06 0.000000e+00 1.689641e-05 0.000000e+00 1.775294e-05
0.469622 2.721502e-05 -7.378234e-06 0.000000e+00 1.720483e-05 0.000000e+00 1.802805e-05
0.477206 2.766072e-05 -7.583647e-06 0.000000e+00 1.751457e-05 0.000000e+00 1.830253e-05
0.484789 2.812231e-05 -7.795276e-06 0.000000e+00 1.782980e-05 0.000000e+00 1.858767e-05
0.492373 2.858450e-05 -8.008792e-06 0.000000e+00 1.814772e-05 0.000000e+00 1.887072e-05
0.499957 2.905528e-05 -8.229915e-06 0.000000e+00 1.847341e-05 0.000000e+00 1.915916e-05
0.507541 2.952748e-05 -8.454407e-06 0.000000e+00 1.880108e-05 0.000000e+00 1.945151e-05
0.515125 3.000583e-05 -8.679560e-06 0.000000e+00 1.912814e-05 0.000000e+00 1.975165e-05
0.522709 3.047425e-05 -8.905182e-06 0.000000e+00 1.945888e-05 0.000000e+00 2.004485e-05
0.530293 3.094079e-05 -9.133327e-06 0.000000e+00 1.979292e-05 0.000000e+00 2.034202e-05
0.537877 3.140303e-05 -9.361015e-06 0.000000e+00 2.012698e-05 0.000000e+00 2.064251e-05
0.545461 3.186421e-05 -9.589933e-06 0.000000e+00 2.046781e-05 0.000000e+00 2.094787e-05
0.553045 3.232244e-05 -9.823437e-06 0.000000e+00 2.082068e-05 0.000000e+00 2.125472e-05
0.560629 3.278253e-05 -1.006709e-05 0.000000e+00 2.118082e-05 0.000000e+00 2.157239e-05
0.568213 3.324636e-05 -1.031512e-05 0.000000e+00 2.154828e-05 0.000000e+00 2.190147e-05
0.575797 3.370741e-05 -1.056886e-05 0.000000e+00 2.192814e-05 0.000000e+00 2.223708e-05
0.583381 3.417453e-05 -1.082637e-05 0.000000e+00 2.230927e-05 0.000000e+00 2.258274e-05
0.590965 3.464815e-05 -1.108985e-05 0.000000e+00 2.269761e-05 0.000000e+00 2.293694e-05
0.598549 3.512883e-05 -1.135747e-05 0.000000e+00 2.308744e-05 0.000000e+00 2.329792e-05
0.606133 3.562299e-05 -1.161982e-05 0.000000e+00 2.347112e-05 0.000000e+00 2.367006e-05
0.613717 3.612075e-05 -1.188414e-05 0.000000e+00 2.385045e-05 0.000000e+00 2.405713e-05
0.621301 3.661962e-05 -1.215212e-05 0.000000e+00 2.423370e-05 0.000000e+00 2.444762e-05
0.628885 3.711201e-05 -1.242855e-05 0.000000e+00 2.462427e-05 0.000000e+00 2.484157e-05
0.636469 3.760390e-05 -1.270753e-05 0.000000e+00 2.501608e-05 0.000000e+00 2.523663e-05
0.644053 3.809525e-05 -1.299460e-05 0.000000e+00 2.541081e-05 0.000000e+00 2.564230e-05
0.651637 3.858077e-05 -1.328816e-05 0.000000e+00 2.581123e-05 0.000000e+00 2.605044e-05
0.659221 3.906042e-05 -1.360221e-05 0.000000e+00 2.622828e-05 0.000000e+00 2.646642e-05
0.666805 3.954489e-05 -1.391630e-05 0.000000e+00 2.664818e-05 0.000000e+00 2.688964e-05
0.674388 4.004513e-05 -1.423392e-05 0.000000e+00 2.707214e-05 0.000000e+00 2.733997e-05
0.681972 4.055206e-05 -1.455386e-05 0.000000e+00 2.749887e-05 0.000000e+00 2.779744e-05
0.689556 4.105712e-05 -1.487311e-05 0.000000e+00 2.792502e-05 0.000000e+00 2.827066e-05
0.697140 4.156765e-05 -1.519876e-05 0.000000e+00 2.835744e-05 0.000000e+00 2.876144e-05
0.704724 4.208675e-05 -1.551875e-05 0.000000e+00 2.878402e-05 0.000000e+00 2.925900e-05
0.712308 4.263046e-05 -1.582858e-05 0.000000e+00 2.919749e-05 0.000000e+00 2.977220e-05
0.719892 4.318439e-05 -1.614019e-05 0.000000e+00 2.961337e-05 0.000000e+00 3.029387e-05
0.727476 4.374760e-05 -1.645513e-05 0.000000e+00 3.002482e-05 0.000000e+00 3.081230e-05
0.735060 4.431417e-05 -1.677081e-05 0.000000e+00 3.043888e-05 0.000000e+00 3.133273e-05
0.742644 4.487958e-05 -1.708785e-05 0.000000e+00 3.084663e-05 0.000000e+00 3.184729e-05
0.750228 4.545315e-05 -1.740877e-05 0.000000e+00 3.125566e-05 0.000000e+00 3.236377e-05
0.757812 4.602909e-05 -1.773017e-05 0.000000e+00 3.166347e-05 0.000000e+00 3.288077e-05
0.765396 4.659169e-05 -1.805725e-05 0.000000e+00 3.205877e-05 0.000000e+00 3.337521e-05
0.772980 4.714025e-05 -1.839097e-05 0.000000e+00 3.245562e-05 0.000000e+00 3.385274e-05
0.780564 4.770241e-05 -1.872477e-05 0.000000e+00 3.285356e-05 0.000000e+00 3.433629e-05
0.788148 4.826502e-05 -1.906090e-05 0.000000e+00 3.323058e-05 0.000000e+00 3.479273e-05
0.795732 4.883134e-05 -1.939942e-05 0.000000e+00 3.361378e-05 0.000000e+00 3.525926e-05
0.803316 4.939745e-05 -1.972769e-05 0.000000e+00 3.397202e-05 0.000000e+00 3.569912e-05
0.810900 4.997476e-05 -2.004882e-05 0.000000e+00 3.431166e-05 0.000000e+00 3.611449e-05
0.818484 5.055594e-05 -2.037140e-05 0.000000e+00 3.465430e-05 0.000000e+00 3.653279e-05
0.826068 5.115430e-05 -2.067752e-05 0.000000e+00 3.496597e-05 0.000000e+00 3.694164e-05
0.833652 5.174990e-05 -2.096807e-05 0.000000e+00 3.524963e-05 0.000000e+00 3.732156e-05
0.841236 5.235158e-05 -2.126589e-05 0.000000e+00 3.554539e-05 0.000000e+00 3.770688e-05
0.848820 5.294222e-05 -2.155506e-05 0.000000e+00 3.581554e-05 0.000000e+00 3.807418e-05
0.856404 5.352130e-05 -2.183463e-05 0.000000e+00 3.606088e-05 0.000000e+00 3.842696e-05
0.863987 5.411169e-05 -2.212520e-05 0.000000e+00 3.631796e-05 0.000000e+00 3.878418e-05
0.871571 5.467220e-05 -2.239307e-05 0.000000e+00 3.655552e-05 0.000000e+00 3.912316e-05
0.879155 5.521740e-05 -2.264906e-05 0.000000e+00 3.678140e-05 0.000000e+00 3.945193e-05
0.886739 5.574086e-05 -2.291145e-05 0.000000e+00 3.701901e-05 0.000000e+00 3.976861e-05
0.894323 5.624708e-05 -2.317174e-05 0.000000e+00 3.725685e-05 0.000000e+00 4.007289e-05
0.901907 5.672959e-05 -2.340012e-05 0.000000e+00 3.745657e-05 0.000000e+00 4.035048e-05
0.909491 5.720683e-05 -2.362523e-05 0.000000e+00 3.765251e-05 0.000000e+00 4.062282e-05
0.917075 5.769526e-05 -2.385439e-05 0.000000e+00 3.785394e-05 0.000000e+00 4.090574e-05
0.924659 5.814715e-05 -2.406357e-05 0.000000e+00 3.802465e-05 0.000000e+00 4.112223e-05
0.932243 5.858705e-05 -2.426422e-05 0.000000e+00 3.817937e-05 0.000000e+00 4.130436e-05
0.939827 5.903609e-05 -2.446677e-05 0.000000e+00 3.833448e-05 0.000000e+00 4.148980e-05
0.947411 5.947189e-05 -2.465859e-05 0.000000e+00 3.847823e-05 0.000000e+00 4.165326e-05
0.954995 5.993758e-05 -2.478797e-05 0.000000e+00 3.855490e-05 0.000000e+00 4.178261e-05
0.962579 6.040145e-05 -2.491716e-05 0.000000e+00 3.863119e-05 0.000000e+00 4.191178e-05
0.970163 6.087869e-05 -2.504597e-05 0.000000e+00 3.870823e-05 0.000000e+00 4.204072e-05
0.977747 6.132686e-05 -2.513404e-05 0.000000e+00 3.873505e-05 0.000000e+00 4.213563e-05
0.985331 6.174059e-05 -2.518864e-05 0.000000e+00 3.871967e-05 0.000000e+00 4.220318e-05
0.992915 6.215310e-05 -2.523516e-05 0.000000e+00 3.869610e-05 0.000000e+00 4.226569e-05
1.000500 6.257462e-05 -2.528791e-05 0.000000e+00 3.867998e-05 0.000000e+00 4.233257e-05
1.008080 6.292237e-05 -2.529217e-05 0.000000e+00 3.860561e-05 0.000000e+00 4.236749e-05
1.015670 6.321862e-05 -2.525757e-05 0.000000e+00 3.849038e-05 0.000000e+00 4.238644e-05
1.023250 6.345651e-05 -2.525472e-05 0.000000e+00 3.839931e-05 0.000000e+00 4.233070e-05
1.030830 6.369797e-05 -2.525211e-05 0.000000e+00 3.830878e-05 0.000000e+00 4.227900e-05
1.038420 6.380244e-05 -2.520543e-05 0.000000e+00 3.816356e-05 0.000000e+00 4.217943e-05
1.046000 6.381396e-05 -2.512798e-05 0.000000e+00 3.798091e-05 0.000000e+00 4.204568e-05
1.053590 6.383189e-05 -2.505174e-05 0.000000e+00 3.779969e-05 0.000000e+00 4.191555e-05
1.061170 6.385103e-05 -2.497426e-05 0.000000e+00 3.761691e-05 0.000000e+00 4.178905e-05
1.068750 6.376868e-05 -2.486538e-05 0.000000e+00 3.739995e-05 0.000000e+00 4.162010e-05
1.076340 6.354946e-05 -2.470759e-05 0.000000e+00 3.713081e-05 0.000000e+00 4.140115e-05
1.083920 6.334106e-05 -2.455139e-05 0.000000e+00 3.686406e-05 0.000000e+00 4.118885e-05
1.091510 6.315265e-05 -2.438097e-05 0.000000e+00 3.658146e-05 0.000000e+00 4.101676e-05
1.099090 6.292194e-05 -2.417572e-05 0.000000e+00 3.626591e-05 0.000000e+00 4.083643e-05
1.106670 6.257635e-05 -2.391496e-05 0.000000e+00 3.589923e-05 0.000000e+00 4.058596e-05
1.114260 6.223924e-05 -2.365730e-05 0.000000e+00 3.553495e-05 0.000000e+00 4.033728e-05
1.121840 6.188208e-05 -2.339180e-05 0.000000e+00 3.516403e-05 0.000000e+00 4.008218e-05
1.129430 6.150529e-05 -2.311844e-05 0.000000e+00 3.478581e-05 0.000000e+00 3.981946e-05
1.137010 6.104044e-05 -2.281247e-05 0.000000e+00 3.437573e-05 0.000000e+00 3.951531e-05
1.144590 6.050770e-05 -2.247807e-05 0.000000e+00 3.393943e-05 0.000000e+00 3.918169e-05
1.152180 5.997085e-05 -2.214044e-05 0.000000e+00 3.350067e-05 0.000000e+00 3.884711e-05
1.159760 5.943659e-05 -2.180573e-05 0.000000e+00 3.306454e-05 0.000000e+00 3.851082e-05
1.167350 5.884281e-05 -2.146048e-05 0.000000e+00 3.261485e-05 0.000000e+00 3.812527e-05
1.174930 5.813468e-05 -2.107367e-05 0.000000e+00 3.212249e-05 0.000000e+00 3.768538e-05
1.182510 5.742294e-05 -2.068656e-05 0.000000e+00 3.162862e-05 0.000000e+00 3.724281e-05
1.190100 5.670969e-05 -2.029866e-05 0.000000e+00 3.113405e-05 0.000000e+00 3.679956e-05
1.197680 5.597639e-05 -1.990320e-05 0.000000e+00 3.063578e-05 0.000000e+00 3.634731e-05
1.205270 5.522015e-05 -1.950419e-05 0.000000e+00 3.013889e-05 0.000000e+00 3.588995e-05
1.212850 5.439470e-05 -1.909513e-05 0.000000e+00 2.964726e-05 0.000000e+00 3.541717e-05
1.220430 5.354585e-05 -1.867955e-05 0.000000e+00 2.915876e-05 0.000000e+00 3.494098e-05
1.228020 5.269279e-05 -1.826215e-05 0.000000e+00 2.867034e-05 0.000000e+00 3.446368e-05
1.235600 5.184039e-05 -1.784312e-05 0.000000e+00 2.818207e-05 0.000000e+00 3.399094e-05
1.243190 5.097931e-05 -1.741270e-05 0.000000e+00 2.768650e-05 0.000000e+00 3.352723e-05
1.250770 5.008049e-05 -1.699577e-05 0.000000e+00 2.723537e-05 0.000000e+00 3.306752e-05
1.258350 4.917393e-05 -1.658362e-05 0.000000e+00 2.679662e-05 0.000000e+00 3.260866e-05
1.265940 4.827082e-05 -1.617053e-05 0.000000e+00 2.635535e-05 0.000000e+00 3.215068e-05
1.273520 4.735855e-05 -1.575897e-05 0.000000e+00 2.591919e-05 0.000000e+00 3.169001e-05
1.281110 4.643819e-05 -1.534685e-05 0.000000e+00 2.548431e-05 0.000000e+00 3.122654e-05
1.288690 4.552712e-05 -1.494796e-05 0.000000e+00 2.507069e-05 0.000000e+00 3.076722e-05
1.296270 4.463015e-05 -1.457403e-05 0.000000e+00 2.469892e-05 0.000000e+00 3.031414e-05
1.303860 4.373127e-05 -1.420076e-05 0.000000e+00 2.433138e-05 0.000000e+00 2.985938e-05
1.311440 4.283341e-05 -1.382792e-05 0.000000e+00 2.396463e-05 0.000000e+00 2.940553e-05
1.319030 4.193529e-05 -1.346381e-05 0.000000e+00 2.360057e-05 0.000000e+00 2.894186e-05
1.326610 4.105301e-05 -1.310652e-05 0.000000e+00 2.324707e-05 0.000000e+00 2.848402e-05
1.334190 4.026291e-05 -1.278831e-05 0.000000e+00 2.294451e-05 0.000000e+00 2.805998e-05
1.341780 3.947084e-05 -1.246972e-05 0.000000e+00 2.264170e-05 0.000000e+00 2.763532e-05
1.349360 3.868085e-05 -1.215196e-05 0.000000e+00 2.233983e-05 0.000000e+00 2.721161e-05
1.356940 3.790628e-05 -1.183821e-05 0.000000e+00 2.204234e-05 0.000000e+00 2.679197e-05
1.364530 3.714021e-05 -1.152826e-05 0.000000e+00 2.174796e-05 0.000000e+00 2.637390e-05
1.372110 3.645464e-05 -1.125403e-05 0.000000e+00 2.148319e-05 0.000000e+00 2.597392e-05
1.379700 3.581514e-05 -1.100219e-05 0.000000e+00 2.123687e-05 0.000000e+00 2.558418e-05
1.387280 3.517730e-05 -1.075180e-05 0.000000e+00 2.099181e-05 0.000000e+00 2.519535e-05
1.394860 3.453965e-05 -1.050039e-05 0.000000e+00 2.074697e-05 0.000000e+00 2.480861e-05
1.402450 3.390044e-05 -1.024640e-05 0.000000e+00 2.050375e-05 0.000000e+00 2.442663e-05
1.410030 3.331818e-05 -1.003559e-05 0.000000e+00 2.029258e-05 0.000000e+00 2.406694e-05
1.417620 3.276666e-05 -9.846610e-06 0.000000e+00 2.009706e-05 0.000000e+00 2.372024e-05
1.425200 3.220930e-05 -9.653241e-06 0.000000e+00 1.989786e-05 0.000000e+00 2.337137e-05
1.432780 3.165978e-05 -9.465310e-06 0.000000e+00 1.970391e-05 0.000000e+00 2.302554e-05
1.440370 3.110890e-05 -9.277941e-06 0.000000e+00 1.951059e-05 0.000000e+00 2.267815e-05
1.447950 3.060288e-05 -9.111894e-06 0.000000e+00 1.933707e-05 0.000000e+00 2.235485e-05
1.455540 3.013376e-05 -8.963566e-06 0.000000e+00 1.917993e-05 0.000000e+00 2.205066e-05
1.463120 2.967834e-05 -8.821129e-06 0.000000e+00 1.902805e-05 0.000000e+00 2.175140e-05
1.470700 2.922312e-05 -8.678781e-06 0.000000e+00 1.887632e-05 0.000000e+00 2.145244e-05
1.478290 2.876482e-05 -8.535048e-06 0.000000e+00 1.872250e-05 0.000000e+00 2.115024e-05
1.485870 2.835930e-05 -8.412506e-06 0.000000e+00 1.858438e-05 0.000000e+00 2.086472e-05
1.493460 2.799909e-05 -8.308286e-06 0.000000e+00 1.845997e-05 0.000000e+00 2.059609e-05
1.501040 2.763543e-05 -8.202736e-06 0.000000e+00 1.833453e-05 0.000000e+00 2.032726e-05
1.508620 2.727824e-05 -8.099613e-06 0.000000e+00 1.821106e-05 0.000000e+00 2.005945e-05
1.516210 2.693020e-05 -7.999941e-06 0.000000e+00 1.809045e-05 0.000000e+00 1.979232e-05
1.523790 2.660552e-05 -7.909010e-06 0.000000e+00 1.797603e-05 0.000000e+00 1.953293e-05
1.531380 2.632967e-05 -7.836505e-06 0.000000e+00 1.787434e-05 0.000000e+00 1.928944e-05
1.538960 2.605896e-05 -7.766391e-06 0.000000e+00 1.777478e-05 0.000000e+00 1.904618e-05
1.546540 2.579384e-05 -7.698661e-06 0.000000e+00 1.767709e-05 0.000000e+00 1.880373e-05
1.554130 2.552775e-05 -7.630606e-06 0.000000e+00 1.757912e-05 0.000000e+00 1.856090e-05
1.561710 2.527499e-05 -7.567899e-06 0.000000e+00 1.748504e-05 0.000000e+00 1.832551e-05
1.569300 2.506295e-05 -7.523215e-06 0.000000e+00 1.740504e-05 0.000000e+00 1.811219e-05
1.576880 2.484755e-05 -7.477007e-06 0.000000e+00 1.732392e-05 0.000000e+00 1.789726e-05
1.584460 2.463244e-05 -7.431000e-06 0.000000e+00 1.724301e-05 0.000000e+00 1.768238e-05
1.592050 2.442534e-05 -7.387807e-06 0.000000e+00 1.716370e-05 0.000000e+00 1.747243e-05
1.599630 2.423188e-05 -7.348043e-06 0.000000e+00 1.708599e-05 0.000000e+00 1.727568e-05
1.607220 2.406573e-05 -7.314820e-06 0.000000e+00 1.701087e-05 0.000000e+00 1.710659e-05
1.614800 2.389984e-05 -7.281771e-06 0.000000e+00 1.693601e-05 0.000000e+00 1.693721e-05
1.622380 2.373892e-05 -7.250076e-06 0.000000e+00 1.686186e-05 0.000000e+00 1.677206e-05
1.629970 2.357483e-05 -7.217539e-06 0.000000e+00 1.678718e-05 0.000000e+00 1.660415e-05
1.637550 2.342146e-05 -7.187071e-06 0.000000e+00 1.671393e-05 0.000000e+00 1.644865e-05
1.645140 2.328514e-05 -7.160211e-06 0.000000e+00 1.664298e-05 0.000000e+00 1.631251e-05
1.652720 2.314956e-05 -7.133526e-06 0.000000e+00 1.657177e-05 0.000000e+00 1.617555e-05
1.660300 2.301531e-05 -7.106990e-06 0.000000e+00 1.650029e-05 0.000000e+00 1.603896e-05
1.667890 2.288250e-05 -7.080832e-06 0.000000e+00 1.642888e-05 0.000000e+00 1.590352e-05
1.675470 2.275998e-05 -7.056797e-06 0.000000e+00 1.635613e-05 0.000000e+00 1.577825e-05
1.683060 2.264311e-05 -7.033850e-06 0.000000e+00 1.628188e-05 0.000000e+00 1.565887e-05
1.690640 2.252462e-05 -7.010427e-06 0.000000e+00 1.620808e-05 0.000000e+00 1.553808e-05
1.698220 2.240889e-05 -6.987955e-06 0.000000e+00 1.613382e-05 0.000000e+00 1.541940e-05
1.705810 2.229329e-05 -6.965241e-06 0.000000e+00 1.605911e-05 0.000000e+00 1.530177e-05
1.713390 2.218042e-05 -6.941507e-06 0.000000e+00 1.598199e-05 0.000000e+00 1.519306e-05
1.720970 2.207023e-05 -6.917281e-06 0.000000e+00 1.590340e-05 0.000000e+00 1.508865e-05
1.728560 2.196056e-05 -6.893011e-06 0.000000e+00 1.582454e-05 0.000000e+00 1.498436e-05
1.736140 2.185088e-05 -6.868887e-06 0.000000e+00 1.574582e-05 0.000000e+00 1.487981e-05
1.743730 2.174250e-05 -6.843660e-06 0.000000e+00 1.566669e-05 0.000000e+00 1.477882e-05
1.751310 2.163714e-05 -6.816039e-06 0.000000e+00 1.558689e-05 0.000000e+00 1.468565e-05
1.758890 2.153204e-05 -6.788131e-06 0.000000e+00 1.550698e-05 0.000000e+00 1.459325e-05
1.766480 2.142702e-05 -6.760165e-06 0.000000e+00 1.542693e-05 0.000000e+00 1.450092e-05
1.774060 2.132288e-05 -6.732236e-06 0.000000e+00 1.534689e-05 0.000000e+00 1.440889e-05
1.781650 2.122457e-05 -6.702966e-06 0.000000e+00 1.526544e-05 0.000000e+00 1.432476e-05
1.789230 2.113030e-05 -6.672818e-06 0.000000e+00 1.518322e-05 0.000000e+00 1.424627e-05
1.796810 2.103657e-05 -6.642790e-06 0.000000e+00 1.510082e-05 0.000000e+00 1.416839e-05
1.804400 2.094322e-05 -6.612794e-06 0.000000e+00 1.501814e-05 0.000000e+00 1.409099e-05
1.811980 2.084972e-05 -6.582709e-06 0.000000e+00 1.493553e-05 0.000000e+00 1.401392e-05
1.819570 2.075726e-05 -6.551854e-06 0.000000e+00 1.485094e-05 0.000000e+00 1.394386e-05
1.827150 2.066573e-05 -6.520960e-06 0.000000e+00 1.476522e-05 0.000000e+00 1.387631e-05
1.834730 2.057426e-05 -6.489995e-06 0.000000e+00 1.467938e-05 0.000000e+00 1.380871e-05
1.842320 2.048336e-05 -6.458521e-06 0.000000e+00 1.459269e-05 0.000000e+00 1.374156e-05
1.849900 2.039264e-05 -6.425557e-06 0.000000e+00 1.450379e-05 0.000000e+00 1.367256e-05
1.857490 2.030160e-05 -6.391261e-06 0.000000e+00 1.441322e-05 0.000000e+00 1.360142e-05
1.865070 2.021078e-05 -6.357043e-06 0.000000e+00 1.432278e-05 0.000000e+00 1.353060e-05
1.872650 2.011972e-05 -6.322629e-06 0.000000e+00 1.423225e-05 0.000000e+00 1.345911e-05
1.880240 2.002802e-05 -6.287725e-06 0.000000e+00 1.414144e-05 0.000000e+00 1.338606e-05
1.887820 1.993229e-05 -6.249639e-06 0.000000e+00 1.405192e-05 0.000000e+00 1.330564e-05
1.895410 1.983544e-05 -6.210752e-06 0.000000e+00 1.396255e-05 0.000000e+00 1.322337e-05
1.902990 1.973684e-05 -6.171289e-06 0.000000e+00 1.387366e-05 0.000000e+00 1.314080e-05
1.910570 1.963957e-05 -6.132256e-06 0.000000e+00 1.378452e-05 0.000000e+00 1.305833e-05
1.918160 1.953719e-05 -6.091828e-06 0.000000e+00 1.369604e-05 0.000000e+00 1.297703e-05
1.925740 1.942875e-05 -6.050017e-06 0.000000e+00 1.360843e-05 0.000000e+00 1.289763e-05
1.933330 1.931977e-05 -6.008123e-06 0.000000e+00 1.352072e-05 0.000000e+00 1.281828e-05
1.940910 1.921060e-05 -5.966813e-06 0.000000e+00 1.343365e-05 0.000000e+00 1.273855e-05
1.948490 1.910009e-05 -5.925489e-06 0.000000e+00 1.334567e-05 0.000000e+00 1.265943e-05
1.956080 1.898694e-05 -5.883036e-06 0.000000e+00 1.325472e-05 0.000000e+00 1.258284e-05
1.963660 1.887387e-05 -5.840620e-06 0.000000e+00 1.316404e-05 0.000000e+00 1.250677e-05
1.971250 1.876042e-05 -5.798048e-06 0.000000e+00 1.307288e-05 0.000000e+00 1.243052e-05
1.978830 1.864692e-05 -5.755419e-06 0.000000e+00 1.298080e-05 0.000000e+00 1.235410e-05
1.986410 1.852674e-05 -5.710170e-06 0.000000e+00 1.288588e-05 0.000000e+00 1.227731e-05
1.994000 1.840412e-05 -5.663962e-06 0.000000e+00 1.278986e-05 0.000000e+00 1.220032e-05
2.001580 1.828006e-05 -5.617345e-06 0.000000e+00 1.269312e-05 0.000000e+00 1.212231e-05
2.009170 1.815742e-05 -5.571157e-06 0.000000e+00 1.259665e-05 0.000000e+00 1.204521e-05
2.016750 1.802763e-05 -5.522719e-06 0.000000e+00 1.250015e-05 0.000000e+00 1.196335e-05
2.024330 1.789142e-05 -5.471884e-06 0.000000e+00 1.240290e-05 0.000000e+00 1.187621e-05
2.031920 1.775502e-05 -5.420844e-06 0.000000e+00 1.230530e-05 0.000000e+00 1.178859e-05
2.039500 1.761890e-05 -5.369989e-06 0.000000e+00 1.220780e-05 0.000000e+00 1.170144e-05
2.047090 1.748245e-05 -5.317442e-06 0.000000e+00 1.210998e-05 0.000000e+00 1.161211e-05
2.054670 1.734558e-05 -5.262941e-06 0.000000e+00 1.201245e-05 0.000000e+00 1.151952e-05
2.062250 1.720862e-05 -5.208410e-06 0.000000e+00 1.191497e-05 0.000000e+00 1.142685e-05
2.069840 1.707158e-05 -5.153775e-06 0.000000e+00 1.181725e-05 0.000000e+00 1.133398e-05
2.077420 1.693567e-05 -5.098664e-06 0.000000e+00 1.172035e-05 0.000000e+00 1.124052e-05
2.085010 1.680046e-05 -5.042801e-06 0.000000e+00 1.162537e-05 0.000000e+00 1.114645e-05
2.092590 1.666549e-05 -4.986970e-06 0.000000e+00 1.153081e-05 0.000000e+00 1.105253e-05
2.100170 1.653081e-05 -4.931075e-06 0.000000e+00 1.143612e-05 0.000000e+00 1.095840e-05
2.107760 1.639486e-05 -4.874565e-06 0.000000e+00 1.134102e-05 0.000000e+00 1.086368e-05
2.115340 1.625515e-05 -4.816113e-06 0.000000e+00 1.124500e-05 0.000000e+00 1.076734e-05
2.122920 1.611451e-05 -4.757222e-06 0.000000e+00 1.114865e-05 0.000000e+00 1.067022e-05
2.130510 1.597367e-05 -4.698260e-06 0.000000e+00 1.105216e-05 0.000000e+00 1.057287e-05
2.138090 1.583288e-05 -4.639260e-06 0.000000e+00 1.095594e-05 0.000000e+00 1.047596e-05
2.145680 1.569005e-05 -4.579157e-06 0.000000e+00 1.085995e-05 0.000000e+00 1.037936e-05
2.153260 1.554651e-05 -4.518878e-06 0.000000e+00 1.076407e-05 0.000000e+00 1.028257e-05
2.160840 1.540274e-05 -4.458736e-06 0.000000e+00 1.066824e-05 0.000000e+00 1.018528e-05
2.168430 1.525856e-05 -4.397512e-06 0.000000e+00 1.057476e-05 0.000000e+00 1.009071e-05
2.176010 1.511688e-05 -4.334763e-06 0.000000e+00 1.048794e-05 0.000000e+00 1.000404e-05
2.183600 1.497497e-05 -4.272154e-06 0.000000e+00 1.040037e-05 0.000000e+00 9.916488e-06
2.191180 1.483242e-05 -4.209246e-06 0.000000e+00 1.031297e-05 0.000000e+00 9.829226e-06
2.198760 1.468552e-05 -4.143791e-06 0.000000e+00 1.022510e-05 0.000000e+00 9.742717e-06
2.206350 1.453827e-05 -4.078150e-06 0.000000e+00 1.013711e-05 0.000000e+00 9.656146e-06
2.213930 1.439103e-05 -4.012587e-06 0.000000e+00 1.004921e-05 0.000000e+00 9.569597e-06
2.221520 1.424406e-05 -3.945780e-06 0.000000e+00 9.960730e-06 0.000000e+00 9.483296e-06
2.229100 1.409784e-05 -3.877789e-06 0.000000e+00 9.871918e-06 0.000000e+00 9.397608e-06
2.236680 1.395126e-05 -3.809413e-06 0.000000e+00 9.782972e-06 0.000000e+00 9.311858e-06
2.244270 1.380465e-05 -3.741052e-06 0.000000e+00 9.693984e-06 0.000000e+00 9.226145e-06
2.251850 1.365771e-05 -3.671046e-06 0.000000e+00 9.605377e-06 0.000000e+00 9.143732e-06
2.259440 1.351015e-05 -3.599918e-06 0.000000e+00 9.516571e-06 0.000000e+00 9.062717e-06
2.267020 1.336277e-05 -3.528960e-06 0.000000e+00 9.427859e-06 0.000000e+00 8.981613e-06
2.274600 1.321571e-05 -3.457598e-06 0.000000e+00 9.338813e-06 0.000000e+00 8.901516e-06
2.282190 1.306961e-05 -3.384633e-06 0.000000e+00 9.248420e-06 0.000000e+00 8.825141e-06
2.289770 1.292382e-05 -3.311620e-06 0.000000e+00 9.158030e-06 0.000000e+00 8.749234e-06
2.297360 1.277783e-05 -3.238510e-06 0.000000e+00 9.067511e-06 0.000000e+00 8.673201e-06
2.304940 1.263275e-05 -3.164454e-06 0.000000e+00 8.976403e-06 0.000000e+00 8.598516e-06
2.312520 1.248827e-05 -3.089162e-06 0.000000e+00 8.885344e-06 0.000000e+00 8.526566e-06
2.320110 1.234353e-05 -3.014002e-06 0.000000e+00 8.794302e-06 0.000000e+00 8.454298e-06
2.327690 1.219904e-05 -2.938662e-06 0.000000e+00 8.703027e-06 0.000000e+00 8.382043e-06
2.335280 1.205618e-05 -2.862248e-06 0.000000e+00 8.611958e-06 0.000000e+00 8.313251e-06
2.342860 1.191449e-05 -2.785422e-06 0.000000e+00 8.521151e-06 0.000000e+00 8.246434e-06
2.350440 1.177296e-05 -2.708568e-06 0.000000e+00 8.430276e-06 0.000000e+00 8.179786e-06
2.358030 1.163115e-05 -2.631623e-06 0.000000e+00 8.339287e-06 0.000000e+00 8.112927e-06
2.365610 1.149431e-05 -2.554674e-06 0.000000e+00 8.249570e-06 0.000000e+00 8.053586e-06
2.373200 1.135811e-05 -2.477622e-06 0.000000e+00 8.159648e-06 0.000000e+00 7.995042e-06
2.380780 1.122194e-05 -2.400649e-06 0.000000e+00 8.069799e-06 0.000000e+00 7.936543e-06
2.388360 1.108816e-05 -2.323863e-06 0.000000e+00 7.980482e-06 0.000000e+00 7.879745e-06
2.395950 1.095973e-05 -2.247276e-06 0.000000e+00 7.891695e-06 0.000000e+00 7.826565e-06
2.403530 1.083190e-05 -2.170804e-06 0.000000e+00 7.803058e-06 0.000000e+00 7.773720e-06
2.411120 1.070361e-05 -2.094304e-06 0.000000e+00 7.714218e-06 0.000000e+00 7.720535e-06
2.418700 1.058128e-05 -2.017944e-06 0.000000e+00 7.626705e-06 0.000000e+00 7.669676e-06
2.426280 1.046271e-05 -1.941559e-06 0.000000e+00 7.540045e-06 0.000000e+00 7.620482e-06
2.433870 1.034350e-05 -1.865084e-06 0.000000e+00 7.453177e-06 0.000000e+00 7.571024e-06
2.441450 1.022653e-05 -1.788515e-06 0.000000e+00 7.366507e-06 0.000000e+00 7.522246e-06
2.449040 1.011748e-05 -1.711336e-06 0.000000e+00 7.280649e-06 0.000000e+00 7.476523e-06
2.456620 1.000944e-05 -1.634307e-06 0.000000e+00 7.195151e-06 0.000000e+00 7.431243e-06
2.464200 9.901684e-06 -1.557120e-06 0.000000e+00 7.109494e-06 0.000000e+00 7.386041e-06
2.471790 9.799215e-06 -1.479677e-06 0.000000e+00 7.024267e-06 0.000000e+00 7.343617e-06
2.479370 9.702153e-06 -1.402214e-06 0.000000e+00 6.939713e-06 0.000000e+00 7.304020e-06
2.486950 9.604615e-06 -1.324716e-06 0.000000e+00 6.855082e-06 0.000000e+00 7.264199e-06
2.494540 9.509223e-06 -1.247453e-06 0.000000e+00 6.770701e-06 0.000000e+00 7.225396e-06
2.502120 9.422572e-06 -1.171746e-06 0.000000e+00 6.687880e-06 0.000000e+00 7.190644e-06
2.509710 9.336291e-06 -1.095906e-06 0.000000e+00 6.604966e-06 0.000000e+00 7.156100e-06
2.517290 9.250840e-06 -1.020348e-06 0.000000e+00 6.522300e-06 0.000000e+00 7.121788e-06
2.524870 9.174470e-06 -9.462678e-07 0.000000e+00 6.440971e-06 0.000000e+00 7.090261e-06
2.532460 9.100938e-06 -8.724505e-07 0.000000e+00 6.359946e-06 0.000000e+00 7.059748e-06
2.540040 9.027783e-06 -7.988174e-07 0.000000e+00 6.279078e-06 0.000000e+00 7.029416e-06
2.547630 8.961178e-06 -7.264781e-07 0.000000e+00 6.199179e-06 0.000000e+00 7.002200e-06
2.555210 8.899312e-06 -6.550309e-07 0.000000e+00 6.120110e-06 0.000000e+00 6.977419e-06
2.562790 8.836552e-06 -5.834036e-07 0.000000e+00 6.040927e-06 0.000000e+00 6.952162e-06
2.570380 8.782256e-06 -5.128716e-07 0.000000e+00 5.962366e-06 0.000000e+00 6.932786e-06
2.577960 8.731009e-06 -4.429194e-07 0.000000e+00 5.884169e-06 0.000000e+00 6.915466e-06
2.585550 8.680185e-06 -3.729151e-07 0.000000e+00 5.805862e-06 0.000000e+00 6.898404e-06
2.593130 8.638229e-06 -3.049990e-07 0.000000e+00 5.728069e-06 0.000000e+00 6.886813e-06
2.600710 8.598264e-06 -2.375756e-07 0.000000e+00 5.650406e-06 0.000000e+00 6.876534e-06
2.608300 8.560589e-06 -1.704153e-07 0.000000e+00 5.572498e-06 0.000000e+00 6.867141e-06
2.615880 8.532894e-06 -1.049231e-07 0.000000e+00 5.494329e-06 0.000000e+00 6.862104e-06
2.623470 8.504531e-06 -3.916604e-08 0.000000e+00 5.416059e-06 0.000000e+00 6.856846e-06
2.631050 8.484313e-06 2.437301e-08 0.000000e+00 5.337758e-06 0.000000e+00 6.854325e-06
2.638630 8.468337e-06 8.670952e-08 0.000000e+00 5.259437e-06 0.000000e+00 6.853417e-06
2.646220 8.455269e-06 1.487352e-07 0.000000e+00 5.180901e-06 0.000000e+00 6.853085e-06
2.653800 8.450693e-06 2.094087e-07 0.000000e+00 5.102201e-06 0.000000e+00 6.854723e-06
2.661390 8.446003e-06 2.702978e-07 0.000000e+00 5.023387e-06 0.000000e+00 6.856391e-06
2.668970 8.451710e-06 3.282025e-07 0.000000e+00 4.944561e-06 0.000000e+00 6.859442e-06
2.676550 8.458883e-06 3.859109e-07 0.000000e+00 4.865716e-06 0.000000e+00 6.862453e-06
2.684140 8.473018e-06 4.430141e-07 0.000000e+00 4.786282e-06 0.000000e+00 6.865579e-06
2.691720 8.489931e-06 5.000009e-07 0.000000e+00 4.706789e-06 0.000000e+00 6.868590e-06
2.699310 8.515521e-06 5.548394e-07 0.000000e+00 4.626574e-06 0.000000e+00 6.871940e-06
2.706890 8.543747e-06 6.091825e-07 0.000000e+00 4.546237e-06 0.000000e+00 6.875392e-06
2.714470 8.580319e-06 6.628629e-07 0.000000e+00 4.464771e-06 0.000000e+00 6.879847e-06
2.722060 8.623236e-06 7.156633e-07 0.000000e+00 4.382305e-06 0.000000e+00 6.885779e-06
2.729640 8.672857e-06 7.670771e-07 0.000000e+00 4.299062e-06 0.000000e+00 6.893599e-06
2.737230 8.731974e-06 8.177073e-07 0.000000e+00 4.213718e-06 0.000000e+00 6.904249e-06
2.744810 8.797351e-06 8.676721e-07 0.000000e+00 4.127143e-06 0.000000e+00 6.916861e-06
2.752390 8.873837e-06 9.164122e-07 0.000000e+00 4.038207e-06 0.000000e+00 6.932963e-06
2.759980 8.958464e-06 9.643346e-07 0.000000e+00 3.947962e-06 0.000000e+00 6.951709e-06
2.767560 9.055405e-06 1.011223e-06 0.000000e+00 3.855109e-06 0.000000e+00 6.972449e-06
2.775150 9.160912e-06 1.057460e-06 0.000000e+00 3.760168e-06 0.000000e+00 6.993882e-06
2.782730 9.278063e-06 1.102713e-06 0.000000e+00 3.662550e-06 0.000000e+00 7.015903e-06
2.790310 9.408729e-06 1.147113e-06 0.000000e+00 3.561757e-06 0.000000e+00 7.038319e-06
2.797900 9.550445e-06 1.190967e-06 0.000000e+00 3.458456e-06 0.000000e+00 7.060830e-06
2.805480 9.706028e-06 1.234066e-06 0.000000e+00 3.352235e-06 0.000000e+00 7.083338e-06
2.813070 9.880335e-06 1.276633e-06 0.000000e+00 3.242260e-06 0.000000e+00 7.105301e-06
2.820650 1.007216e-05 1.318681e-06 0.000000e+00 3.129254e-06 0.000000e+00 7.126199e-06
2.828230 1.028563e-05 1.360394e-06 0.000000e+00 3.012937e-06 0.000000e+00 7.145429e-06
2.835820 1.052492e-05 1.401705e-06 0.000000e+00 2.893074e-06 0.000000e+00 7.162443e-06
2.843400 1.079441e-05 1.442623e-06 0.000000e+00 2.769661e-06 0.000000e+00 7.176440e-06
2.850980 1.110032e-05 1.483100e-06 0.000000e+00 2.642482e-06 0.000000e+00 7.186206e-06
2.858570 1.144595e-05 1.523251e-06 0.000000e+00 2.511517e-06 0.000000e+00 7.190556e-06
2.866150 1.183541e-05 1.562841e-06 0.000000e+00 2.377238e-06 0.000000e+00 7.187848e-06
2.873740 1.227471e-05 1.601781e-06 0.000000e+00 2.239380e-06 0.000000e+00 7.176303e-06
2.881320 1.276875e-05 1.639845e-06 0.000000e+00 2.098562e-06 0.000000e+00 7.153629e-06
2.888900 1.332547e-05 1.676488e-06 0.000000e+00 1.954843e-06 0.000000e+00 7.116828e-06
2.896490 1.394714e-05 1.711175e-06 0.000000e+00 1.808599e-06 0.000000e+00 7.063511e-06
2.904070 1.463319e-05 1.742714e-06 0.000000e+00 1.660887e-06 0.000000e+00 6.990975e-06
2.911660 1.539211e-05 1.769463e-06 0.000000e+00 1.512250e-06 0.000000e+00 6.896627e-06
2.919240 1.622748e-05 1.788401e-06 0.000000e+00 1.364073e-06 0.000000e+00 6.775276e-06
2.926820 1.711722e-05 1.798305e-06 0.000000e+00 1.215734e-06 0.000000e+00 6.617239e-06
2.934410 1.805429e-05 1.794704e-06 0.000000e+00 1.069047e-06 0.000000e+00 6.422597e-06
2.941990 1.900517e-05 1.773554e-06 0.000000e+00 9.254429e-07 0.000000e+00 6.186734e-06
2.949580 1.991741e-05 1.728473e-06 0.000000e+00 7.862869e-07 0.000000e+00 5.902871e-06
2.957160 2.069304e-05 1.651627e-06 0.000000e+00 6.537503e-07 0.000000e+00 5.564853e-06
2.964740 2.122970e-05 1.540654e-06 0.000000e+00 5.284808e-07 0.000000e+00 5.175169e-06
2.972330 2.130453e-05 1.385957e-06 0.000000e+00 4.132200e-07 0.000000e+00 4.725243e-06
2.979910 2.072039e-05 1.188940e-06 0.000000e+00 3.091802e-07 0.000000e+00 4.219682e-06
2.987500 1.920862e-05 9.533203e-07 0.000000e+00 2.182873e-07 0.000000e+00 3.659680e-06
2.995080 1.660689e-05 6.950906e-07 0.000000e+00 1.422243e-07 0.000000e+00 3.052321e-06
3.002660 1.296881e-05 4.406450e-07 0.000000e+00 8.199432e-08 0.000000e+00 2.406063e-06
3.010250 8.677422e-06 2.265518e-07 0.000000e+00 3.915213e-08 0.000000e+00 1.730192e-06
3.017830 4.554556e-06 8.104843e-08 0.000000e+00 1.296107e-08 0.000000e+00 1.050884e-06
3.025420 1.476470e-06 1.355960e-08 0.000000e+00 1.842949e-09 0.000000e+00 4.253271e-07
3.033000 6.621425e-08 6.640474e-12 0.000000e+00 -5.672820e-12 0.000000e+00 2.795821e-08
