0.455000 1.238812e-07 -9.578816e-08 0.000000e+00 7.419598e-08 0.000000e+00 1.413705e-07
0.461461 5.136524e-07 -3.947712e-07 0.000000e+00 3.063810e-07 0.000000e+00 5.795721e-07
0.467922 1.073549e-06 -8.193887e-07 0.000000e+00 6.392322e-07 0.000000e+00 1.191995e-06
0.474383 1.721503e-06 -1.303937e-06 0.000000e+00 1.025197e-06 0.000000e+00 1.877922e-06
0.480845 2.404937e-06 -1.806481e-06 0.000000e+00 1.434720e-06 0.000000e+00 2.577853e-06
0.487306 3.080644e-06 -2.293435e-06 0.000000e+00 1.843658e-06 0.000000e+00 3.251443e-06
0.493767 3.720296e-06 -2.742974e-06 0.000000e+00 2.235651e-06 0.000000e+00 3.877793e-06
0.500228 4.303941e-06 -3.141616e-06 0.000000e+00 2.601045e-06 0.000000e+00 4.449602e-06
0.506689 4.823806e-06 -3.484505e-06 0.000000e+00 2.935361e-06 0.000000e+00 4.966701e-06
0.513150 5.275241e-06 -3.766417e-06 0.000000e+00 3.233224e-06 0.000000e+00 5.425341e-06
0.519612 5.663472e-06 -3.993555e-06 0.000000e+00 3.498156e-06 0.000000e+00 5.832898e-06
0.526073 5.992382e-06 -4.168326e-06 0.000000e+00 3.730509e-06 0.000000e+00 6.192175e-06
0.532534 6.267684e-06 -4.296669e-06 0.000000e+00 3.934329e-06 0.000000e+00 6.508427e-06
0.538995 6.498043e-06 -4.385312e-06 0.000000e+00 4.113114e-06 0.000000e+00 6.787165e-06
0.545456 6.687107e-06 -4.437679e-06 0.000000e+00 4.269457e-06 0.000000e+00 7.030476e-06
0.551917 6.846671e-06 -4.462049e-06 0.000000e+00 4.407416e-06 0.000000e+00 7.245192e-06
0.558378 6.982992e-06 -4.461366e-06 0.000000e+00 4.527594e-06 0.000000e+00 7.432697e-06
0.564840 7.096533e-06 -4.440715e-06 0.000000e+00 4.636349e-06 0.000000e+00 7.597339e-06
0.571301 7.192682e-06 -4.404471e-06 0.000000e+00 4.735921e-06 0.000000e+00 7.742801e-06
0.577762 7.274541e-06 -4.355746e-06 0.000000e+00 4.828776e-06 0.000000e+00 7.872112e-06
0.584223 7.344718e-06 -4.297351e-06 0.000000e+00 4.917096e-06 0.000000e+00 7.988326e-06
0.590684 7.405442e-06 -4.231169e-06 0.000000e+00 5.002119e-06 0.000000e+00 8.093077e-06
0.597145 7.458672e-06 -4.159074e-06 0.000000e+00 5.085414e-06 0.000000e+00 8.188405e-06
0.603607 7.506230e-06 -4.082754e-06 0.000000e+00 5.168463e-06 0.000000e+00 8.276321e-06
0.610068 7.546958e-06 -4.002668e-06 0.000000e+00 5.253712e-06 0.000000e+00 8.359890e-06
0.616529 7.583103e-06 -3.920172e-06 0.000000e+00 5.341858e-06 0.000000e+00 8.440270e-06
0.622990 7.617793e-06 -3.836825e-06 0.000000e+00 5.432610e-06 0.000000e+00 8.517089e-06
0.629451 7.652221e-06 -3.753898e-06 0.000000e+00 5.528022e-06 0.000000e+00 8.592737e-06
0.635912 7.687926e-06 -3.672282e-06 0.000000e+00 5.628908e-06 0.000000e+00 8.669306e-06
0.642373 7.725552e-06 -3.592371e-06 0.000000e+00 5.735180e-06 0.000000e+00 8.746563e-06
0.648835 7.766019e-06 -3.514953e-06 0.000000e+00 5.848820e-06 0.000000e+00 8.826165e-06
0.655296 7.810959e-06 -3.441566e-06 0.000000e+00 5.971139e-06 0.000000e+00 8.908089e-06
0.661757 7.860816e-06 -3.372265e-06 0.000000e+00 6.101171e-06 0.000000e+00 8.992538e-06
0.668218 7.915961e-06 -3.306794e-06 0.000000e+00 6.239885e-06 0.000000e+00 9.080423e-06
0.674679 7.985299e-06 -3.249112e-06 0.000000e+00 6.390874e-06 0.000000e+00 9.173878e-06
0.681140 8.062967e-06 -3.197032e-06 0.000000e+00 6.551327e-06 0.000000e+00 9.272601e-06
0.687602 8.152297e-06 -3.153234e-06 0.000000e+00 6.723694e-06 0.000000e+00 9.376963e-06
0.694063 8.256863e-06 -3.118663e-06 0.000000e+00 6.911017e-06 0.000000e+00 9.490014e-06
0.700524 8.373278e-06 -3.091855e-06 0.000000e+00 7.109750e-06 0.000000e+00 9.609407e-06
0.706985 8.506124e-06 -3.075554e-06 0.000000e+00 7.323134e-06 0.000000e+00 9.738092e-06
0.713446 8.656150e-06 -3.069185e-06 0.000000e+00 7.551785e-06 0.000000e+00 9.877296e-06
0.719907 8.823579e-06 -3.074272e-06 0.000000e+00 7.795718e-06 0.000000e+00 1.002649e-05
0.726368 9.013178e-06 -3.092828e-06 0.000000e+00 8.058867e-06 0.000000e+00 1.019024e-05
0.732830 9.219852e-06 -3.122659e-06 0.000000e+00 8.335912e-06 0.000000e+00 1.036426e-05
0.739291 9.452924e-06 -3.168494e-06 0.000000e+00 8.636904e-06 0.000000e+00 1.055711e-05
0.745752 9.707953e-06 -3.228066e-06 0.000000e+00 8.959412e-06 0.000000e+00 1.076589e-05
0.752213 9.996031e-06 -3.308094e-06 0.000000e+00 9.306508e-06 0.000000e+00 1.099150e-05
0.758674 1.030307e-05 -3.401131e-06 0.000000e+00 9.666938e-06 0.000000e+00 1.122764e-05
0.765135 1.065423e-05 -3.520148e-06 0.000000e+00 1.005843e-05 0.000000e+00 1.148358e-05
0.771596 1.102568e-05 -3.652201e-06 0.000000e+00 1.046374e-05 0.000000e+00 1.174925e-05
0.778058 1.144391e-05 -3.811853e-06 0.000000e+00 1.089932e-05 0.000000e+00 1.203473e-05
0.784519 1.188632e-05 -3.986659e-06 0.000000e+00 1.134990e-05 0.000000e+00 1.233104e-05
0.790980 1.238679e-05 -4.194904e-06 0.000000e+00 1.183384e-05 0.000000e+00 1.265110e-05
0.797441 1.290294e-05 -4.412900e-06 0.000000e+00 1.232676e-05 0.000000e+00 1.297824e-05
0.803902 1.349174e-05 -4.671757e-06 0.000000e+00 1.285893e-05 0.000000e+00 1.333574e-05
0.810363 1.411643e-05 -4.950246e-06 0.000000e+00 1.340481e-05 0.000000e+00 1.370800e-05
0.816825 1.481132e-05 -5.264140e-06 0.000000e+00 1.397573e-05 0.000000e+00 1.410854e-05
0.823286 1.559770e-05 -5.623037e-06 0.000000e+00 1.457635e-05 0.000000e+00 1.453955e-05
0.829747 1.641126e-05 -5.998262e-06 0.000000e+00 1.518904e-05 0.000000e+00 1.498300e-05
0.836208 1.731934e-05 -6.421093e-06 0.000000e+00 1.582526e-05 0.000000e+00 1.545368e-05
0.842669 1.827970e-05 -6.872674e-06 0.000000e+00 1.647292e-05 0.000000e+00 1.594155e-05
0.849130 1.931757e-05 -7.362120e-06 0.000000e+00 1.713887e-05 0.000000e+00 1.645071e-05
0.855591 2.042929e-05 -7.887710e-06 0.000000e+00 1.782117e-05 0.000000e+00 1.698048e-05
0.862053 2.158496e-05 -8.433928e-06 0.000000e+00 1.850814e-05 0.000000e+00 1.752300e-05
0.868514 2.284833e-05 -9.028677e-06 0.000000e+00 1.920560e-05 0.000000e+00 1.809420e-05
0.874975 2.414154e-05 -9.636456e-06 0.000000e+00 1.990505e-05 0.000000e+00 1.867389e-05
0.881436 2.554460e-05 -1.028937e-05 0.000000e+00 2.060935e-05 0.000000e+00 1.927864e-05
0.887897 2.696765e-05 -1.094977e-05 0.000000e+00 2.131316e-05 0.000000e+00 1.988794e-05
0.894358 2.852013e-05 -1.165395e-05 0.000000e+00 2.200633e-05 0.000000e+00 2.051480e-05
0.900820 3.012710e-05 -1.237532e-05 0.000000e+00 2.268976e-05 0.000000e+00 2.114170e-05
0.907281 3.181953e-05 -1.312473e-05 0.000000e+00 2.334927e-05 0.000000e+00 2.177853e-05
0.913742 3.352633e-05 -1.387970e-05 0.000000e+00 2.400380e-05 0.000000e+00 2.241821e-05
0.920203 3.533304e-05 -1.465084e-05 0.000000e+00 2.461691e-05 0.000000e+00 2.304564e-05
0.926664 3.712730e-05 -1.541859e-05 0.000000e+00 2.523543e-05 0.000000e+00 2.367356e-05
0.933125 3.898764e-05 -1.619689e-05 0.000000e+00 2.580458e-05 0.000000e+00 2.430350e-05
0.939586 4.088601e-05 -1.697860e-05 0.000000e+00 2.632732e-05 0.000000e+00 2.494469e-05
0.946048 4.279286e-05 -1.775381e-05 0.000000e+00 2.684371e-05 0.000000e+00 2.556752e-05
0.952509 4.472661e-05 -1.850816e-05 0.000000e+00 2.731847e-05 0.000000e+00 2.614955e-05
0.958970 4.666897e-05 -1.925841e-05 0.000000e+00 2.777564e-05 0.000000e+00 2.673075e-05
0.965431 4.859471e-05 -1.998009e-05 0.000000e+00 2.814201e-05 0.000000e+00 2.735448e-05
0.971892 5.053949e-05 -2.069469e-05 0.000000e+00 2.846082e-05 0.000000e+00 2.799622e-05
0.978353 5.243924e-05 -2.134217e-05 0.000000e+00 2.875213e-05 0.000000e+00 2.854484e-05
0.984815 5.431314e-05 -2.195615e-05 0.000000e+00 2.903227e-05 0.000000e+00 2.904547e-05
0.991276 5.613153e-05 -2.252981e-05 0.000000e+00 2.924728e-05 0.000000e+00 2.953596e-05
0.997737 5.781674e-05 -2.304138e-05 0.000000e+00 2.926475e-05 0.000000e+00 3.005007e-05
1.004200 5.948866e-05 -2.354007e-05 0.000000e+00 2.928782e-05 0.000000e+00 3.055688e-05
1.010660 6.100306e-05 -2.392938e-05 0.000000e+00 2.933226e-05 0.000000e+00 3.105493e-05
1.017120 6.245059e-05 -2.427491e-05 0.000000e+00 2.937464e-05 0.000000e+00 3.154822e-05
1.023580 6.384011e-05 -2.458988e-05 0.000000e+00 2.934518e-05 0.000000e+00 3.203004e-05
1.030040 6.507549e-05 -2.482270e-05 0.000000e+00 2.919085e-05 0.000000e+00 3.248976e-05
1.036500 6.627784e-05 -2.504151e-05 0.000000e+00 2.904661e-05 0.000000e+00 3.294534e-05
1.042960 6.724836e-05 -2.515702e-05 0.000000e+00 2.887764e-05 0.000000e+00 3.337645e-05
1.049430 6.805052e-05 -2.519486e-05 0.000000e+00 2.866743e-05 0.000000e+00 3.378915e-05
1.055890 6.859625e-05 -2.513243e-05 0.000000e+00 2.838966e-05 0.000000e+00 3.416307e-05
1.062350 6.908925e-05 -2.505037e-05 0.000000e+00 2.808269e-05 0.000000e+00 3.452407e-05
1.068810 6.943366e-05 -2.491229e-05 0.000000e+00 2.775574e-05 0.000000e+00 3.486326e-05
1.075270 6.952120e-05 -2.467882e-05 0.000000e+00 2.740405e-05 0.000000e+00 3.515723e-05
1.081730 6.953152e-05 -2.441711e-05 0.000000e+00 2.704505e-05 0.000000e+00 3.543836e-05
1.088190 6.947163e-05 -2.413019e-05 0.000000e+00 2.667520e-05 0.000000e+00 3.570476e-05
1.094650 6.913213e-05 -2.374490e-05 0.000000e+00 2.626759e-05 0.000000e+00 3.591012e-05
1.101120 6.868787e-05 -2.332190e-05 0.000000e+00 2.585158e-05 0.000000e+00 3.610509e-05
1.107580 6.819561e-05 -2.288472e-05 0.000000e+00 2.543587e-05 0.000000e+00 3.628019e-05
1.114040 6.745737e-05 -2.236208e-05 0.000000e+00 2.500581e-05 0.000000e+00 3.641935e-05
1.120500 6.661765e-05 -2.180125e-05 0.000000e+00 2.457046e-05 0.000000e+00 3.656606e-05
1.126960 6.560657e-05 -2.119326e-05 0.000000e+00 2.414026e-05 0.000000e+00 3.667961e-05
1.133420 6.456338e-05 -2.057211e-05 0.000000e+00 2.370513e-05 0.000000e+00 3.678149e-05
1.139880 6.345200e-05 -1.993712e-05 0.000000e+00 2.327912e-05 0.000000e+00 3.687343e-05
1.146340 6.222020e-05 -1.927778e-05 0.000000e+00 2.286619e-05 0.000000e+00 3.692114e-05
1.152800 6.091935e-05 -1.860690e-05 0.000000e+00 2.246330e-05 0.000000e+00 3.694031e-05
1.159270 5.957068e-05 -1.792934e-05 0.000000e+00 2.207040e-05 0.000000e+00 3.695171e-05
1.165730 5.821899e-05 -1.725700e-05 0.000000e+00 2.168140e-05 0.000000e+00 3.694409e-05
1.172190 5.678291e-05 -1.658775e-05 0.000000e+00 2.132774e-05 0.000000e+00 3.690180e-05
1.178650 5.533976e-05 -1.591889e-05 0.000000e+00 2.097772e-05 0.000000e+00 3.685806e-05
1.185110 5.387179e-05 -1.526632e-05 0.000000e+00 2.065943e-05 0.000000e+00 3.679335e-05
1.191570 5.236815e-05 -1.464199e-05 0.000000e+00 2.039252e-05 0.000000e+00 3.669100e-05
1.198030 5.086910e-05 -1.401481e-05 0.000000e+00 2.012012e-05 0.000000e+00 3.659293e-05
1.204490 4.939875e-05 -1.342807e-05 0.000000e+00 1.989099e-05 0.000000e+00 3.647117e-05
1.210950 4.797313e-05 -1.288126e-05 0.000000e+00 1.969092e-05 0.000000e+00 3.631758e-05
1.217420 4.654431e-05 -1.233287e-05 0.000000e+00 1.949009e-05 0.000000e+00 3.616445e-05
1.223880 4.515071e-05 -1.181346e-05 0.000000e+00 1.931608e-05 0.000000e+00 3.598984e-05
1.230340 4.380056e-05 -1.132289e-05 0.000000e+00 1.916015e-05 0.000000e+00 3.577960e-05
1.236800 4.252816e-05 -1.088811e-05 0.000000e+00 1.905122e-05 0.000000e+00 3.551695e-05
1.243260 4.125905e-05 -1.045594e-05 0.000000e+00 1.894503e-05 0.000000e+00 3.525220e-05
1.249720 4.001421e-05 -1.003541e-05 0.000000e+00 1.884220e-05 0.000000e+00 3.497760e-05
1.256180 3.889634e-05 -9.693375e-06 0.000000e+00 1.879727e-05 0.000000e+00 3.464583e-05
1.262640 3.779657e-05 -9.363532e-06 0.000000e+00 1.876589e-05 0.000000e+00 3.431138e-05
1.269110 3.674168e-05 -9.058269e-06 0.000000e+00 1.875117e-05 0.000000e+00 3.396178e-05
1.275570 3.581625e-05 -8.813405e-06 0.000000e+00 1.876540e-05 0.000000e+00 3.356955e-05
1.282030 3.487130e-05 -8.559665e-06 0.000000e+00 1.877405e-05 0.000000e+00 3.318158e-05
1.288490 3.396680e-05 -8.324490e-06 0.000000e+00 1.879390e-05 0.000000e+00 3.278316e-05
1.294950 3.314439e-05 -8.121168e-06 0.000000e+00 1.882553e-05 0.000000e+00 3.237279e-05
1.301410 3.238528e-05 -7.940327e-06 0.000000e+00 1.886224e-05 0.000000e+00 3.195639e-05
1.307870 3.171351e-05 -7.794266e-06 0.000000e+00 1.891546e-05 0.000000e+00 3.152769e-05
1.314330 3.101558e-05 -7.637752e-06 0.000000e+00 1.896360e-05 0.000000e+00 3.110240e-05
1.320790 3.038457e-05 -7.503723e-06 0.000000e+00 1.901552e-05 0.000000e+00 3.066594e-05
1.327260 2.984345e-05 -7.403522e-06 0.000000e+00 1.907950e-05 0.000000e+00 3.021608e-05
1.333720 2.933289e-05 -7.318242e-06 0.000000e+00 1.915158e-05 0.000000e+00 2.976134e-05
1.340180 2.886038e-05 -7.246665e-06 0.000000e+00 1.922718e-05 0.000000e+00 2.930813e-05
1.346640 2.847363e-05 -7.203773e-06 0.000000e+00 1.930486e-05 0.000000e+00 2.886627e-05
1.353100 2.806952e-05 -7.153826e-06 0.000000e+00 1.937971e-05 0.000000e+00 2.842373e-05
1.359560 2.769999e-05 -7.116868e-06 0.000000e+00 1.945769e-05 0.000000e+00 2.798517e-05
1.366020 2.735291e-05 -7.087845e-06 0.000000e+00 1.953648e-05 0.000000e+00 2.754863e-05
1.372480 2.705032e-05 -7.072397e-06 0.000000e+00 1.961146e-05 0.000000e+00 2.711321e-05
1.378940 2.677077e-05 -7.065866e-06 0.000000e+00 1.968757e-05 0.000000e+00 2.668700e-05
1.385410 2.649935e-05 -7.062638e-06 0.000000e+00 1.976424e-05 0.000000e+00 2.626206e-05
1.391870 2.622808e-05 -7.057454e-06 0.000000e+00 1.983717e-05 0.000000e+00 2.584646e-05
1.398330 2.601493e-05 -7.070097e-06 0.000000e+00 1.990359e-05 0.000000e+00 2.547381e-05
1.404790 2.581482e-05 -7.086454e-06 0.000000e+00 1.997199e-05 0.000000e+00 2.510889e-05
1.411250 2.562534e-05 -7.105857e-06 0.000000e+00 2.004189e-05 0.000000e+00 2.475077e-05
1.417710 2.546006e-05 -7.130648e-06 0.000000e+00 2.010432e-05 0.000000e+00 2.440559e-05
1.424170 2.530793e-05 -7.157978e-06 0.000000e+00 2.016095e-05 0.000000e+00 2.406588e-05
1.430630 2.514821e-05 -7.183856e-06 0.000000e+00 2.021912e-05 0.000000e+00 2.372094e-05
1.437100 2.500594e-05 -7.213282e-06 0.000000e+00 2.027382e-05 0.000000e+00 2.338619e-05
1.443560 2.487880e-05 -7.242992e-06 0.000000e+00 2.032102e-05 0.000000e+00 2.307509e-05
1.450020 2.477414e-05 -7.273048e-06 0.000000e+00 2.035696e-05 0.000000e+00 2.279910e-05
1.456480 2.468281e-05 -7.304180e-06 0.000000e+00 2.038869e-05 0.000000e+00 2.253610e-05
1.462940 2.459299e-05 -7.335430e-06 0.000000e+00 2.041997e-05 0.000000e+00 2.227480e-05
1.469400 2.449877e-05 -7.366038e-06 0.000000e+00 2.045085e-05 0.000000e+00 2.200774e-05
1.475860 2.442024e-05 -7.397115e-06 0.000000e+00 2.047082e-05 0.000000e+00 2.175573e-05
1.482320 2.434818e-05 -7.429785e-06 0.000000e+00 2.048830e-05 0.000000e+00 2.151206e-05
1.488780 2.427686e-05 -7.462772e-06 0.000000e+00 2.050541e-05 0.000000e+00 2.126873e-05
1.495250 2.421577e-05 -7.493660e-06 0.000000e+00 2.051288e-05 0.000000e+00 2.104705e-05
1.501710 2.417087e-05 -7.518194e-06 0.000000e+00 2.050329e-05 0.000000e+00 2.086479e-05
1.508170 2.412346e-05 -7.543417e-06 0.000000e+00 2.049617e-05 0.000000e+00 2.067740e-05
1.514630 2.407945e-05 -7.568194e-06 0.000000e+00 2.048601e-05 0.000000e+00 2.049557e-05
1.521090 2.403550e-05 -7.593465e-06 0.000000e+00 2.047532e-05 0.000000e+00 2.031414e-05
1.527550 2.397949e-05 -7.624623e-06 0.000000e+00 2.046993e-05 0.000000e+00 2.011823e-05
1.534010 2.392850e-05 -7.656029e-06 0.000000e+00 2.046105e-05 0.000000e+00 1.993173e-05
1.540470 2.387947e-05 -7.687458e-06 0.000000e+00 2.045042e-05 0.000000e+00 1.974942e-05
1.546930 2.382892e-05 -7.718925e-06 0.000000e+00 2.044128e-05 0.000000e+00 1.956324e-05
1.553400 2.380408e-05 -7.734523e-06 0.000000e+00 2.040006e-05 0.000000e+00 1.943526e-05
1.559860 2.378093e-05 -7.747928e-06 0.000000e+00 2.035559e-05 0.000000e+00 1.931931e-05
1.566320 2.375749e-05 -7.761557e-06 0.000000e+00 2.031129e-05 0.000000e+00 1.920335e-05
1.572780 2.373564e-05 -7.772421e-06 0.000000e+00 2.026161e-05 0.000000e+00 1.909458e-05
1.579240 2.368349e-05 -7.798424e-06 0.000000e+00 2.023092e-05 0.000000e+00 1.897603e-05
1.585700 2.362177e-05 -7.829773e-06 0.000000e+00 2.020752e-05 0.000000e+00 1.885239e-05
1.592160 2.356073e-05 -7.860386e-06 0.000000e+00 2.018261e-05 0.000000e+00 1.873058e-05
1.598620 2.349624e-05 -7.892861e-06 0.000000e+00 2.015879e-05 0.000000e+00 1.860887e-05
1.605090 2.345403e-05 -7.907795e-06 0.000000e+00 2.011225e-05 0.000000e+00 1.850916e-05
1.611550 2.343217e-05 -7.904501e-06 0.000000e+00 2.004120e-05 0.000000e+00 1.843346e-05
1.618010 2.340763e-05 -7.901103e-06 0.000000e+00 1.996904e-05 0.000000e+00 1.835849e-05
1.624470 2.338422e-05 -7.897326e-06 0.000000e+00 1.989632e-05 0.000000e+00 1.828412e-05
1.630930 2.334997e-05 -7.896562e-06 0.000000e+00 1.982707e-05 0.000000e+00 1.820476e-05
1.637390 2.328678e-05 -7.904257e-06 0.000000e+00 1.976985e-05 0.000000e+00 1.811196e-05
1.643850 2.322092e-05 -7.912922e-06 0.000000e+00 1.971462e-05 0.000000e+00 1.801783e-05
1.650310 2.315527e-05 -7.921494e-06 0.000000e+00 1.965917e-05 0.000000e+00 1.792382e-05
1.656770 2.309083e-05 -7.928815e-06 0.000000e+00 1.960079e-05 0.000000e+00 1.783175e-05
1.663240 2.302733e-05 -7.931806e-06 0.000000e+00 1.952829e-05 0.000000e+00 1.774110e-05
1.669700 2.296456e-05 -7.931008e-06 0.000000e+00 1.944326e-05 0.000000e+00 1.765148e-05
1.676160 2.290092e-05 -7.931038e-06 0.000000e+00 1.936060e-05 0.000000e+00 1.756073e-05
1.682620 2.283962e-05 -7.929954e-06 0.000000e+00 1.927539e-05 0.000000e+00 1.747295e-05
1.689080 2.277885e-05 -7.928719e-06 0.000000e+00 1.919000e-05 0.000000e+00 1.738620e-05
1.695540 2.272255e-05 -7.926527e-06 0.000000e+00 1.910370e-05 0.000000e+00 1.730826e-05
1.702000 2.266875e-05 -7.922856e-06 0.000000e+00 1.901585e-05 0.000000e+00 1.723662e-05
1.708460 2.261512e-05 -7.917898e-06 0.000000e+00 1.892651e-05 0.000000e+00 1.716702e-05
1.714920 2.256151e-05 -7.912950e-06 0.000000e+00 1.883715e-05 0.000000e+00 1.709749e-05
1.721390 2.250786e-05 -7.908099e-06 0.000000e+00 1.874837e-05 0.000000e+00 1.702707e-05
1.727850 2.245566e-05 -7.896326e-06 0.000000e+00 1.865545e-05 0.000000e+00 1.696461e-05
1.734310 2.240310e-05 -7.882565e-06 0.000000e+00 1.856131e-05 0.000000e+00 1.690329e-05
1.740770 2.235047e-05 -7.869076e-06 0.000000e+00 1.846747e-05 0.000000e+00 1.684225e-05
1.747230 2.229760e-05 -7.855639e-06 0.000000e+00 1.837386e-05 0.000000e+00 1.678176e-05
1.753690 2.224200e-05 -7.839991e-06 0.000000e+00 1.827827e-05 0.000000e+00 1.671769e-05
1.760150 2.218285e-05 -7.822549e-06 0.000000e+00 1.818199e-05 0.000000e+00 1.665086e-05
1.766610 2.212432e-05 -7.805546e-06 0.000000e+00 1.808627e-05 0.000000e+00 1.658492e-05
1.773080 2.206548e-05 -7.788304e-06 0.000000e+00 1.799006e-05 0.000000e+00 1.651843e-05
1.779540 2.200572e-05 -7.769870e-06 0.000000e+00 1.789161e-05 0.000000e+00 1.644925e-05
1.786000 2.194388e-05 -7.747977e-06 0.000000e+00 1.779029e-05 0.000000e+00 1.637695e-05
1.792460 2.188154e-05 -7.725399e-06 0.000000e+00 1.768883e-05 0.000000e+00 1.630420e-05
1.798920 2.181922e-05 -7.702818e-06 0.000000e+00 1.758719e-05 0.000000e+00 1.623136e-05
1.805380 2.175688e-05 -7.679894e-06 0.000000e+00 1.748425e-05 0.000000e+00 1.615777e-05
1.811840 2.169301e-05 -7.656346e-06 0.000000e+00 1.737993e-05 0.000000e+00 1.608281e-05
1.818300 2.162635e-05 -7.631672e-06 0.000000e+00 1.727309e-05 0.000000e+00 1.600540e-05
1.824760 2.155960e-05 -7.606788e-06 0.000000e+00 1.716458e-05 0.000000e+00 1.592716e-05
1.831230 2.149251e-05 -7.581741e-06 0.000000e+00 1.705558e-05 0.000000e+00 1.584858e-05
1.837690 2.142591e-05 -7.557006e-06 0.000000e+00 1.694800e-05 0.000000e+00 1.577082e-05
1.844150 2.135350e-05 -7.529317e-06 0.000000e+00 1.683724e-05 0.000000e+00 1.569078e-05
1.850610 2.127950e-05 -7.500584e-06 0.000000e+00 1.672478e-05 0.000000e+00 1.560938e-05
1.857070 2.120526e-05 -7.471751e-06 0.000000e+00 1.661227e-05 0.000000e+00 1.552792e-05
1.863530 2.113150e-05 -7.443113e-06 0.000000e+00 1.649981e-05 0.000000e+00 1.544655e-05
1.869990 2.105160e-05 -7.411704e-06 0.000000e+00 1.638636e-05 0.000000e+00 1.536364e-05
1.876450 2.096623e-05 -7.377155e-06 0.000000e+00 1.627106e-05 0.000000e+00 1.527867e-05
1.882910 2.088049e-05 -7.342307e-06 0.000000e+00 1.615561e-05 0.000000e+00 1.519354e-05
1.889380 2.079479e-05 -7.307520e-06 0.000000e+00 1.603998e-05 0.000000e+00 1.510832e-05
1.895840 2.070324e-05 -7.269254e-06 0.000000e+00 1.592345e-05 0.000000e+00 1.502138e-05
1.902300 2.060757e-05 -7.228631e-06 0.000000e+00 1.580638e-05 0.000000e+00 1.493348e-05
1.908760 2.051270e-05 -7.188572e-06 0.000000e+00 1.568945e-05 0.000000e+00 1.484602e-05
1.915220 2.041700e-05 -7.147924e-06 0.000000e+00 1.557236e-05 0.000000e+00 1.475812e-05
1.921680 2.031785e-05 -7.105078e-06 0.000000e+00 1.545503e-05 0.000000e+00 1.466871e-05
1.928140 2.021400e-05 -7.059552e-06 0.000000e+00 1.533789e-05 0.000000e+00 1.457760e-05
1.934600 2.010997e-05 -7.013955e-06 0.000000e+00 1.522081e-05 0.000000e+00 1.448656e-05
1.941070 2.000534e-05 -6.968014e-06 0.000000e+00 1.510350e-05 0.000000e+00 1.439510e-05
1.947530 1.989972e-05 -6.921358e-06 0.000000e+00 1.498648e-05 0.000000e+00 1.430317e-05
1.953990 1.979146e-05 -6.872743e-06 0.000000e+00 1.487033e-05 0.000000e+00 1.421014e-05
1.960450 1.968212e-05 -6.823216e-06 0.000000e+00 1.475444e-05 0.000000e+00 1.411636e-05
1.966910 1.957255e-05 -6.773343e-06 0.000000e+00 1.463851e-05 0.000000e+00 1.402201e-05
1.973370 1.946307e-05 -6.723712e-06 0.000000e+00 1.452272e-05 0.000000e+00 1.392812e-05
1.979830 1.935142e-05 -6.672409e-06 0.000000e+00 1.440813e-05 0.000000e+00 1.383291e-05
1.986290 1.923777e-05 -6.619729e-06 0.000000e+00 1.429437e-05 0.000000e+00 1.373560e-05
1.992750 1.912372e-05 -6.566826e-06 0.000000e+00 1.418067e-05 0.000000e+00 1.363757e-05
1.999220 1.900989e-05 -6.514097e-06 0.000000e+00 1.406675e-05 0.000000e+00 1.354009e-05
2.005680 1.889392e-05 -6.460771e-06 0.000000e+00 1.395483e-05 0.000000e+00 1.344093e-05
2.012140 1.877571e-05 -6.406773e-06 0.000000e+00 1.384416e-05 0.000000e+00 1.333879e-05
2.018600 1.865770e-05 -6.352861e-06 0.000000e+00 1.373340e-05 0.000000e+00 1.323681e-05
2.025060 1.853969e-05 -6.298923e-06 0.000000e+00 1.362260e-05 0.000000e+00 1.313495e-05
2.031520 1.842145e-05 -6.245937e-06 0.000000e+00 1.351279e-05 0.000000e+00 1.302963e-05
2.037980 1.830301e-05 -6.193165e-06 0.000000e+00 1.340343e-05 0.000000e+00 1.292313e-05
2.044440 1.818452e-05 -6.140386e-06 0.000000e+00 1.329411e-05 0.000000e+00 1.281667e-05
2.050900 1.806617e-05 -6.087612e-06 0.000000e+00 1.318451e-05 0.000000e+00 1.270985e-05
2.057370 1.794467e-05 -6.034323e-06 0.000000e+00 1.307665e-05 0.000000e+00 1.260032e-05
2.063830 1.782429e-05 -5.981867e-06 0.000000e+00 1.296929e-05 0.000000e+00 1.249109e-05
2.070290 1.770365e-05 -5.929281e-06 0.000000e+00 1.286197e-05 0.000000e+00 1.238177e-05
2.076750 1.758159e-05 -5.875953e-06 0.000000e+00 1.275481e-05 0.000000e+00 1.227197e-05
2.083210 1.745432e-05 -5.820020e-06 0.000000e+00 1.264950e-05 0.000000e+00 1.216242e-05
2.089670 1.732651e-05 -5.763916e-06 0.000000e+00 1.254463e-05 0.000000e+00 1.205336e-05
2.096130 1.719890e-05 -5.707917e-06 0.000000e+00 1.243967e-05 0.000000e+00 1.194428e-05
2.102590 1.706895e-05 -5.650542e-06 0.000000e+00 1.233543e-05 0.000000e+00 1.183473e-05
2.109060 1.693546e-05 -5.591142e-06 0.000000e+00 1.223321e-05 0.000000e+00 1.172513e-05
2.115520 1.680075e-05 -5.530982e-06 0.000000e+00 1.213194e-05 0.000000e+00 1.161560e-05
2.121980 1.666584e-05 -5.470679e-06 0.000000e+00 1.203070e-05 0.000000e+00 1.150595e-05
2.128440 1.653041e-05 -5.410021e-06 0.000000e+00 1.192971e-05 0.000000e+00 1.139639e-05
2.134900 1.639069e-05 -5.346484e-06 0.000000e+00 1.183076e-05 0.000000e+00 1.128759e-05
2.141360 1.624946e-05 -5.282086e-06 0.000000e+00 1.173216e-05 0.000000e+00 1.117893e-05
2.147820 1.610845e-05 -5.217793e-06 0.000000e+00 1.163351e-05 0.000000e+00 1.107021e-05
2.154280 1.596662e-05 -5.153456e-06 0.000000e+00 1.153532e-05 0.000000e+00 1.096257e-05
2.160740 1.582034e-05 -5.087639e-06 0.000000e+00 1.143876e-05 0.000000e+00 1.085801e-05
2.167210 1.567271e-05 -5.021013e-06 0.000000e+00 1.134200e-05 0.000000e+00 1.075397e-05
2.173670 1.552592e-05 -4.954946e-06 0.000000e+00 1.124539e-05 0.000000e+00 1.064946e-05
2.180130 1.537864e-05 -4.887805e-06 0.000000e+00 1.114902e-05 0.000000e+00 1.054791e-05
2.186590 1.523074e-05 -4.819184e-06 0.000000e+00 1.105251e-05 0.000000e+00 1.044921e-05
2.193050 1.508283e-05 -4.750521e-06 0.000000e+00 1.095597e-05 0.000000e+00 1.035055e-05
2.199510 1.493513e-05 -4.681914e-06 0.000000e+00 1.085952e-05 0.000000e+00 1.025202e-05
2.205970 1.479092e-05 -4.613197e-06 0.000000e+00 1.076321e-05 0.000000e+00 1.015663e-05
2.212430 1.464831e-05 -4.544113e-06 0.000000e+00 1.066657e-05 0.000000e+00 1.006276e-05
2.218890 1.450541e-05 -4.474856e-06 0.000000e+00 1.056969e-05 0.000000e+00 9.968600e-06
2.225360 1.436369e-05 -4.405276e-06 0.000000e+00 1.047227e-05 0.000000e+00 9.875959e-06
2.231820 1.422774e-05 -4.334794e-06 0.000000e+00 1.037360e-05 0.000000e+00 9.789917e-06
2.238280 1.409135e-05 -4.264358e-06 0.000000e+00 1.027508e-05 0.000000e+00 9.703294e-06
2.244740 1.395513e-05 -4.193859e-06 0.000000e+00 1.017645e-05 0.000000e+00 9.616904e-06
2.251200 1.382218e-05 -4.124058e-06 0.000000e+00 1.007816e-05 0.000000e+00 9.534621e-06
2.257660 1.369112e-05 -4.055101e-06 0.000000e+00 9.980385e-06 0.000000e+00 9.454167e-06
2.264120 1.355987e-05 -3.986095e-06 0.000000e+00 9.882535e-06 0.000000e+00 9.373393e-06
2.270580 1.342907e-05 -3.917041e-06 0.000000e+00 9.784860e-06 0.000000e+00 9.293692e-06
2.277050 1.330014e-05 -3.846116e-06 0.000000e+00 9.687611e-06 0.000000e+00 9.219557e-06
2.283510 1.317185e-05 -3.775038e-06 0.000000e+00 9.590275e-06 0.000000e+00 9.145798e-06
2.289970 1.304350e-05 -3.703824e-06 0.000000e+00 9.492962e-06 0.000000e+00 9.072209e-06
2.296430 1.291511e-05 -3.633627e-06 0.000000e+00 9.397109e-06 0.000000e+00 9.000356e-06
2.302890 1.278685e-05 -3.565220e-06 0.000000e+00 9.303271e-06 0.000000e+00 8.930539e-06
2.309350 1.265852e-05 -3.496742e-06 0.000000e+00 9.209312e-06 0.000000e+00 8.860551e-06
2.315810 1.253043e-05 -3.428256e-06 0.000000e+00 9.115522e-06 0.000000e+00 8.790967e-06
2.322270 1.240486e-05 -3.358123e-06 0.000000e+00 9.021918e-06 0.000000e+00 8.724424e-06
2.328730 1.228056e-05 -3.287287e-06 0.000000e+00 8.928447e-06 0.000000e+00 8.659306e-06
2.335200 1.215596e-05 -3.216373e-06 0.000000e+00 8.834808e-06 0.000000e+00 8.593967e-06
2.341660 1.203245e-05 -3.146290e-06 0.000000e+00 8.741785e-06 0.000000e+00 8.528867e-06
2.348120 1.191120e-05 -3.078005e-06 0.000000e+00 8.649938e-06 0.000000e+00 8.464082e-06
2.354580 1.179065e-05 -3.009782e-06 0.000000e+00 8.558182e-06 0.000000e+00 8.399361e-06
2.361040 1.166988e-05 -2.941483e-06 0.000000e+00 8.466440e-06 0.000000e+00 8.334728e-06
2.367500 1.155385e-05 -2.872369e-06 0.000000e+00 8.375996e-06 0.000000e+00 8.272341e-06
2.373960 1.144063e-05 -2.803004e-06 0.000000e+00 8.286048e-06 0.000000e+00 8.211032e-06
2.380420 1.132705e-05 -2.733657e-06 0.000000e+00 8.196042e-06 0.000000e+00 8.149576e-06
2.386880 1.121432e-05 -2.664508e-06 0.000000e+00 8.106894e-06 0.000000e+00 8.089721e-06
2.393350 1.110440e-05 -2.595514e-06 0.000000e+00 8.019167e-06 0.000000e+00 8.033145e-06
2.399810 1.099482e-05 -2.526519e-06 0.000000e+00 7.931592e-06 0.000000e+00 7.976924e-06
2.406270 1.088484e-05 -2.457553e-06 0.000000e+00 7.843956e-06 0.000000e+00 7.920351e-06
2.412730 1.077791e-05 -2.387547e-06 0.000000e+00 7.758718e-06 0.000000e+00 7.869808e-06
2.419190 1.067102e-05 -2.317379e-06 0.000000e+00 7.673874e-06 0.000000e+00 7.819734e-06
2.425650 1.056389e-05 -2.247318e-06 0.000000e+00 7.588563e-06 0.000000e+00 7.769082e-06
2.432110 1.045952e-05 -2.177025e-06 0.000000e+00 7.506337e-06 0.000000e+00 7.722522e-06
2.438570 1.035618e-05 -2.106480e-06 0.000000e+00 7.425540e-06 0.000000e+00 7.677743e-06
2.445040 1.025239e-05 -2.035868e-06 0.000000e+00 7.344451e-06 0.000000e+00 7.632637e-06
2.451500 1.015114e-05 -1.964976e-06 0.000000e+00 7.264487e-06 0.000000e+00 7.589291e-06
2.457960 1.005482e-05 -1.893261e-06 0.000000e+00 7.186859e-06 0.000000e+00 7.549621e-06
2.464420 9.958181e-06 -1.821732e-06 0.000000e+00 7.109126e-06 0.000000e+00 7.509660e-06
2.470880 9.861861e-06 -1.750153e-06 0.000000e+00 7.031541e-06 0.000000e+00 7.469936e-06
2.477340 9.774233e-06 -1.677923e-06 0.000000e+00 6.956489e-06 0.000000e+00 7.435616e-06
2.483800 9.685967e-06 -1.605759e-06 0.000000e+00 6.881234e-06 0.000000e+00 7.400887e-06
2.490260 9.597716e-06 -1.533557e-06 0.000000e+00 6.806040e-06 0.000000e+00 7.366268e-06
2.496720 9.517321e-06 -1.460896e-06 0.000000e+00 6.732647e-06 0.000000e+00 7.335164e-06
2.503190 9.438192e-06 -1.388025e-06 0.000000e+00 6.659400e-06 0.000000e+00 7.304729e-06
2.509650 9.359153e-06 -1.315261e-06 0.000000e+00 6.586279e-06 0.000000e+00 7.274323e-06
2.516110 9.285337e-06 -1.242814e-06 0.000000e+00 6.514379e-06 0.000000e+00 7.245078e-06
2.522570 9.216053e-06 -1.170735e-06 0.000000e+00 6.443410e-06 0.000000e+00 7.216866e-06
2.529030 9.145899e-06 -1.098584e-06 0.000000e+00 6.372248e-06 0.000000e+00 7.188480e-06
2.535490 9.079822e-06 -1.026856e-06 0.000000e+00 6.301967e-06 0.000000e+00 7.160925e-06
2.541950 9.019734e-06 -9.559131e-07 0.000000e+00 6.232829e-06 0.000000e+00 7.134763e-06
2.548410 8.958508e-06 -8.848861e-07 0.000000e+00 6.163473e-06 0.000000e+00 7.108215e-06
2.554870 8.901426e-06 -8.142149e-07 0.000000e+00 6.094869e-06 0.000000e+00 7.083439e-06
2.561340 8.849708e-06 -7.441314e-07 0.000000e+00 6.027104e-06 0.000000e+00 7.061151e-06
2.567800 8.797798e-06 -6.742466e-07 0.000000e+00 5.959424e-06 0.000000e+00 7.038658e-06
2.574260 8.749188e-06 -6.045378e-07 0.000000e+00 5.892178e-06 0.000000e+00 7.018154e-06
2.580720 8.708122e-06 -5.358358e-07 0.000000e+00 5.825899e-06 0.000000e+00 7.002132e-06
2.587180 8.666650e-06 -4.670849e-07 0.000000e+00 5.759574e-06 0.000000e+00 6.985887e-06
2.593640 8.628650e-06 -3.987274e-07 0.000000e+00 5.693621e-06 0.000000e+00 6.971387e-06
2.600100 8.598339e-06 -3.314452e-07 0.000000e+00 5.628498e-06 0.000000e+00 6.960542e-06
2.606560 8.567364e-06 -2.640649e-07 0.000000e+00 5.563284e-06 0.000000e+00 6.949446e-06
2.613030 8.541128e-06 -1.973740e-07 0.000000e+00 5.498610e-06 0.000000e+00 6.940044e-06
2.619490 8.521244e-06 -1.319047e-07 0.000000e+00 5.434894e-06 0.000000e+00 6.932786e-06
2.625950 8.500862e-06 -6.633977e-08 0.000000e+00 5.371112e-06 0.000000e+00 6.925387e-06
2.632410 8.486195e-06 -1.912549e-09 0.000000e+00 5.308097e-06 0.000000e+00 6.919273e-06
2.638870 8.475428e-06 6.177959e-08 0.000000e+00 5.245631e-06 0.000000e+00 6.914027e-06
2.645330 8.465735e-06 1.251749e-07 0.000000e+00 5.183292e-06 0.000000e+00 6.908954e-06
2.651790 8.462683e-06 1.868862e-07 0.000000e+00 5.121775e-06 0.000000e+00 6.905018e-06
2.658250 8.461948e-06 2.481298e-07 0.000000e+00 5.060606e-06 0.000000e+00 6.901478e-06
2.664710 8.464010e-06 3.086026e-07 0.000000e+00 4.999578e-06 0.000000e+00 6.898705e-06
2.671180 8.472128e-06 3.678708e-07 0.000000e+00 4.939057e-06 0.000000e+00 6.897463e-06
2.677640 8.480857e-06 4.268036e-07 0.000000e+00 4.878598e-06 0.000000e+00 6.896535e-06
2.684100 8.495001e-06 4.842434e-07 0.000000e+00 4.818409e-06 0.000000e+00 6.897765e-06
2.690560 8.510376e-06 5.414104e-07 0.000000e+00 4.758351e-06 0.000000e+00 6.899498e-06
2.697020 8.530650e-06 5.974229e-07 0.000000e+00 4.697940e-06 0.000000e+00 6.903151e-06
2.703480 8.553301e-06 6.531232e-07 0.000000e+00 4.637683e-06 0.000000e+00 6.907880e-06
2.709940 8.580621e-06 7.076475e-07 0.000000e+00 4.576802e-06 0.000000e+00 6.914004e-06
2.716400 8.613359e-06 7.612237e-07 0.000000e+00 4.515668e-06 0.000000e+00 6.921947e-06
2.722860 8.649218e-06 8.140709e-07 0.000000e+00 4.453865e-06 0.000000e+00 6.930556e-06
2.729330 8.691777e-06 8.660892e-07 0.000000e+00 4.391431e-06 0.000000e+00 6.941034e-06
2.735790 8.737564e-06 9.169121e-07 0.000000e+00 4.328367e-06 0.000000e+00 6.952382e-06
2.742250 8.788998e-06 9.662537e-07 0.000000e+00 4.264563e-06 0.000000e+00 6.965463e-06
2.748710 8.845850e-06 1.014328e-06 0.000000e+00 4.199474e-06 0.000000e+00 6.979483e-06
2.755170 8.906155e-06 1.061618e-06 0.000000e+00 4.133768e-06 0.000000e+00 6.994225e-06
2.761630 8.972624e-06 1.106786e-06 0.000000e+00 4.066308e-06 0.000000e+00 7.009755e-06
2.768090 9.043375e-06 1.150809e-06 0.000000e+00 3.997742e-06 0.000000e+00 7.025631e-06
2.774550 9.119210e-06 1.193670e-06 0.000000e+00 3.927723e-06 0.000000e+00 7.041674e-06
2.781020 9.201944e-06 1.234543e-06 0.000000e+00 3.855299e-06 0.000000e+00 7.058012e-06
2.787480 9.288352e-06 1.274281e-06 0.000000e+00 3.781658e-06 0.000000e+00 7.074390e-06
2.793940 9.382107e-06 1.312174e-06 0.000000e+00 3.705497e-06 0.000000e+00 7.090546e-06
2.800400 9.479911e-06 1.348925e-06 0.000000e+00 3.627508e-06 0.000000e+00 7.106219e-06
2.806860 9.585481e-06 1.384007e-06 0.000000e+00 3.547061e-06 0.000000e+00 7.121794e-06
2.813320 9.698837e-06 1.417618e-06 0.000000e+00 3.463984e-06 0.000000e+00 7.136889e-06
2.819780 9.818316e-06 1.450099e-06 0.000000e+00 3.378558e-06 0.000000e+00 7.151106e-06
2.826240 9.947797e-06 1.480962e-06 0.000000e+00 3.289496e-06 0.000000e+00 7.164042e-06
2.832700 1.008632e-05 1.510526e-06 0.000000e+00 3.197183e-06 0.000000e+00 7.176026e-06
2.839170 1.023416e-05 1.539068e-06 0.000000e+00 3.101621e-06 0.000000e+00 7.187063e-06
2.845630 1.039365e-05 1.566327e-06 0.000000e+00 3.002382e-06 0.000000e+00 7.196708e-06
2.852090 1.056758e-05 1.592359e-06 0.000000e+00 2.898955e-06 0.000000e+00 7.204185e-06
2.858550 1.075569e-05 1.617243e-06 0.000000e+00 2.791936e-06 0.000000e+00 7.209124e-06
2.865010 1.096072e-05 1.641014e-06 0.000000e+00 2.681007e-06 0.000000e+00 7.210882e-06
2.871470 1.118498e-05 1.663565e-06 0.000000e+00 2.566250e-06 0.000000e+00 7.208829e-06
2.877930 1.143182e-05 1.684883e-06 0.000000e+00 2.447571e-06 0.000000e+00 7.202309e-06
2.884390 1.170465e-05 1.704919e-06 0.000000e+00 2.324929e-06 0.000000e+00 7.190579e-06
2.890850 1.200737e-05 1.723622e-06 0.000000e+00 2.198457e-06 0.000000e+00 7.172598e-06
2.897320 1.234397e-05 1.740726e-06 0.000000e+00 2.068261e-06 0.000000e+00 7.146871e-06
2.903780 1.271783e-05 1.755897e-06 0.000000e+00 1.934767e-06 0.000000e+00 7.111634e-06
2.910240 1.313308e-05 1.768703e-06 0.000000e+00 1.798180e-06 0.000000e+00 7.064715e-06
2.916700 1.359206e-05 1.778434e-06 0.000000e+00 1.659073e-06 0.000000e+00 7.003895e-06
2.923160 1.409557e-05 1.784261e-06 0.000000e+00 1.518139e-06 0.000000e+00 6.926886e-06
2.929620 1.464312e-05 1.784835e-06 0.000000e+00 1.375956e-06 0.000000e+00 6.830092e-06
2.936080 1.523499e-05 1.777873e-06 0.000000e+00 1.233739e-06 0.000000e+00 6.709021e-06
2.942540 1.585888e-05 1.761567e-06 0.000000e+00 1.092679e-06 0.000000e+00 6.560714e-06
2.949010 1.649312e-05 1.733532e-06 0.000000e+00 9.532563e-07 0.000000e+00 6.376782e-06
2.955470 1.711041e-05 1.688267e-06 0.000000e+00 8.178634e-07 0.000000e+00 6.149645e-06
2.961930 1.766804e-05 1.622565e-06 0.000000e+00 6.878668e-07 0.000000e+00 5.875759e-06
2.968390 1.809569e-05 1.531360e-06 0.000000e+00 5.646522e-07 0.000000e+00 5.549666e-06
2.974850 1.827796e-05 1.408179e-06 0.000000e+00 4.504820e-07 0.000000e+00 5.163450e-06
2.981310 1.809945e-05 1.252353e-06 0.000000e+00 3.461591e-07 0.000000e+00 4.719587e-06
2.987770 1.734139e-05 1.059990e-06 0.000000e+00 2.543738e-07 0.000000e+00 4.211016e-06
2.994230 1.587354e-05 8.405052e-07 0.000000e+00 1.755495e-07 0.000000e+00 3.646583e-06
3.000690 1.355186e-05 6.064217e-07 0.000000e+00 1.114836e-07 0.000000e+00 3.027453e-06
3.007160 1.048145e-05 3.814031e-07 0.000000e+00 6.214737e-08 0.000000e+00 2.365851e-06
3.013620 6.981139e-06 1.947525e-07 0.000000e+00 2.834930e-08 0.000000e+00 1.679140e-06
3.020080 3.679879e-06 7.120731e-08 0.000000e+00 9.159609e-09 0.000000e+00 1.001027e-06
3.026540 1.239543e-06 1.313759e-08 0.000000e+00 1.341735e-09 0.000000e+00 4.023864e-07
3.033000 7.096990e-08 8.062419e-11 0.000000e+00 1.221875e-11 0.000000e+00 3.171775e-08
