0.005270 8.721034e-07 -4.522072e-09 0.000000e+00 1.984388e-09 0.000000e+00 1.078760e-06
0.017296 6.060634e-06 -1.361193e-07 0.000000e+00 1.265558e-07 0.000000e+00 6.827958e-06
0.032716 1.244672e-05 -4.930562e-07 0.000000e+00 7.626349e-07 0.000000e+00 1.328206e-05
0.052485 1.728256e-05 -9.970316e-07 0.000000e+00 2.208436e-06 0.000000e+00 1.804586e-05
0.077831 2.028795e-05 -1.646777e-06 0.000000e+00 4.471186e-06 0.000000e+00 2.102795e-05
0.110324 2.206994e-05 -2.513009e-06 0.000000e+00 7.346226e-06 0.000000e+00 2.268659e-05
0.151978 2.332229e-05 -3.658860e-06 0.000000e+00 1.055272e-05 0.000000e+00 2.346660e-05
0.205372 2.470417e-05 -5.149303e-06 0.000000e+00 1.387265e-05 0.000000e+00 2.383114e-05
0.273808 2.685059e-05 -7.090148e-06 0.000000e+00 1.713488e-05 0.000000e+00 2.446343e-05
0.361512 3.027645e-05 -9.591473e-06 0.000000e+00 2.019778e-05 0.000000e+00 2.574521e-05
0.473888 3.493999e-05 -1.256087e-05 0.000000e+00 2.313485e-05 0.000000e+00 2.774772e-05
0.617846 4.075753e-05 -1.552641e-05 0.000000e+00 2.518357e-05 0.000000e+00 2.948760e-05
0.802204 4.666214e-05 -1.743939e-05 0.000000e+00 2.552802e-05 0.000000e+00 3.120796e-05
1.038200 4.832229e-05 -1.694958e-05 0.000000e+00 2.357782e-05 0.000000e+00 2.934808e-05
1.340100 4.074532e-05 -1.284675e-05 0.000000e+00 1.881692e-05 0.000000e+00 2.281761e-05
1.681010 2.660541e-05 -7.724648e-06 0.000000e+00 1.293490e-05 0.000000e+00 1.466449e-05
1.986500 1.810215e-05 -4.629997e-06 0.000000e+00 9.010102e-06 0.000000e+00 9.630513e-06
2.225190 1.369845e-05 -2.713122e-06 0.000000e+00 6.801581e-06 0.000000e+00 7.439978e-06
2.411600 1.107267e-05 -1.354269e-06 0.000000e+00 5.431704e-06 0.000000e+00 6.660756e-06
2.557120 1.016175e-05 -2.201175e-07 0.000000e+00 4.500660e-06 0.000000e+00 6.584260e-06
2.670710 1.133863e-05 7.941929e-07 0.000000e+00 3.837846e-06 0.000000e+00 6.933413e-06
2.759340 1.444713e-05 1.754527e-06 0.000000e+00 3.393743e-06 0.000000e+00 7.441682e-06
2.810820 1.764148e-05 2.314546e-06 0.000000e+00 3.122621e-06 0.000000e+00 7.649443e-06
2.841140 1.999283e-05 2.598664e-06 0.000000e+00 2.911879e-06 0.000000e+00 7.628256e-06
2.882490 2.338277e-05 2.831528e-06 0.000000e+00 2.491381e-06 0.000000e+00 7.342665e-06
2.924590 2.605594e-05 2.721406e-06 0.000000e+00 1.809405e-06 0.000000e+00 6.687724e-06
2.957420 2.575431e-05 2.179914e-06 0.000000e+00 1.094307e-06 0.000000e+00 5.839277e-06
2.983020 2.123760e-05 1.356908e-06 0.000000e+00 5.156429e-07 0.000000e+00 4.705569e-06
3.002980 1.274014e-05 5.565043e-07 0.000000e+00 1.653916e-07 0.000000e+00 3.202376e-06
3.018540 4.345202e-06 1.042057e-07 0.000000e+00 2.472294e-08 0.000000e+00 1.487835e-06
3.030680 3.411697e-07 1.238099e-09 0.000000e+00 8.021154e-11 0.000000e+00 1.861516e-07
