1.009000 4.429158e-06 -4.302014e-08 0.000000e+00 1.293226e-08 0.000000e+00 2.505736e-06
1.014080 1.032664e-05 -1.495040e-07 0.000000e+00 5.387543e-08 0.000000e+00 4.864167e-06
1.019150 1.809211e-05 -3.217089e-07 0.000000e+00 1.318131e-07 0.000000e+00 7.308092e-06
1.024230 2.681241e-05 -5.364214e-07 0.000000e+00 2.481020e-07 0.000000e+00 9.745610e-06
1.029300 3.533885e-05 -7.610866e-07 0.000000e+00 4.005915e-07 0.000000e+00 1.218599e-05
1.034380 4.251323e-05 -9.697592e-07 0.000000e+00 5.942613e-07 0.000000e+00 1.470022e-05
1.039450 4.777010e-05 -1.150286e-06 0.000000e+00 8.274844e-07 0.000000e+00 1.729163e-05
1.044530 5.068199e-05 -1.291391e-06 0.000000e+00 1.109171e-06 0.000000e+00 1.999639e-05
1.049600 5.163119e-05 -1.394504e-06 0.000000e+00 1.437444e-06 0.000000e+00 2.275086e-05
1.054680 5.080374e-05 -1.455585e-06 0.000000e+00 1.820372e-06 0.000000e+00 2.553413e-05
1.059750 4.888444e-05 -1.477918e-06 0.000000e+00 2.252340e-06 0.000000e+00 2.826504e-05
1.064830 4.623745e-05 -1.462848e-06 0.000000e+00 2.738421e-06 0.000000e+00 3.089388e-05
1.069900 4.333063e-05 -1.419442e-06 0.000000e+00 3.269092e-06 0.000000e+00 3.336764e-05
1.074980 4.039748e-05 -1.353125e-06 0.000000e+00 3.841921e-06 0.000000e+00 3.566734e-05
1.080050 3.765673e-05 -1.274381e-06 0.000000e+00 4.452546e-06 0.000000e+00 3.771922e-05
1.085130 3.517828e-05 -1.196477e-06 0.000000e+00 5.095276e-06 0.000000e+00 3.954520e-05
1.090200 3.301833e-05 -1.128073e-06 0.000000e+00 5.762645e-06 0.000000e+00 4.112682e-05
1.095280 3.113533e-05 -1.073055e-06 0.000000e+00 6.448919e-06 0.000000e+00 4.247795e-05
1.100350 2.953090e-05 -1.038784e-06 0.000000e+00 7.146555e-06 0.000000e+00 4.359438e-05
1.105430 2.817172e-05 -1.029962e-06 0.000000e+00 7.855340e-06 0.000000e+00 4.449195e-05
1.110500 2.703274e-05 -1.048905e-06 0.000000e+00 8.565902e-06 0.000000e+00 4.517928e-05
1.115580 2.607365e-05 -1.096167e-06 0.000000e+00 9.277760e-06 0.000000e+00 4.567838e-05
1.120650 2.526103e-05 -1.169476e-06 0.000000e+00 9.983979e-06 0.000000e+00 4.600742e-05
1.125730 2.456687e-05 -1.267332e-06 0.000000e+00 1.068447e-05 0.000000e+00 4.618646e-05
1.130800 2.398069e-05 -1.388108e-06 0.000000e+00 1.137400e-05 0.000000e+00 4.623134e-05
1.135880 2.349399e-05 -1.531379e-06 0.000000e+00 1.205364e-05 0.000000e+00 4.615825e-05
1.140950 2.308594e-05 -1.693489e-06 0.000000e+00 1.271957e-05 0.000000e+00 4.597608e-05
1.146030 2.274396e-05 -1.871926e-06 0.000000e+00 1.336911e-05 0.000000e+00 4.569365e-05
1.151110 2.243665e-05 -2.059807e-06 0.000000e+00 1.400365e-05 0.000000e+00 4.534180e-05
1.156180 2.218198e-05 -2.257993e-06 0.000000e+00 1.462350e-05 0.000000e+00 4.493209e-05
1.161260 2.198227e-05 -2.466176e-06 0.000000e+00 1.522335e-05 0.000000e+00 4.445780e-05
1.166330 2.180247e-05 -2.678401e-06 0.000000e+00 1.580447e-05 0.000000e+00 4.394005e-05
1.171410 2.165407e-05 -2.895033e-06 0.000000e+00 1.637188e-05 0.000000e+00 4.339161e-05
1.176480 2.154397e-05 -3.114224e-06 0.000000e+00 1.691751e-05 0.000000e+00 4.281341e-05
1.181560 2.144857e-05 -3.335036e-06 0.000000e+00 1.744642e-05 0.000000e+00 4.221211e-05
1.186630 2.138216e-05 -3.555258e-06 0.000000e+00 1.795766e-05 0.000000e+00 4.159960e-05
1.191710 2.133594e-05 -3.774882e-06 0.000000e+00 1.844797e-05 0.000000e+00 4.097243e-05
1.196780 2.130378e-05 -3.992919e-06 0.000000e+00 1.892450e-05 0.000000e+00 4.034144e-05
1.201860 2.129775e-05 -4.207995e-06 0.000000e+00 1.937769e-05 0.000000e+00 3.970450e-05
1.206930 2.129650e-05 -4.421053e-06 0.000000e+00 1.981663e-05 0.000000e+00 3.906783e-05
1.212010 2.131700e-05 -4.629581e-06 0.000000e+00 2.023561e-05 0.000000e+00 3.843563e-05
1.217080 2.134389e-05 -4.835964e-06 0.000000e+00 2.064231e-05 0.000000e+00 3.780775e-05
1.222160 2.138641e-05 -5.036177e-06 0.000000e+00 2.102508e-05 0.000000e+00 3.719164e-05
1.227230 2.143258e-05 -5.234336e-06 0.000000e+00 2.139815e-05 0.000000e+00 3.658092e-05
1.232310 2.149125e-05 -5.425663e-06 0.000000e+00 2.174704e-05 0.000000e+00 3.598700e-05
1.237380 2.155202e-05 -5.614947e-06 0.000000e+00 2.208678e-05 0.000000e+00 3.540160e-05
1.242460 2.162143e-05 -5.798015e-06 0.000000e+00 2.240612e-05 0.000000e+00 3.483458e-05
1.247530 2.169375e-05 -5.977329e-06 0.000000e+00 2.270979e-05 0.000000e+00 3.428410e-05
1.252610 2.177047e-05 -6.151482e-06 0.000000e+00 2.299902e-05 0.000000e+00 3.374870e-05
1.257680 2.184897e-05 -6.322751e-06 0.000000e+00 2.327103e-05 0.000000e+00 3.323163e-05
1.262760 2.192857e-05 -6.487851e-06 0.000000e+00 2.352934e-05 0.000000e+00 3.272991e-05
1.267830 2.200936e-05 -6.651510e-06 0.000000e+00 2.377486e-05 0.000000e+00 3.224287e-05
1.272910 2.208934e-05 -6.808431e-06 0.000000e+00 2.400331e-05 0.000000e+00 3.177500e-05
1.277980 2.217086e-05 -6.963077e-06 0.000000e+00 2.422054e-05 0.000000e+00 3.132148e-05
1.283060 2.225098e-05 -7.110934e-06 0.000000e+00 2.441876e-05 0.000000e+00 3.088861e-05
1.288140 2.233274e-05 -7.258743e-06 0.000000e+00 2.461421e-05 0.000000e+00 3.046061e-05
1.293210 2.241321e-05 -7.397413e-06 0.000000e+00 2.478362e-05 0.000000e+00 3.006435e-05
1.298290 2.249331e-05 -7.535397e-06 0.000000e+00 2.495115e-05 0.000000e+00 2.966976e-05
1.303360 2.257508e-05 -7.667871e-06 0.000000e+00 2.510093e-05 0.000000e+00 2.930057e-05
1.308440 2.265427e-05 -7.796353e-06 0.000000e+00 2.524085e-05 0.000000e+00 2.894117e-05
1.313510 2.273552e-05 -7.921913e-06 0.000000e+00 2.537119e-05 0.000000e+00 2.859762e-05
1.318590 2.281527e-05 -8.040883e-06 0.000000e+00 2.548385e-05 0.000000e+00 2.827466e-05
1.323660 2.289516e-05 -8.159549e-06 0.000000e+00 2.559577e-05 0.000000e+00 2.795361e-05
1.328740 2.297493e-05 -8.271134e-06 0.000000e+00 2.568813e-05 0.000000e+00 2.765942e-05
1.333810 2.305360e-05 -8.379639e-06 0.000000e+00 2.577452e-05 0.000000e+00 2.737084e-05
1.338890 2.313210e-05 -8.486201e-06 0.000000e+00 2.585395e-05 0.000000e+00 2.709313e-05
1.343960 2.320889e-05 -8.585290e-06 0.000000e+00 2.591614e-05 0.000000e+00 2.683548e-05
1.349040 2.328591e-05 -8.684388e-06 0.000000e+00 2.597841e-05 0.000000e+00 2.657689e-05
1.354110 2.336012e-05 -8.778732e-06 0.000000e+00 2.602634e-05 0.000000e+00 2.633744e-05
1.359190 2.343358e-05 -8.868650e-06 0.000000e+00 2.606426e-05 0.000000e+00 2.610455e-05
1.364260 2.350593e-05 -8.958330e-06 0.000000e+00 2.610049e-05 0.000000e+00 2.587635e-05
1.369340 2.357475e-05 -9.043330e-06 0.000000e+00 2.612191e-05 0.000000e+00 2.566361e-05
1.374410 2.364296e-05 -9.125696e-06 0.000000e+00 2.613738e-05 0.000000e+00 2.545340e-05
1.379490 2.370894e-05 -9.207497e-06 0.000000e+00 2.614983e-05 0.000000e+00 2.525076e-05
1.384560 2.377024e-05 -9.283505e-06 0.000000e+00 2.614692e-05 0.000000e+00 2.506014e-05
1.389640 2.383144e-05 -9.359319e-06 0.000000e+00 2.614314e-05 0.000000e+00 2.486970e-05
1.394710 2.389004e-05 -9.432314e-06 0.000000e+00 2.613292e-05 0.000000e+00 2.468886e-05
1.399790 2.394463e-05 -9.500497e-06 0.000000e+00 2.610998e-05 0.000000e+00 2.451709e-05
1.404860 2.400009e-05 -9.569646e-06 0.000000e+00 2.609000e-05 0.000000e+00 2.434424e-05
1.409940 2.405233e-05 -9.633039e-06 0.000000e+00 2.605752e-05 0.000000e+00 2.418439e-05
1.415020 2.410276e-05 -9.694390e-06 0.000000e+00 2.602024e-05 0.000000e+00 2.402766e-05
1.420090 2.415364e-05 -9.755613e-06 0.000000e+00 2.598347e-05 0.000000e+00 2.387237e-05
1.425170 2.420048e-05 -9.810763e-06 0.000000e+00 2.593445e-05 0.000000e+00 2.372987e-05
1.430240 2.424677e-05 -9.866016e-06 0.000000e+00 2.588561e-05 0.000000e+00 2.358631e-05
1.435320 2.429185e-05 -9.918560e-06 0.000000e+00 2.583242e-05 0.000000e+00 2.345002e-05
1.440390 2.433312e-05 -9.966697e-06 0.000000e+00 2.577233e-05 0.000000e+00 2.332276e-05
1.445470 2.437426e-05 -1.001486e-05 0.000000e+00 2.571198e-05 0.000000e+00 2.319509e-05
1.450540 2.441381e-05 -1.005944e-05 0.000000e+00 2.564590e-05 0.000000e+00 2.307858e-05
1.455620 2.445110e-05 -1.010151e-05 0.000000e+00 2.557526e-05 0.000000e+00 2.296631e-05
1.460690 2.448846e-05 -1.014276e-05 0.000000e+00 2.550395e-05 0.000000e+00 2.285708e-05
1.465770 2.452433e-05 -1.018006e-05 0.000000e+00 2.542663e-05 0.000000e+00 2.275609e-05
1.470840 2.455945e-05 -1.021627e-05 0.000000e+00 2.534775e-05 0.000000e+00 2.265585e-05
1.475920 2.459365e-05 -1.025052e-05 0.000000e+00 2.526592e-05 0.000000e+00 2.256279e-05
1.480990 2.462631e-05 -1.028215e-05 0.000000e+00 2.517943e-05 0.000000e+00 2.247406e-05
1.486070 2.465864e-05 -1.031336e-05 0.000000e+00 2.509257e-05 0.000000e+00 2.238702e-05
1.491140 2.468834e-05 -1.034110e-05 0.000000e+00 2.500216e-05 0.000000e+00 2.230933e-05
1.496220 2.471829e-05 -1.036859e-05 0.000000e+00 2.491072e-05 0.000000e+00 2.223163e-05
1.501290 2.474378e-05 -1.039311e-05 0.000000e+00 2.481635e-05 0.000000e+00 2.216020e-05
1.506370 2.476701e-05 -1.041590e-05 0.000000e+00 2.471893e-05 0.000000e+00 2.209163e-05
1.511440 2.478910e-05 -1.043814e-05 0.000000e+00 2.462195e-05 0.000000e+00 2.202439e-05
1.516520 2.480686e-05 -1.045782e-05 0.000000e+00 2.452124e-05 0.000000e+00 2.196090e-05
1.521590 2.482404e-05 -1.047696e-05 0.000000e+00 2.442032e-05 0.000000e+00 2.189807e-05
1.526670 2.483827e-05 -1.049350e-05 0.000000e+00 2.431519e-05 0.000000e+00 2.183787e-05
1.531740 2.485168e-05 -1.050942e-05 0.000000e+00 2.420917e-05 0.000000e+00 2.177829e-05
1.536820 2.486491e-05 -1.052398e-05 0.000000e+00 2.410136e-05 0.000000e+00 2.172019e-05
1.541890 2.487829e-05 -1.053816e-05 0.000000e+00 2.399298e-05 0.000000e+00 2.166230e-05
1.546970 2.488925e-05 -1.054945e-05 0.000000e+00 2.388012e-05 0.000000e+00 2.160152e-05
1.552050 2.490048e-05 -1.055948e-05 0.000000e+00 2.376526e-05 0.000000e+00 2.154025e-05
1.557120 2.491401e-05 -1.056771e-05 0.000000e+00 2.365138e-05 0.000000e+00 2.148277e-05
1.562200 2.492932e-05 -1.057535e-05 0.000000e+00 2.353757e-05 0.000000e+00 2.142726e-05
1.567270 2.494245e-05 -1.058009e-05 0.000000e+00 2.342185e-05 0.000000e+00 2.136986e-05
1.572350 2.495534e-05 -1.058415e-05 0.000000e+00 2.330533e-05 0.000000e+00 2.131202e-05
1.577420 2.496521e-05 -1.058573e-05 0.000000e+00 2.318787e-05 0.000000e+00 2.125323e-05
1.582500 2.497341e-05 -1.058554e-05 0.000000e+00 2.306908e-05 0.000000e+00 2.119357e-05
1.587570 2.498020e-05 -1.058419e-05 0.000000e+00 2.295012e-05 0.000000e+00 2.113315e-05
1.592650 2.498472e-05 -1.058061e-05 0.000000e+00 2.282991e-05 0.000000e+00 2.107094e-05
1.597720 2.498946e-05 -1.057729e-05 0.000000e+00 2.271005e-05 0.000000e+00 2.100911e-05
1.602800 2.498939e-05 -1.056936e-05 0.000000e+00 2.258809e-05 0.000000e+00 2.094428e-05
1.607870 2.498916e-05 -1.056128e-05 0.000000e+00 2.246628e-05 0.000000e+00 2.087951e-05
1.612950 2.498771e-05 -1.055207e-05 0.000000e+00 2.234398e-05 0.000000e+00 2.081319e-05
1.618020 2.498378e-05 -1.054025e-05 0.000000e+00 2.222112e-05 0.000000e+00 2.074364e-05
1.623100 2.498068e-05 -1.052896e-05 0.000000e+00 2.209787e-05 0.000000e+00 2.067482e-05
1.628170 2.497393e-05 -1.051414e-05 0.000000e+00 2.197405e-05 0.000000e+00 2.060261e-05
1.633250 2.496588e-05 -1.049811e-05 0.000000e+00 2.184976e-05 0.000000e+00 2.052905e-05
1.638320 2.495767e-05 -1.048198e-05 0.000000e+00 2.172571e-05 0.000000e+00 2.045545e-05
1.643400 2.494672e-05 -1.046359e-05 0.000000e+00 2.160121e-05 0.000000e+00 2.037877e-05
1.648470 2.493491e-05 -1.044474e-05 0.000000e+00 2.147707e-05 0.000000e+00 2.030128e-05
1.653550 2.492287e-05 -1.042547e-05 0.000000e+00 2.135251e-05 0.000000e+00 2.022349e-05
1.658620 2.490579e-05 -1.040302e-05 0.000000e+00 2.122826e-05 0.000000e+00 2.014383e-05
1.663700 2.488737e-05 -1.037977e-05 0.000000e+00 2.110382e-05 0.000000e+00 2.006352e-05
1.668770 2.486889e-05 -1.035643e-05 0.000000e+00 2.097961e-05 0.000000e+00 1.998320e-05
1.673850 2.484689e-05 -1.033035e-05 0.000000e+00 2.085541e-05 0.000000e+00 1.989979e-05
1.678920 2.482364e-05 -1.030373e-05 0.000000e+00 2.073186e-05 0.000000e+00 1.981548e-05
1.684000 2.480112e-05 -1.027742e-05 0.000000e+00 2.060802e-05 0.000000e+00 1.973146e-05
1.689080 2.477314e-05 -1.024826e-05 0.000000e+00 2.048412e-05 0.000000e+00 1.964435e-05
1.694150 2.474309e-05 -1.021841e-05 0.000000e+00 2.036057e-05 0.000000e+00 1.955619e-05
1.699230 2.471325e-05 -1.018864e-05 0.000000e+00 2.023675e-05 0.000000e+00 1.946796e-05
1.704300 2.468048e-05 -1.015766e-05 0.000000e+00 2.011365e-05 0.000000e+00 1.937891e-05
1.709380 2.463904e-05 -1.012376e-05 0.000000e+00 1.999220e-05 0.000000e+00 1.928681e-05
1.714450 2.459895e-05 -1.009067e-05 0.000000e+00 1.987083e-05 0.000000e+00 1.919516e-05
1.719530 2.455872e-05 -1.005733e-05 0.000000e+00 1.974911e-05 0.000000e+00 1.910338e-05
1.724600 2.450795e-05 -1.001918e-05 0.000000e+00 1.963050e-05 0.000000e+00 1.900938e-05
1.729680 2.445595e-05 -9.980888e-06 0.000000e+00 1.951220e-05 0.000000e+00 1.891484e-05
1.734750 2.440414e-05 -9.942702e-06 0.000000e+00 1.939409e-05 0.000000e+00 1.882065e-05
1.739830 2.434977e-05 -9.902845e-06 0.000000e+00 1.927628e-05 0.000000e+00 1.872466e-05
1.744900 2.429216e-05 -9.861496e-06 0.000000e+00 1.915981e-05 0.000000e+00 1.862566e-05
1.749980 2.423498e-05 -9.820659e-06 0.000000e+00 1.904312e-05 0.000000e+00 1.852655e-05
1.755050 2.417779e-05 -9.779746e-06 0.000000e+00 1.892663e-05 0.000000e+00 1.842767e-05
1.760130 2.411723e-05 -9.735917e-06 0.000000e+00 1.881086e-05 0.000000e+00 1.832561e-05
1.765200 2.405698e-05 -9.692525e-06 0.000000e+00 1.869578e-05 0.000000e+00 1.822292e-05
1.770280 2.399670e-05 -9.649100e-06 0.000000e+00 1.858046e-05 0.000000e+00 1.812014e-05
1.775350 2.393541e-05 -9.604814e-06 0.000000e+00 1.846548e-05 0.000000e+00 1.801669e-05
1.780430 2.387250e-05 -9.559155e-06 0.000000e+00 1.835104e-05 0.000000e+00 1.791108e-05
1.785500 2.380999e-05 -9.513776e-06 0.000000e+00 1.823717e-05 0.000000e+00 1.780560e-05
1.790580 2.374738e-05 -9.468330e-06 0.000000e+00 1.812306e-05 0.000000e+00 1.769998e-05
1.795650 2.368346e-05 -9.422137e-06 0.000000e+00 1.800894e-05 0.000000e+00 1.759346e-05
1.800730 2.361660e-05 -9.374754e-06 0.000000e+00 1.789510e-05 0.000000e+00 1.748516e-05
1.805800 2.355048e-05 -9.327940e-06 0.000000e+00 1.778170e-05 0.000000e+00 1.737767e-05
1.810880 2.348416e-05 -9.280888e-06 0.000000e+00 1.766785e-05 0.000000e+00 1.726968e-05
1.815950 2.341553e-05 -9.232339e-06 0.000000e+00 1.755457e-05 0.000000e+00 1.716110e-05
1.821030 2.334618e-05 -9.183794e-06 0.000000e+00 1.744175e-05 0.000000e+00 1.705285e-05
1.826110 2.327695e-05 -9.135343e-06 0.000000e+00 1.732894e-05 0.000000e+00 1.694467e-05
1.831180 2.320694e-05 -9.086393e-06 0.000000e+00 1.721636e-05 0.000000e+00 1.683643e-05
1.836260 2.313202e-05 -9.035471e-06 0.000000e+00 1.710451e-05 0.000000e+00 1.672848e-05
1.841330 2.305565e-05 -8.984572e-06 0.000000e+00 1.699361e-05 0.000000e+00 1.662183e-05
1.846410 2.297959e-05 -8.933879e-06 0.000000e+00 1.688246e-05 0.000000e+00 1.651512e-05
1.851480 2.290227e-05 -8.882223e-06 0.000000e+00 1.677142e-05 0.000000e+00 1.640785e-05
1.856560 2.281759e-05 -8.829116e-06 0.000000e+00 1.666152e-05 0.000000e+00 1.630281e-05
1.861630 2.273456e-05 -8.776982e-06 0.000000e+00 1.655181e-05 0.000000e+00 1.619834e-05
1.866710 2.265107e-05 -8.724479e-06 0.000000e+00 1.644183e-05 0.000000e+00 1.609336e-05
1.871780 2.256370e-05 -8.670499e-06 0.000000e+00 1.633265e-05 0.000000e+00 1.598953e-05
1.876860 2.247269e-05 -8.615909e-06 0.000000e+00 1.622430e-05 0.000000e+00 1.588716e-05
1.881930 2.238193e-05 -8.561763e-06 0.000000e+00 1.611634e-05 0.000000e+00 1.578515e-05
1.887010 2.229062e-05 -8.507013e-06 0.000000e+00 1.600796e-05 0.000000e+00 1.568290e-05
1.892080 2.219738e-05 -8.451690e-06 0.000000e+00 1.589955e-05 0.000000e+00 1.558202e-05
1.897160 2.210272e-05 -8.396490e-06 0.000000e+00 1.579123e-05 0.000000e+00 1.548177e-05
1.902230 2.200843e-05 -8.341502e-06 0.000000e+00 1.568318e-05 0.000000e+00 1.538158e-05
1.907310 2.191300e-05 -8.285753e-06 0.000000e+00 1.557465e-05 0.000000e+00 1.528194e-05
1.912380 2.181399e-05 -8.229141e-06 0.000000e+00 1.546681e-05 0.000000e+00 1.518545e-05
1.917460 2.171557e-05 -8.172849e-06 0.000000e+00 1.535906e-05 0.000000e+00 1.508862e-05
1.922530 2.161670e-05 -8.116376e-06 0.000000e+00 1.525138e-05 0.000000e+00 1.499223e-05
1.927610 2.151316e-05 -8.059176e-06 0.000000e+00 1.514324e-05 0.000000e+00 1.489637e-05
1.932680 2.140779e-05 -8.002124e-06 0.000000e+00 1.503526e-05 0.000000e+00 1.480138e-05
1.937760 2.130336e-05 -7.945044e-06 0.000000e+00 1.492705e-05 0.000000e+00 1.470625e-05
1.942830 2.119603e-05 -7.887630e-06 0.000000e+00 1.481929e-05 0.000000e+00 1.461065e-05
1.947910 2.108291e-05 -7.828793e-06 0.000000e+00 1.471253e-05 0.000000e+00 1.451292e-05
1.952980 2.097178e-05 -7.770451e-06 0.000000e+00 1.460611e-05 0.000000e+00 1.441612e-05
1.958060 2.085878e-05 -7.711607e-06 0.000000e+00 1.449940e-05 0.000000e+00 1.431835e-05
1.963140 2.074369e-05 -7.651933e-06 0.000000e+00 1.439281e-05 0.000000e+00 1.421859e-05
1.968210 2.062910e-05 -7.591675e-06 0.000000e+00 1.428671e-05 0.000000e+00 1.411863e-05
1.973290 2.051401e-05 -7.531525e-06 0.000000e+00 1.418029e-05 0.000000e+00 1.401836e-05
1.978360 2.039761e-05 -7.471360e-06 0.000000e+00 1.407447e-05 0.000000e+00 1.391822e-05
1.983440 2.028155e-05 -7.411064e-06 0.000000e+00 1.396901e-05 0.000000e+00 1.381838e-05
1.988510 2.016590e-05 -7.351022e-06 0.000000e+00 1.386362e-05 0.000000e+00 1.371861e-05
1.993590 2.004834e-05 -7.289821e-06 0.000000e+00 1.375874e-05 0.000000e+00 1.361942e-05
1.998660 1.993269e-05 -7.227738e-06 0.000000e+00 1.365516e-05 0.000000e+00 1.352294e-05
2.003740 1.981666e-05 -7.165562e-06 0.000000e+00 1.355121e-05 0.000000e+00 1.342610e-05
2.008810 1.970123e-05 -7.104126e-06 0.000000e+00 1.344960e-05 0.000000e+00 1.332977e-05
2.013890 1.958680e-05 -7.043378e-06 0.000000e+00 1.335075e-05 0.000000e+00 1.323497e-05
2.018960 1.947222e-05 -6.983119e-06 0.000000e+00 1.325197e-05 0.000000e+00 1.314075e-05
2.024040 1.935724e-05 -6.921547e-06 0.000000e+00 1.315295e-05 0.000000e+00 1.304380e-05
2.029110 1.924024e-05 -6.859325e-06 0.000000e+00 1.305396e-05 0.000000e+00 1.294336e-05
2.034190 1.912265e-05 -6.796982e-06 0.000000e+00 1.295461e-05 0.000000e+00 1.284318e-05
2.039260 1.900549e-05 -6.734651e-06 0.000000e+00 1.285564e-05 0.000000e+00 1.274234e-05
2.044340 1.888586e-05 -6.671412e-06 0.000000e+00 1.275695e-05 0.000000e+00 1.264328e-05
2.049410 1.876625e-05 -6.608335e-06 0.000000e+00 1.265839e-05 0.000000e+00 1.254523e-05
2.054490 1.864639e-05 -6.545065e-06 0.000000e+00 1.255939e-05 0.000000e+00 1.244689e-05
2.059560 1.852646e-05 -6.482175e-06 0.000000e+00 1.246266e-05 0.000000e+00 1.234914e-05
2.064640 1.840703e-05 -6.420076e-06 0.000000e+00 1.236801e-05 0.000000e+00 1.225175e-05
2.069710 1.828776e-05 -6.357872e-06 0.000000e+00 1.227334e-05 0.000000e+00 1.215442e-05
2.074790 1.816834e-05 -6.295858e-06 0.000000e+00 1.217902e-05 0.000000e+00 1.205747e-05
2.079860 1.804866e-05 -6.233450e-06 0.000000e+00 1.208528e-05 0.000000e+00 1.196476e-05
2.084940 1.792881e-05 -6.170795e-06 0.000000e+00 1.199118e-05 0.000000e+00 1.187284e-05
2.090020 1.780881e-05 -6.108030e-06 0.000000e+00 1.189703e-05 0.000000e+00 1.178077e-05
2.095090 1.768971e-05 -6.046441e-06 0.000000e+00 1.180476e-05 0.000000e+00 1.169112e-05
2.100170 1.757158e-05 -5.986045e-06 0.000000e+00 1.171383e-05 0.000000e+00 1.160327e-05
2.105240 1.745511e-05 -5.925809e-06 0.000000e+00 1.162221e-05 0.000000e+00 1.151557e-05
2.110320 1.733619e-05 -5.865264e-06 0.000000e+00 1.153184e-05 0.000000e+00 1.142825e-05
2.115390 1.721443e-05 -5.803448e-06 0.000000e+00 1.144318e-05 0.000000e+00 1.134352e-05
2.120470 1.709292e-05 -5.741154e-06 0.000000e+00 1.135394e-05 0.000000e+00 1.125985e-05
2.125540 1.697086e-05 -5.678926e-06 0.000000e+00 1.126526e-05 0.000000e+00 1.117604e-05
2.130620 1.684813e-05 -5.617263e-06 0.000000e+00 1.117832e-05 0.000000e+00 1.109224e-05
2.135690 1.672615e-05 -5.556501e-06 0.000000e+00 1.109296e-05 0.000000e+00 1.100897e-05
2.140770 1.660459e-05 -5.495398e-06 0.000000e+00 1.100670e-05 0.000000e+00 1.092553e-05
2.145840 1.648210e-05 -5.434625e-06 0.000000e+00 1.092182e-05 0.000000e+00 1.084267e-05
2.150920 1.635802e-05 -5.373284e-06 0.000000e+00 1.083778e-05 0.000000e+00 1.076150e-05
2.155990 1.623458e-05 -5.311862e-06 0.000000e+00 1.075360e-05 0.000000e+00 1.068124e-05
2.161070 1.611035e-05 -5.250381e-06 0.000000e+00 1.066965e-05 0.000000e+00 1.060061e-05
2.166140 1.598661e-05 -5.190065e-06 0.000000e+00 1.058713e-05 0.000000e+00 1.051992e-05
2.171220 1.586344e-05 -5.130582e-06 0.000000e+00 1.050534e-05 0.000000e+00 1.043901e-05
2.176290 1.574135e-05 -5.071057e-06 0.000000e+00 1.042320e-05 0.000000e+00 1.035840e-05
2.181370 1.561711e-05 -5.011543e-06 0.000000e+00 1.034197e-05 0.000000e+00 1.027782e-05
2.186440 1.549118e-05 -4.951958e-06 0.000000e+00 1.026209e-05 0.000000e+00 1.019909e-05
2.191520 1.536641e-05 -4.891930e-06 0.000000e+00 1.018151e-05 0.000000e+00 1.012039e-05
2.196590 1.524037e-05 -4.832299e-06 0.000000e+00 1.010179e-05 0.000000e+00 1.004198e-05
2.201670 1.511508e-05 -4.773332e-06 0.000000e+00 1.002315e-05 0.000000e+00 9.965034e-06
2.206740 1.499139e-05 -4.714929e-06 0.000000e+00 9.945403e-06 0.000000e+00 9.889576e-06
2.211820 1.486753e-05 -4.656276e-06 0.000000e+00 9.867219e-06 0.000000e+00 9.813684e-06
2.216890 1.474345e-05 -4.598001e-06 0.000000e+00 9.790183e-06 0.000000e+00 9.739112e-06
2.221970 1.461970e-05 -4.539522e-06 0.000000e+00 9.714310e-06 0.000000e+00 9.666953e-06
2.227050 1.449611e-05 -4.480685e-06 0.000000e+00 9.638075e-06 0.000000e+00 9.595069e-06
2.232120 1.437283e-05 -4.422364e-06 0.000000e+00 9.562591e-06 0.000000e+00 9.523473e-06
2.237200 1.425201e-05 -4.364581e-06 0.000000e+00 9.488111e-06 0.000000e+00 9.453551e-06
2.242270 1.413254e-05 -4.307148e-06 0.000000e+00 9.414443e-06 0.000000e+00 9.385151e-06
2.247350 1.401270e-05 -4.249618e-06 0.000000e+00 9.340529e-06 0.000000e+00 9.316348e-06
2.252420 1.389486e-05 -4.192165e-06 0.000000e+00 9.267379e-06 0.000000e+00 9.248647e-06
2.257500 1.377938e-05 -4.134171e-06 0.000000e+00 9.195076e-06 0.000000e+00 9.182918e-06
2.262570 1.366293e-05 -4.076142e-06 0.000000e+00 9.122802e-06 0.000000e+00 9.117396e-06
2.267650 1.354810e-05 -4.018144e-06 0.000000e+00 9.050640e-06 0.000000e+00 9.051964e-06
2.272720 1.343668e-05 -3.960166e-06 0.000000e+00 8.979345e-06 0.000000e+00 8.988670e-06
2.277800 1.332580e-05 -3.901967e-06 0.000000e+00 8.908133e-06 0.000000e+00 8.926052e-06
2.282870 1.321543e-05 -3.843941e-06 0.000000e+00 8.837092e-06 0.000000e+00 8.863489e-06
2.287950 1.310645e-05 -3.785492e-06 0.000000e+00 8.766270e-06 0.000000e+00 8.802461e-06
2.293020 1.299975e-05 -3.726597e-06 0.000000e+00 8.696065e-06 0.000000e+00 8.744185e-06
2.298100 1.289230e-05 -3.667581e-06 0.000000e+00 8.625547e-06 0.000000e+00 8.685465e-06
2.303170 1.278616e-05 -3.608759e-06 0.000000e+00 8.555504e-06 0.000000e+00 8.627571e-06
2.308250 1.268248e-05 -3.550181e-06 0.000000e+00 8.486057e-06 0.000000e+00 8.571727e-06
2.313320 1.257957e-05 -3.491703e-06 0.000000e+00 8.416757e-06 0.000000e+00 8.516697e-06
2.318400 1.247664e-05 -3.433201e-06 0.000000e+00 8.347485e-06 0.000000e+00 8.461517e-06
2.323470 1.237535e-05 -3.375088e-06 0.000000e+00 8.278938e-06 0.000000e+00 8.407693e-06
2.328550 1.227561e-05 -3.317129e-06 0.000000e+00 8.210901e-06 0.000000e+00 8.355389e-06
2.333620 1.217573e-05 -3.259157e-06 0.000000e+00 8.142791e-06 0.000000e+00 8.302941e-06
2.338700 1.207650e-05 -3.201412e-06 0.000000e+00 8.075073e-06 0.000000e+00 8.251062e-06
2.343770 1.197971e-05 -3.144451e-06 0.000000e+00 8.008580e-06 0.000000e+00 8.201418e-06
2.348850 1.188297e-05 -3.087258e-06 0.000000e+00 7.941831e-06 0.000000e+00 8.152015e-06
2.353920 1.178665e-05 -3.030409e-06 0.000000e+00 7.875545e-06 0.000000e+00 8.102830e-06
2.359000 1.169191e-05 -2.973588e-06 0.000000e+00 7.809935e-06 0.000000e+00 8.055538e-06
2.364080 1.159887e-05 -2.916804e-06 0.000000e+00 7.744907e-06 0.000000e+00 8.010209e-06
2.369150 1.150572e-05 -2.860109e-06 0.000000e+00 7.679861e-06 0.000000e+00 7.964634e-06
2.374230 1.141340e-05 -2.803422e-06 0.000000e+00 7.615396e-06 0.000000e+00 7.920149e-06
2.379300 1.132383e-05 -2.746854e-06 0.000000e+00 7.552404e-06 0.000000e+00 7.878934e-06
2.384380 1.123424e-05 -2.690080e-06 0.000000e+00 7.489023e-06 0.000000e+00 7.837826e-06
2.389450 1.114509e-05 -2.633511e-06 0.000000e+00 7.426250e-06 0.000000e+00 7.797044e-06
2.394530 1.105840e-05 -2.576724e-06 0.000000e+00 7.364395e-06 0.000000e+00 7.758095e-06
2.399600 1.097351e-05 -2.519881e-06 0.000000e+00 7.303175e-06 0.000000e+00 7.720597e-06
2.404680 1.088821e-05 -2.462976e-06 0.000000e+00 7.241799e-06 0.000000e+00 7.682803e-06
2.409750 1.080459e-05 -2.406208e-06 0.000000e+00 7.181273e-06 0.000000e+00 7.645725e-06
2.414830 1.072379e-05 -2.349267e-06 0.000000e+00 7.121882e-06 0.000000e+00 7.609932e-06
2.419900 1.064305e-05 -2.292340e-06 0.000000e+00 7.062354e-06 0.000000e+00 7.574218e-06
2.424980 1.056247e-05 -2.235408e-06 0.000000e+00 7.003173e-06 0.000000e+00 7.538600e-06
2.430050 1.048321e-05 -2.178524e-06 0.000000e+00 6.945194e-06 0.000000e+00 7.504333e-06
2.435130 1.040450e-05 -2.121321e-06 0.000000e+00 6.887406e-06 0.000000e+00 7.470626e-06
2.440200 1.032576e-05 -2.064356e-06 0.000000e+00 6.829795e-06 0.000000e+00 7.436849e-06
2.445280 1.024766e-05 -2.007283e-06 0.000000e+00 6.772745e-06 0.000000e+00 7.404383e-06
2.450350 1.017099e-05 -1.950236e-06 0.000000e+00 6.716733e-06 0.000000e+00 7.374136e-06
2.455430 1.009394e-05 -1.892996e-06 0.000000e+00 6.660412e-06 0.000000e+00 7.343608e-06
2.460500 1.001809e-05 -1.835978e-06 0.000000e+00 6.604599e-06 0.000000e+00 7.313853e-06
2.465580 9.946422e-06 -1.778762e-06 0.000000e+00 6.549520e-06 0.000000e+00 7.286882e-06
2.470650 9.875820e-06 -1.721481e-06 0.000000e+00 6.494712e-06 0.000000e+00 7.260748e-06
2.475730 9.805251e-06 -1.664223e-06 0.000000e+00 6.439857e-06 0.000000e+00 7.234524e-06
2.480800 9.740147e-06 -1.607097e-06 0.000000e+00 6.386329e-06 0.000000e+00 7.210907e-06
2.485880 9.680569e-06 -1.549857e-06 0.000000e+00 6.333963e-06 0.000000e+00 7.189943e-06
2.490950 9.620461e-06 -1.492707e-06 0.000000e+00 6.281522e-06 0.000000e+00 7.168657e-06
2.496030 9.560750e-06 -1.435477e-06 0.000000e+00 6.229140e-06 0.000000e+00 7.147606e-06
2.501110 9.505362e-06 -1.377644e-06 0.000000e+00 6.176688e-06 0.000000e+00 7.125521e-06
2.506180 9.450816e-06 -1.319772e-06 0.000000e+00 6.124333e-06 0.000000e+00 7.103315e-06
2.511260 9.395816e-06 -1.261749e-06 0.000000e+00 6.071848e-06 0.000000e+00 7.081057e-06
2.516330 9.342703e-06 -1.204032e-06 0.000000e+00 6.019666e-06 0.000000e+00 7.059179e-06
2.521410 9.295151e-06 -1.146677e-06 0.000000e+00 5.968099e-06 0.000000e+00 7.038690e-06
2.526480 9.248232e-06 -1.089427e-06 0.000000e+00 5.916762e-06 0.000000e+00 7.018622e-06
2.531560 9.201221e-06 -1.032096e-06 0.000000e+00 5.865281e-06 0.000000e+00 6.998376e-06
2.536630 9.157675e-06 -9.751335e-07 0.000000e+00 5.814503e-06 0.000000e+00 6.978986e-06
2.541710 9.119394e-06 -9.184151e-07 0.000000e+00 5.764642e-06 0.000000e+00 6.961015e-06
2.546780 9.080649e-06 -8.616649e-07 0.000000e+00 5.714839e-06 0.000000e+00 6.943055e-06
2.551860 9.042759e-06 -8.050068e-07 0.000000e+00 5.665014e-06 0.000000e+00 6.925172e-06
2.556930 9.009937e-06 -7.488383e-07 0.000000e+00 5.616038e-06 0.000000e+00 6.908991e-06
2.562010 8.979061e-06 -6.925829e-07 0.000000e+00 5.567254e-06 0.000000e+00 6.893516e-06
2.567080 8.948181e-06 -6.365326e-07 0.000000e+00 5.518561e-06 0.000000e+00 6.877988e-06
2.572160 8.919568e-06 -5.804829e-07 0.000000e+00 5.470362e-06 0.000000e+00 6.863418e-06
2.577230 8.895602e-06 -5.246610e-07 0.000000e+00 5.423407e-06 0.000000e+00 6.850862e-06
2.582310 8.870924e-06 -4.686415e-07 0.000000e+00 5.376174e-06 0.000000e+00 6.837976e-06
2.587380 8.847926e-06 -4.128947e-07 0.000000e+00 5.329482e-06 0.000000e+00 6.826045e-06
2.592460 8.828978e-06 -3.571054e-07 0.000000e+00 5.283740e-06 0.000000e+00 6.816607e-06
2.597530 8.810723e-06 -3.013034e-07 0.000000e+00 5.238174e-06 0.000000e+00 6.807632e-06
2.602610 8.792846e-06 -2.455396e-07 0.000000e+00 5.192696e-06 0.000000e+00 6.798851e-06
2.607680 8.780365e-06 -1.902057e-07 0.000000e+00 5.148639e-06 0.000000e+00 6.793384e-06
2.612760 8.768980e-06 -1.347805e-07 0.000000e+00 5.104744e-06 0.000000e+00 6.788634e-06
2.617830 8.757646e-06 -7.949022e-08 0.000000e+00 5.060955e-06 0.000000e+00 6.783888e-06
2.622910 8.751495e-06 -2.464174e-08 0.000000e+00 5.018382e-06 0.000000e+00 6.781715e-06
2.627980 8.746744e-06 3.004349e-08 0.000000e+00 4.976145e-06 0.000000e+00 6.780331e-06
2.633060 8.742246e-06 8.473477e-08 0.000000e+00 4.933971e-06 0.000000e+00 6.778982e-06
2.638140 8.742258e-06 1.387922e-07 0.000000e+00 4.893046e-06 0.000000e+00 6.779572e-06
2.643210 8.743223e-06 1.926318e-07 0.000000e+00 4.852427e-06 0.000000e+00 6.780593e-06
2.648290 8.745254e-06 2.464012e-07 0.000000e+00 4.812036e-06 0.000000e+00 6.782085e-06
2.653360 8.751423e-06 2.994566e-07 0.000000e+00 4.772780e-06 0.000000e+00 6.785516e-06
2.658440 8.758463e-06 3.525183e-07 0.000000e+00 4.733537e-06 0.000000e+00 6.789418e-06
2.663510 8.767098e-06 4.052621e-07 0.000000e+00 4.694766e-06 0.000000e+00 6.794026e-06
2.668590 8.781157e-06 4.574663e-07 0.000000e+00 4.656855e-06 0.000000e+00 6.801220e-06
2.673660 8.794612e-06 5.096390e-07 0.000000e+00 4.618851e-06 0.000000e+00 6.808177e-06
2.678740 8.812772e-06 5.613179e-07 0.000000e+00 4.581503e-06 0.000000e+00 6.816757e-06
2.683810 8.834249e-06 6.124709e-07 0.000000e+00 4.544486e-06 0.000000e+00 6.826555e-06
2.688890 8.856131e-06 6.636352e-07 0.000000e+00 4.507506e-06 0.000000e+00 6.836351e-06
2.693960 8.884363e-06 7.135384e-07 0.000000e+00 4.471233e-06 0.000000e+00 6.847455e-06
2.699040 8.912792e-06 7.634566e-07 0.000000e+00 4.434770e-06 0.000000e+00 6.858638e-06
2.704110 8.945257e-06 8.123835e-07 0.000000e+00 4.398704e-06 0.000000e+00 6.870269e-06
2.709190 8.980697e-06 8.606959e-07 0.000000e+00 4.362616e-06 0.000000e+00 6.882277e-06
2.714260 9.018188e-06 9.082782e-07 0.000000e+00 4.326650e-06 0.000000e+00 6.894474e-06
2.719340 9.059526e-06 9.547378e-07 0.000000e+00 4.290488e-06 0.000000e+00 6.907028e-06
2.724410 9.101249e-06 1.001025e-06 0.000000e+00 4.254498e-06 0.000000e+00 6.919645e-06
2.729490 9.148605e-06 1.045468e-06 0.000000e+00 4.217948e-06 0.000000e+00 6.932909e-06
2.734560 9.196138e-06 1.089693e-06 0.000000e+00 4.181342e-06 0.000000e+00 6.946144e-06
2.739640 9.247854e-06 1.132703e-06 0.000000e+00 4.144094e-06 0.000000e+00 6.959809e-06
2.744710 9.300516e-06 1.175268e-06 0.000000e+00 4.106778e-06 0.000000e+00 6.973566e-06
2.749790 9.358315e-06 1.216403e-06 0.000000e+00 4.068492e-06 0.000000e+00 6.987655e-06
2.754860 9.417115e-06 1.257019e-06 0.000000e+00 4.029901e-06 0.000000e+00 7.001721e-06
2.759940 9.479880e-06 1.296596e-06 0.000000e+00 3.990405e-06 0.000000e+00 7.015966e-06
2.765020 9.544614e-06 1.335518e-06 0.000000e+00 3.950297e-06 0.000000e+00 7.030207e-06
2.770090 9.612486e-06 1.373436e-06 0.000000e+00 3.909337e-06 0.000000e+00 7.044397e-06
2.775170 9.682710e-06 1.410760e-06 0.000000e+00 3.867622e-06 0.000000e+00 7.058547e-06
2.780240 9.756373e-06 1.446787e-06 0.000000e+00 3.824717e-06 0.000000e+00 7.072322e-06
2.785320 9.831762e-06 1.482399e-06 0.000000e+00 3.781258e-06 0.000000e+00 7.085968e-06
2.790390 9.911118e-06 1.516441e-06 0.000000e+00 3.736112e-06 0.000000e+00 7.099013e-06
2.795470 9.992143e-06 1.549938e-06 0.000000e+00 3.690216e-06 0.000000e+00 7.111814e-06
2.800540 1.007634e-05 1.581928e-06 0.000000e+00 3.642693e-06 0.000000e+00 7.123987e-06
2.805620 1.016289e-05 1.612928e-06 0.000000e+00 3.593795e-06 0.000000e+00 7.135674e-06
2.810690 1.025202e-05 1.642623e-06 0.000000e+00 3.543395e-06 0.000000e+00 7.146653e-06
2.815770 1.034390e-05 1.671193e-06 0.000000e+00 3.491143e-06 0.000000e+00 7.156915e-06
2.820840 1.043881e-05 1.698377e-06 0.000000e+00 3.437051e-06 0.000000e+00 7.166116e-06
2.825920 1.053675e-05 1.724557e-06 0.000000e+00 3.381137e-06 0.000000e+00 7.174669e-06
2.830990 1.063992e-05 1.749081e-06 0.000000e+00 3.322780e-06 0.000000e+00 7.182361e-06
2.836070 1.074571e-05 1.772575e-06 0.000000e+00 3.262364e-06 0.000000e+00 7.188742e-06
2.841140 1.085623e-05 1.794363e-06 0.000000e+00 3.199061e-06 0.000000e+00 7.193478e-06
2.846220 1.097018e-05 1.815249e-06 0.000000e+00 3.133842e-06 0.000000e+00 7.197423e-06
2.851290 1.109092e-05 1.833964e-06 0.000000e+00 3.064868e-06 0.000000e+00 7.199802e-06
2.856370 1.121583e-05 1.851594e-06 0.000000e+00 2.993760e-06 0.000000e+00 7.201514e-06
2.861440 1.134651e-05 1.867559e-06 0.000000e+00 2.919653e-06 0.000000e+00 7.202380e-06
2.866520 1.148514e-05 1.881581e-06 0.000000e+00 2.841654e-06 0.000000e+00 7.202326e-06
2.871590 1.162857e-05 1.894373e-06 0.000000e+00 2.761458e-06 0.000000e+00 7.201670e-06
2.876670 1.178076e-05 1.905274e-06 0.000000e+00 2.677238e-06 0.000000e+00 7.199832e-06
2.881740 1.194108e-05 1.914424e-06 0.000000e+00 2.589603e-06 0.000000e+00 7.196453e-06
2.886820 1.210933e-05 1.922083e-06 0.000000e+00 2.498704e-06 0.000000e+00 7.191369e-06
2.891890 1.228637e-05 1.928093e-06 0.000000e+00 2.404490e-06 0.000000e+00 7.183981e-06
2.896970 1.247493e-05 1.932148e-06 0.000000e+00 2.306211e-06 0.000000e+00 7.173068e-06
2.902050 1.267470e-05 1.934409e-06 0.000000e+00 2.204457e-06 0.000000e+00 7.158112e-06
2.907120 1.288539e-05 1.934811e-06 0.000000e+00 2.099681e-06 0.000000e+00 7.138460e-06
2.912200 1.310951e-05 1.933253e-06 0.000000e+00 1.991490e-06 0.000000e+00 7.112830e-06
2.917270 1.334728e-05 1.929495e-06 0.000000e+00 1.880454e-06 0.000000e+00 7.080021e-06
2.922350 1.360014e-05 1.923223e-06 0.000000e+00 1.766556e-06 0.000000e+00 7.038481e-06
2.927420 1.386799e-05 1.914026e-06 0.000000e+00 1.650404e-06 0.000000e+00 6.986649e-06
2.932500 1.415173e-05 1.901279e-06 0.000000e+00 1.531956e-06 0.000000e+00 6.922491e-06
2.937570 1.444925e-05 1.884281e-06 0.000000e+00 1.412224e-06 0.000000e+00 6.844301e-06
2.942650 1.475943e-05 1.862023e-06 0.000000e+00 1.291328e-06 0.000000e+00 6.749615e-06
2.947720 1.507668e-05 1.833502e-06 0.000000e+00 1.170584e-06 0.000000e+00 6.636555e-06
2.952800 1.539642e-05 1.797258e-06 0.000000e+00 1.050198e-06 0.000000e+00 6.502035e-06
2.957870 1.570678e-05 1.751862e-06 0.000000e+00 9.315483e-07 0.000000e+00 6.343793e-06
2.962950 1.599138e-05 1.694982e-06 0.000000e+00 8.148668e-07 0.000000e+00 6.156530e-06
2.968020 1.621902e-05 1.623210e-06 0.000000e+00 7.022604e-07 0.000000e+00 5.934478e-06
2.973100 1.635997e-05 1.534836e-06 0.000000e+00 5.941173e-07 0.000000e+00 5.675279e-06
2.978170 1.636853e-05 1.427846e-06 0.000000e+00 4.916572e-07 0.000000e+00 5.376434e-06
2.983250 1.616030e-05 1.297586e-06 0.000000e+00 3.966536e-07 0.000000e+00 5.028372e-06
2.988320 1.568086e-05 1.146316e-06 0.000000e+00 3.098538e-07 0.000000e+00 4.634914e-06
2.993400 1.481831e-05 9.731516e-07 0.000000e+00 2.325245e-07 0.000000e+00 4.188801e-06
2.998470 1.350756e-05 7.844659e-07 0.000000e+00 1.657365e-07 0.000000e+00 3.693509e-06
3.003550 1.169961e-05 5.887500e-07 0.000000e+00 1.101717e-07 0.000000e+00 3.149721e-06
3.008620 9.433270e-06 4.013608e-07 0.000000e+00 6.685875e-08 0.000000e+00 2.564976e-06
3.013700 6.879754e-06 2.372418e-07 0.000000e+00 3.503573e-08 0.000000e+00 1.950626e-06
3.018770 4.331737e-06 1.136740e-07 0.000000e+00 1.472931e-08 0.000000e+00 1.331235e-06
3.023850 2.154923e-06 3.866489e-08 0.000000e+00 4.226087e-09 0.000000e+00 7.460844e-07
3.028920 6.636149e-07 6.318168e-09 0.000000e+00 4.923966e-10 0.000000e+00 2.671910e-07
3.034000 1.865785e-08 2.588092e-12 0.000000e+00 9.315269e-13 0.000000e+00 9.330232e-09
