1.003530 7.600641e-07 -2.451890e-09 0.000000e+00 5.027748e-10 0.000000e+00 5.249045e-07
1.011600 7.172101e-06 -8.849565e-08 0.000000e+00 2.954460e-08 0.000000e+00 3.686744e-06
1.021940 2.284243e-05 -4.364659e-07 0.000000e+00 1.910513e-07 0.000000e+00 8.649612e-06
1.035200 4.349863e-05 -1.001054e-06 0.000000e+00 6.293037e-07 0.000000e+00 1.511350e-05
1.052210 5.136351e-05 -1.430292e-06 0.000000e+00 1.628315e-06 0.000000e+00 2.418203e-05
1.074010 4.094743e-05 -1.367162e-06 0.000000e+00 3.729341e-06 0.000000e+00 3.524635e-05
1.101970 2.907204e-05 -1.033069e-06 0.000000e+00 7.371827e-06 0.000000e+00 4.390409e-05
1.137820 2.332839e-05 -1.591141e-06 0.000000e+00 1.231038e-05 0.000000e+00 4.610178e-05
1.183790 2.141424e-05 -3.432026e-06 0.000000e+00 1.767406e-05 0.000000e+00 4.194445e-05
1.242740 2.162518e-05 -5.808173e-06 0.000000e+00 2.242392e-05 0.000000e+00 3.480314e-05
1.318320 2.281107e-05 -8.034584e-06 0.000000e+00 2.547790e-05 0.000000e+00 2.829183e-05
1.415240 2.410499e-05 -9.697105e-06 0.000000e+00 2.601875e-05 0.000000e+00 2.402076e-05
1.539520 2.487224e-05 -1.053173e-05 0.000000e+00 2.404390e-05 0.000000e+00 2.168961e-05
1.698870 2.471528e-05 -1.019073e-05 0.000000e+00 2.024555e-05 0.000000e+00 1.947419e-05
1.903200 2.199035e-05 -8.330933e-06 0.000000e+00 1.566248e-05 0.000000e+00 1.536244e-05
2.132800 1.679557e-05 -5.591140e-06 0.000000e+00 1.114165e-05 0.000000e+00 1.105640e-05
2.337130 1.210701e-05 -3.219215e-06 0.000000e+00 8.095930e-06 0.000000e+00 8.266934e-06
2.496480 9.555585e-06 -1.430389e-06 0.000000e+00 6.224495e-06 0.000000e+00 7.145706e-06
2.620760 8.753269e-06 -4.777803e-08 0.000000e+00 5.036201e-06 0.000000e+00 6.782215e-06
2.717680 9.045939e-06 9.395853e-07 0.000000e+00 4.302311e-06 0.000000e+00 6.902923e-06
2.793260 9.956319e-06 1.535623e-06 0.000000e+00 3.710498e-06 0.000000e+00 7.106347e-06
2.852210 1.111332e-05 1.837218e-06 0.000000e+00 3.052103e-06 0.000000e+00 7.200147e-06
2.898180 1.252153e-05 1.932841e-06 0.000000e+00 2.282266e-06 0.000000e+00 7.169880e-06
2.934030 1.424003e-05 1.896640e-06 0.000000e+00 1.495976e-06 0.000000e+00 6.900489e-06
2.961990 1.594073e-05 1.706762e-06 0.000000e+00 8.366951e-07 0.000000e+00 6.194420e-06
2.983790 1.612375e-05 1.282496e-06 0.000000e+00 3.870025e-07 0.000000e+00 4.988715e-06
3.000800 1.274124e-05 6.947735e-07 0.000000e+00 1.387582e-07 0.000000e+00 3.449897e-06
3.014060 6.694312e-06 2.269419e-07 0.000000e+00 3.322052e-08 0.000000e+00 1.906466e-06
3.024400 1.955765e-06 3.329813e-08 0.000000e+00 3.550846e-09 0.000000e+00 6.874348e-07
3.032470 1.172107e-07 3.821644e-10 0.000000e+00 3.298990e-11 0.000000e+00 5.552275e-08
