(9.570877e-07 -4.640920e-09 0.000000e+00 1.037228e-09 0.000000e+00 6.316202e-07)
(6.608930e-06 -8.146283e-08 0.000000e+00 2.750143e-08 0.000000e+00 3.396548e-06)
(1.792024e-05 -3.191171e-07 0.000000e+00 1.319292e-07 0.000000e+00 7.239176e-06)
(3.289048e-05 -6.964726e-07 0.000000e+00 3.562724e-07 0.000000e+00 1.148807e-05)
(4.579623e-05 -1.081578e-06 0.000000e+00 7.368348e-07 0.000000e+00 1.629296e-05)
(5.151239e-05 -1.366890e-06 0.000000e+00 1.333095e-06 0.000000e+00 2.191058e-05)
(4.888930e-05 -1.474346e-06 0.000000e+00 2.242790e-06 0.000000e+00 2.817077e-05)
(4.199932e-05 -1.390023e-06 0.000000e+00 3.527113e-06 0.000000e+00 3.441597e-05)
(3.482298e-05 -1.185121e-06 0.000000e+00 5.207774e-06 0.000000e+00 3.980565e-05)
(2.933790e-05 -1.036641e-06 0.000000e+00 7.242556e-06 0.000000e+00 4.372401e-05)
(2.575804e-05 -1.122339e-06 0.000000e+00 9.545642e-06 0.000000e+00 4.581341e-05)
(2.353054e-05 -1.519669e-06 0.000000e+00 1.200035e-05 0.000000e+00 4.616637e-05)
(2.223446e-05 -2.217837e-06 0.000000e+00 1.449700e-05 0.000000e+00 4.501406e-05)
(2.154199e-05 -3.120823e-06 0.000000e+00 1.693184e-05 0.000000e+00 4.279408e-05)
(2.129987e-05 -4.134341e-06 0.000000e+00 1.922318e-05 0.000000e+00 3.992286e-05)
(2.141955e-05 -5.178011e-06 0.000000e+00 2.129206e-05 0.000000e+00 3.675445e-05)
(2.178928e-05 -6.193348e-06 0.000000e+00 2.306690e-05 0.000000e+00 3.362133e-05)
(2.227402e-05 -7.153100e-06 0.000000e+00 2.447501e-05 0.000000e+00 3.076563e-05)
(2.280636e-05 -8.027611e-06 0.000000e+00 2.547140e-05 0.000000e+00 2.831068e-05)
(2.336792e-05 -8.788230e-06 0.000000e+00 2.603025e-05 0.000000e+00 2.631273e-05)
(2.388936e-05 -9.431472e-06 0.000000e+00 2.613192e-05 0.000000e+00 2.469065e-05)
(2.431730e-05 -9.948196e-06 0.000000e+00 2.579575e-05 0.000000e+00 2.337181e-05)
(2.465950e-05 -1.031408e-05 0.000000e+00 2.508906e-05 0.000000e+00 2.238495e-05)
(2.486943e-05 -1.052877e-05 0.000000e+00 2.406507e-05 0.000000e+00 2.170084e-05)
(2.498746e-05 -1.057859e-05 0.000000e+00 2.275919e-05 0.000000e+00 2.103443e-05)
(2.490764e-05 -1.040546e-05 0.000000e+00 2.124174e-05 0.000000e+00 2.015247e-05)
(2.449039e-05 -1.000626e-05 0.000000e+00 1.959069e-05 0.000000e+00 1.897755e-05)
(2.361473e-05 -9.373423e-06 0.000000e+00 1.789176e-05 0.000000e+00 1.748205e-05)
(2.237367e-05 -8.556811e-06 0.000000e+00 1.610653e-05 0.000000e+00 1.577589e-05)
(2.055504e-05 -7.552941e-06 0.000000e+00 1.421821e-05 0.000000e+00 1.405411e-05)
(1.840984e-05 -6.421528e-06 0.000000e+00 1.237024e-05 0.000000e+00 1.225405e-05)
(1.629240e-05 -5.340701e-06 0.000000e+00 1.079321e-05 0.000000e+00 1.071891e-05)
(1.430108e-05 -4.388136e-06 0.000000e+00 9.518432e-06 0.000000e+00 9.481932e-06)
(1.265337e-05 -3.533599e-06 0.000000e+00 8.466427e-06 0.000000e+00 8.556162e-06)
(1.134798e-05 -2.762138e-06 0.000000e+00 7.569396e-06 0.000000e+00 7.890007e-06)
(1.032329e-05 -2.062561e-06 0.000000e+00 6.827991e-06 0.000000e+00 7.435805e-06)
(9.544413e-06 -1.419040e-06 0.000000e+00 6.214171e-06 0.000000e+00 7.141415e-06)
(9.058377e-06 -8.285364e-07 0.000000e+00 5.685690e-06 0.000000e+00 6.932554e-06)
(8.810567e-06 -3.008632e-07 0.000000e+00 5.237812e-06 0.000000e+00 6.807553e-06)
(8.742913e-06 1.725562e-07 0.000000e+00 4.867576e-06 0.000000e+00 6.780239e-06)
(8.823979e-06 5.876325e-07 0.000000e+00 4.562486e-06 0.000000e+00 6.821845e-06)
(9.048383e-06 9.423296e-07 0.000000e+00 4.300180e-06 0.000000e+00 6.903662e-06)
(9.378066e-06 1.230013e-06 0.000000e+00 4.055552e-06 0.000000e+00 6.992376e-06)
(9.784831e-06 1.460256e-06 0.000000e+00 3.808300e-06 0.000000e+00 7.077485e-06)
(1.024366e-05 1.639772e-06 0.000000e+00 3.548106e-06 0.000000e+00 7.145591e-06)
(1.074214e-05 1.771569e-06 0.000000e+00 3.264392e-06 0.000000e+00 7.188379e-06)
(1.129200e-05 1.861341e-06 0.000000e+00 2.950491e-06 0.000000e+00 7.202163e-06)
(1.191265e-05 1.912878e-06 0.000000e+00 2.605107e-06 0.000000e+00 7.197109e-06)
(1.261437e-05 1.933751e-06 0.000000e+00 2.235155e-06 0.000000e+00 7.162669e-06)
(1.340851e-05 1.927982e-06 0.000000e+00 1.852865e-06 0.000000e+00 7.069986e-06)
(1.429540e-05 1.893247e-06 0.000000e+00 1.473934e-06 0.000000e+00 6.885258e-06)
(1.522157e-05 1.817570e-06 0.000000e+00 1.116013e-06 0.000000e+00 6.576894e-06)
(1.603281e-05 1.683623e-06 0.000000e+00 7.957808e-07 0.000000e+00 6.120804e-06)
(1.637610e-05 1.466231e-06 0.000000e+00 5.268281e-07 0.000000e+00 5.482792e-06)
(1.569392e-05 1.156408e-06 0.000000e+00 3.169229e-07 0.000000e+00 4.661371e-06)
(1.347632e-05 7.829045e-07 0.000000e+00 1.658721e-07 0.000000e+00 3.688284e-06)
(9.652492e-06 4.186038e-07 0.000000e+00 7.065716e-08 0.000000e+00 2.619982e-06)
(5.212610e-06 1.530859e-07 0.000000e+00 2.092002e-08 0.000000e+00 1.548113e-06)
(1.737632e-06 2.824797e-08 0.000000e+00 2.959238e-09 0.000000e+00 6.196311e-07)
(1.947747e-07 1.519294e-09 0.000000e+00 1.099007e-10 0.000000e+00 8.147402e-08)
