0.0121851 	-0.000766375 	0.000107559 	-1.44742e-18
0.0265223 	-0.0018227 	0.000246041 	4.87817e-19
0.053057 	-0.000819548 	0.000102075 	6.60494e-19
0.102176 	0.00117464 	-0.000340444 	3.82411e-21
0.19313 	0.000605322 	-0.000154346 	-3.0679e-19
0.361665 	-0.000307433 	-0.00063897 	5.73654e-19
0.674334 	0.0042911 	-0.00123539 	1.91731e-19
1.25576 	0.0175028 	-0.000975937 	5.04654e-21
1.9972 	0.0285477 	-0.000726277 	-4.90161e-20
2.5362 	0.0332237 	-0.00046054 	-2.2373e-20
2.79743 	0.0327649 	-0.000280866 	0
2.92445 	0.0283743 	-0.000128835 	-5.5149e-20
2.98632 	0.0197692 	-3.64669e-05 	6.62889e-20
3.01648 	0.00918659 	-4.69455e-06 	1.14115e-20
3.03118 	0.00244252 	1.18306e-07 	-1.33182e-20
