0.00526945 	-0.000533397 	-1.69164e-05 	-2.15709e-23
0.0162982 	-0.000851415 	-4.81873e-05 	-4.5572e-23
0.028352 	0.000170161 	-8.40026e-05 	-6.92223e-23
0.0415262 	0.00193657 	-0.000120242 	-5.66705e-23
0.055925 	0.00363414 	-0.000120718 	4.5941e-24
0.0716621 	0.00460819 	-7.46124e-05 	5.97898e-23
0.088862 	0.0046046 	-2.61046e-05 	5.5339e-23
0.107661 	0.00384541 	-1.19375e-05 	1.69667e-23
0.128207 	0.00271946 	-3.35681e-05 	0
0.150662 	0.00154978 	-9.04318e-05 	0
0.175205 	0.000565996 	-0.000181294 	-1.82272e-23
0.20203 	-8.44166e-05 	-0.000294315 	-6.99508e-23
0.231347 	-0.000333004 	-0.000416322 	-1.60037e-22
0.26339 	-0.000175936 	-0.000540433 	-2.84953e-22
0.298411 	0.000351938 	-0.000663708 	-1.54276e-22
0.336687 	0.00119507 	-0.000786523 	6.46782e-23
0.378521 	0.00229263 	-0.000911267 	-3.70379e-23
0.424244 	0.00359117 	-0.00103938 	-3.5115e-22
0.474216 	0.00504712 	-0.00116955 	-1.52972e-22
0.528833 	0.00661633 	-0.00129778 	-5.29583e-24
0.588527 	0.00823743 	-0.00141988 	-1.79063e-22
0.65377 	0.00982983 	-0.00153194 	-7.83162e-23
0.725077 	0.0113299 	-0.00162307 	-1.29567e-21
0.803012 	0.0127674 	-0.00166757 	-2.5329e-22
0.888191 	0.0143427 	-0.00162875 	1.74442e-21
0.981287 	0.0164131 	-0.00147885 	2.80848e-21
1.08304 	0.019142 	-0.00123941 	3.37666e-21
1.19424 	0.0218743 	-0.00100577 	1.91566e-22
1.31579 	0.0236325 	-0.00088981 	0
1.44863 	0.0246655 	-0.000850821 	0
1.58737 	0.0254755 	-0.000794817 	3.5305e-24
1.72021 	0.0261352 	-0.000724737 	2.12157e-21
1.84176 	0.0266414 	-0.00065718 	-2.24918e-21
1.95296 	0.0270303 	-0.00059693 	2.45491e-21
2.05471 	0.0273363 	-0.000543859 	-1.21675e-21
2.14781 	0.0275833 	-0.000496122 	5.23346e-23
2.23299 	0.0277848 	-0.000452704 	6.22418e-23
2.31092 	0.0279469 	-0.000413471 	1.8877e-21
2.38223 	0.0280703 	-0.000378093 	2.11775e-21
2.44747 	0.0281525 	-0.000345788 	2.38969e-21
2.50717 	0.0281878 	-0.000316809 	5.01016e-24
2.56178 	0.0281704 	-0.0002896 	1.62289e-21
2.61176 	0.0280862 	-0.000264564 	9.34309e-22
2.65748 	0.0279098 	-0.000240754 	1.14048e-23
2.69931 	0.0275962 	-0.000217631 	-1.1371e-21
2.73759 	0.0270681 	-0.000193946 	-1.22357e-21
2.77261 	0.0262232 	-0.000166725 	-6.30821e-22
2.80465 	0.0250119 	-0.000133943 	-1.06322e-23
2.83397 	0.0235031 	-9.79415e-05 	-1.66832e-23
2.86079 	0.0218255 	-6.27474e-05 	-3.10288e-22
2.88534 	0.0200853 	-3.16411e-05 	-1.94646e-23
2.90779 	0.0183332 	-6.7112e-06 	2.47834e-22
2.92834 	0.0165668 	1.09932e-05 	-2.354e-22
2.94714 	0.0147428 	2.15034e-05 	1.13156e-22
2.96434 	0.0127894 	2.56317e-05 	-1.4311e-22
2.98008 	0.0106329 	2.32889e-05 	-1.30889e-22
2.99447 	0.00825749 	1.75757e-05 	-1.23242e-22
3.00765 	0.00576693 	1.04973e-05 	-1.53491e-22
3.0197 	0.00332832 	4.08572e-06 	-1.18153e-22
3.03073 	0.00105604 	-7.74674e-08 	1.40284e-24
