0.0162965 	-0.00226224 	-4.40132e-05 	-1.63293e-22
0.0283474 	-0.00298053 	-0.00010717 	-9.12239e-23
0.0415165 	-0.00304476 	-0.000183334 	-2.07195e-23
0.0559075 	-0.00257456 	-0.000251289 	-4.32926e-23
0.0716335 	-0.0017244 	-0.000288185 	-3.99418e-23
0.0888181 	-0.000678421 	-0.000275871 	3.05436e-24
0.107596 	0.000338546 	-0.00020777 	3.71333e-23
0.128115 	0.00110158 	-8.20849e-05 	6.28571e-23
0.150536 	0.00148447 	9.28592e-05 	2.13111e-22
0.175034 	0.00148634 	0.000286816 	-3.02048e-23
0.201802 	0.00116536 	0.00046647 	-1.5214e-22
0.231047 	0.000592206 	0.000608036 	4.99459e-23
0.263 	-0.000152867 	0.000689455 	-3.59071e-22
0.297909 	-0.000977095 	0.000691311 	-9.17497e-22
0.336046 	-0.00176926 	0.000599174 	-6.52e-23
0.377708 	-0.00239245 	0.00040632 	1.60772e-22
0.423217 	-0.00266797 	0.000117923 	4.96725e-24
0.472928 	-0.00238076 	-0.0002503 	4.85672e-21
0.527223 	-0.00131943 	-0.000673557 	3.44963e-21
0.586521 	0.000630603 	-0.00112075 	-4.56836e-21
0.651278 	0.00341455 	-0.00157462 	5.91926e-21
0.721989 	0.00682636 	-0.00202922 	-6.7057e-21
0.799195 	0.0106046 	-0.00243016 	-1.33848e-22
0.883481 	0.0144784 	-0.00264259 	3.76659e-23
0.975482 	0.0182542 	-0.00257069 	-2.28858e-23
1.07589 	0.0215182 	-0.00223651 	1.18929e-20
1.18545 	0.0234269 	-0.00195123 	9.69883e-21
1.30498 	0.0247043 	-0.00173613 	-1.4851e-20
1.43533 	0.0257683 	-0.00153868 	2.18806e-21
1.57285 	0.0266474 	-0.00137911 	1.10545e-21
1.69148 	0.0272699 	-0.00126786 	6.52278e-22
1.75531 	0.0275706 	-0.00121401 	-2.34706e-21
1.82883 	0.0278759 	-0.00115718 	-5.31423e-21
1.94142 	0.0282984 	-0.00107313 	-1.49621e-21
2.0444 	0.0286363 	-0.000997002 	1.08653e-21
2.1386 	0.0289099 	-0.000927254 	-3.36812e-22
2.22476 	0.0291304 	-0.000863353 	-1.29939e-22
2.30358 	0.0293044 	-0.00080473 	-3.01508e-21
2.37568 	0.0294349 	-0.00075107 	-1.80007e-21
2.44163 	0.0295224 	-0.000702147 	2.9237e-21
2.50196 	0.0295646 	-0.000657626 	-2.2402e-22
2.55715 	0.0295574 	-0.00061726 	2.25057e-21
2.60765 	0.0294951 	-0.000580705 	-1.55424e-21
2.65384 	0.0293713 	-0.000547572 	6.10814e-22
2.69609 	0.0291752 	-0.000517316 	1.48795e-21
2.73475 	0.0288767 	-0.000488017 	-1.32802e-22
2.77012 	0.0284217 	-0.000457088 	-3.69e-21
2.80248 	0.0277359 	-0.00042223 	1.84498e-21
2.83208 	0.0267585 	-0.000382166 	-9.63154e-22
2.85916 	0.0254838 	-0.000337418 	4.55694e-23
2.88394 	0.0239585 	-0.000289744 	2.34877e-21
2.90661 	0.022229 	-0.000241099 	-1.1788e-21
2.92735 	0.020306 	-0.000192884 	2.8955e-21
2.94632 	0.0181487 	-0.000146407 	-1.70182e-21
2.96368 	0.0156918 	-0.000102863 	1.09415e-21
2.97956 	0.0129004 	-6.48752e-05 	1.97041e-24
2.99409 	0.00984698 	-3.46173e-05 	-6.05516e-22
3.00739 	0.00673901 	-1.29068e-05 	3.46022e-22
3.01955 	0.00379929 	-9.81165e-07 	5.46851e-24
3.03068 	0.0011687 	-5.79279e-07 	7.34173e-22
