0.0047413 	0.0011237 	-5.00344e-06 	8.78544e-23
0.0182171 	0.00300252 	-2.00953e-05 	-2.11381e-22
0.0431707 	0.00334931 	-7.62689e-05 	-2.73638e-22
0.0893435 	0.00398916 	-0.00010914 	-9.63031e-22
0.174779 	0.00406979 	-0.000244419 	-7.02253e-21
0.332866 	0.00373548 	-0.000423973 	0
0.625381 	0.00604936 	-0.00101384 	0
1.16664 	0.0152327 	-0.00114846 	0
1.90936 	0.0264697 	-0.000753706 	0
2.49162 	0.0318002 	-0.000393092 	2.49381e-20
2.77561 	0.0315335 	-0.000219683 	-6.50685e-21
2.91414 	0.026474 	-7.87004e-05 	0
2.9817 	0.0193599 	9.37343e-07 	1.28355e-21
3.01466 	0.00967949 	-2.25354e-06 	-8.52345e-22
3.03073 	0.00247134 	1.0046e-06 	-1.25195e-22
