0.45535 	-0.00121793 	0.000866466 	-2.99729e-18
0.468539 	-0.00300442 	0.00231556 	2.52444e-18
0.492914 	-0.00423749 	0.00325399 	0
0.537912 	-0.00360823 	0.002798 	-1.19051e-18
0.620827 	-0.00146991 	0.00166091 	1.06917e-18
0.773106 	0.00287535 	6.26771e-05 	0
1.05122 	0.0123678 	-0.00102567 	-7.75695e-20
1.55473 	0.0232745 	-0.00073298 	0
2.17781 	0.030987 	-0.000512731 	-5.7151e-20
2.62227 	0.0341628 	-0.000304529 	6.95826e-20
2.83832 	0.0329788 	-0.00020796 	0
2.94353 	0.0284048 	-0.000145272 	-4.47753e-20
2.99481 	0.0195723 	-7.47091e-05 	3.36552e-20
3.01981 	0.00912939 	-1.40705e-05 	4.79798e-20
3.032 	0.00277996 	-2.33992e-06 	-5.2428e-23
