0.453286 3.359744e-07 2.595792e-07 0.000000e+00 2.008028e-07 0.000000e+00 1.198760e-06
0.465066 3.969713e-06 2.903382e-06 0.000000e+00 2.243315e-06 0.000000e+00 1.441211e-05
0.480158 8.764037e-06 5.836723e-06 0.000000e+00 4.802210e-06 0.000000e+00 3.315794e-05
0.499490 1.176824e-05 6.638338e-06 0.000000e+00 6.683602e-06 0.000000e+00 4.728895e-05
0.524245 1.333053e-05 5.469759e-06 0.000000e+00 8.295668e-06 0.000000e+00 5.486718e-05
0.555933 1.469905e-05 3.136506e-06 0.000000e+00 1.009579e-05 0.000000e+00 5.686743e-05
0.582514 1.589505e-05 1.180259e-06 0.000000e+00 1.152898e-05 0.000000e+00 5.570914e-05
0.605288 1.699134e-05 -3.775561e-07 0.000000e+00 1.272876e-05 0.000000e+00 5.388967e-05
0.648396 1.917496e-05 -3.016008e-06 0.000000e+00 1.496047e-05 0.000000e+00 4.971220e-05
0.714720 2.231417e-05 -6.403962e-06 0.000000e+00 1.806073e-05 0.000000e+00 4.338286e-05
0.799378 2.591302e-05 -9.840365e-06 0.000000e+00 2.120755e-05 0.000000e+00 3.750160e-05
0.907315 2.963695e-05 -1.289193e-05 0.000000e+00 2.376901e-05 0.000000e+00 3.306348e-05
1.044750 3.294160e-05 -1.511790e-05 0.000000e+00 2.485550e-05 0.000000e+00 2.953325e-05
1.219450 3.553187e-05 -1.568624e-05 0.000000e+00 2.406831e-05 0.000000e+00 2.714101e-05
1.441120 3.477044e-05 -1.420697e-05 0.000000e+00 2.087646e-05 0.000000e+00 2.369079e-05
1.721800 2.890701e-05 -1.042906e-05 0.000000e+00 1.582630e-05 0.000000e+00 1.794403e-05
2.009640 1.997914e-05 -6.440068e-06 0.000000e+00 1.110015e-05 0.000000e+00 1.203099e-05
2.242710 1.392925e-05 -3.734518e-06 0.000000e+00 8.026546e-06 0.000000e+00 8.517424e-06
2.424110 1.080124e-05 -1.889945e-06 0.000000e+00 6.095812e-06 0.000000e+00 7.114858e-06
2.565360 9.698926e-06 -4.807309e-07 0.000000e+00 4.959410e-06 0.000000e+00 6.774205e-06
2.675390 9.989732e-06 6.932897e-07 0.000000e+00 4.326536e-06 0.000000e+00 6.963888e-06
2.761120 1.129367e-05 1.574480e-06 0.000000e+00 3.895999e-06 0.000000e+00 7.252036e-06
2.827940 1.289539e-05 2.096653e-06 0.000000e+00 3.427022e-06 0.000000e+00 7.405364e-06
2.880010 1.446123e-05 2.281540e-06 0.000000e+00 2.797113e-06 0.000000e+00 7.377324e-06
2.920610 1.591844e-05 2.228669e-06 0.000000e+00 2.018834e-06 0.000000e+00 7.152621e-06
2.952260 1.698635e-05 1.985323e-06 0.000000e+00 1.246973e-06 0.000000e+00 6.629447e-06
2.976940 1.679667e-05 1.538949e-06 0.000000e+00 6.338357e-07 0.000000e+00 5.655769e-06
2.996180 1.382715e-05 9.175868e-07 0.000000e+00 2.478005e-07 0.000000e+00 4.203733e-06
3.011180 7.915238e-06 3.409172e-07 0.000000e+00 6.444169e-08 0.000000e+00 2.503857e-06
3.022880 2.483074e-06 5.573679e-08 0.000000e+00 7.463735e-09 0.000000e+00 9.741680e-07
3.032000 1.715425e-07 7.471517e-10 0.000000e+00 1.062605e-10 0.000000e+00 9.669465e-08
