0.453286 6.284717e-08 -4.860534e-08 0.000000e+00 3.765091e-08 0.000000e+00 7.174840e-08
0.465066 8.115553e-07 -6.213837e-07 0.000000e+00 4.834944e-07 0.000000e+00 9.079064e-07
0.480158 2.331996e-06 -1.753297e-06 0.000000e+00 1.390850e-06 0.000000e+00 2.504166e-06
0.499490 4.240523e-06 -3.098878e-06 0.000000e+00 2.560797e-06 0.000000e+00 4.387019e-06
0.524245 5.905169e-06 -4.123975e-06 0.000000e+00 3.667948e-06 0.000000e+00 6.095240e-06
0.555933 6.934482e-06 -4.464205e-06 0.000000e+00 4.483592e-06 0.000000e+00 7.364675e-06
0.582514 7.327169e-06 -4.313634e-06 0.000000e+00 4.894107e-06 0.000000e+00 7.958772e-06
0.605288 7.517493e-06 -4.062255e-06 0.000000e+00 5.190337e-06 0.000000e+00 8.298366e-06
0.648396 7.763139e-06 -3.520093e-06 0.000000e+00 5.840792e-06 0.000000e+00 8.820664e-06
0.714720 8.689156e-06 -3.070129e-06 0.000000e+00 7.599893e-06 0.000000e+00 9.906749e-06
0.799378 1.307649e-05 -4.488923e-06 0.000000e+00 1.248443e-05 0.000000e+00 1.308424e-05
0.907315 3.182836e-05 -1.312865e-05 0.000000e+00 2.335276e-05 0.000000e+00 2.178189e-05
1.044750 6.748355e-05 -2.517284e-05 0.000000e+00 2.882323e-05 0.000000e+00 3.349258e-05
1.219450 4.610534e-05 -1.216900e-05 0.000000e+00 1.943499e-05 0.000000e+00 3.611038e-05
1.441120 2.492165e-05 -7.231723e-06 0.000000e+00 2.030587e-05 0.000000e+00 2.318421e-05
1.721800 2.250455e-05 -7.907539e-06 0.000000e+00 1.874259e-05 0.000000e+00 1.702295e-05
2.009640 1.882142e-05 -6.427658e-06 0.000000e+00 1.388702e-05 0.000000e+00 1.337826e-05
2.242710 1.399778e-05 -4.215991e-06 0.000000e+00 1.020744e-05 0.000000e+00 9.643854e-06
2.424110 1.058944e-05 -2.264001e-06 0.000000e+00 7.608930e-06 0.000000e+00 7.781205e-06
2.565360 8.817601e-06 -7.006843e-07 0.000000e+00 5.985013e-06 0.000000e+00 7.047264e-06
2.675390 8.477440e-06 4.064173e-07 0.000000e+00 4.899666e-06 0.000000e+00 6.896712e-06
2.761120 8.967320e-06 1.103242e-06 0.000000e+00 4.071638e-06 0.000000e+00 7.008512e-06
2.827940 9.983410e-06 1.488852e-06 0.000000e+00 3.265497e-06 0.000000e+00 7.167285e-06
2.880010 1.151663e-05 1.691473e-06 0.000000e+00 2.408517e-06 0.000000e+00 7.199145e-06
2.920610 1.389158e-05 1.782482e-06 0.000000e+00 1.573935e-06 0.000000e+00 6.959336e-06
2.952260 1.680823e-05 1.713174e-06 0.000000e+00 8.845163e-07 0.000000e+00 6.268322e-06
2.976940 1.827281e-05 1.361772e-06 0.000000e+00 4.154613e-07 0.000000e+00 5.026827e-06
2.996180 1.526003e-05 7.703207e-07 0.000000e+00 1.547057e-07 0.000000e+00 3.464865e-06
3.011180 8.317815e-06 2.587504e-07 0.000000e+00 3.928761e-08 0.000000e+00 1.939936e-06
3.022880 2.482946e-06 3.858533e-08 0.000000e+00 4.601201e-09 0.000000e+00 7.255592e-07
3.032000 1.594534e-07 4.551971e-10 0.000000e+00 3.710512e-11 0.000000e+00 6.628766e-08
