0.0047313 	0.00149275 	4.79931e-07 	1.15016e-22
0.0182171 	0.00459029 	-3.44748e-06 	-3.92836e-22
0.0431707 	0.00569833 	-3.16928e-05 	4.38004e-22
0.0893435 	0.00565234 	-8.73063e-05 	-1.22468e-21
0.174779 	0.00585746 	-0.000166921 	-8.2476e-21
0.332866 	0.0057177 	-0.000327036 	-1.45556e-20
0.625381 	0.00736332 	-0.000636084 	0
1.16664 	0.0150398 	-0.000760817 	0
1.90936 	0.0258024 	-0.000520138 	0
2.49162 	0.0310602 	-0.00024713 	0
2.77561 	0.0306578 	-0.000126622 	-6.87083e-21
2.91414 	0.0252287 	-3.53214e-05 	0
2.9817 	0.0189572 	5.16024e-06 	-1.44209e-21
3.01466 	0.00948313 	-6.29587e-07 	-1.00468e-21
3.03073 	0.0024342 	-6.85328e-08 	-1.35341e-22
