0.007000 2.204497e-06 -2.114693e-09 0.000000e+00 1.139507e-08 0.000000e+00 2.873070e-06
0.014584 6.594838e-06 -3.451522e-08 0.000000e+00 1.422390e-07 0.000000e+00 8.584533e-06
0.022168 1.045207e-05 -1.385330e-07 0.000000e+00 4.923157e-07 0.000000e+00 1.379846e-05
0.029752 1.325730e-05 -3.175689e-07 0.000000e+00 1.063537e-06 0.000000e+00 1.777579e-05
0.037336 1.521806e-05 -5.512109e-07 0.000000e+00 1.808763e-06 0.000000e+00 2.065946e-05
0.044920 1.662233e-05 -8.191066e-07 0.000000e+00 2.671067e-06 0.000000e+00 2.275355e-05
0.052504 1.765959e-05 -1.108524e-06 0.000000e+00 3.607039e-06 0.000000e+00 2.427265e-05
0.060088 1.846244e-05 -1.411248e-06 0.000000e+00 4.581808e-06 0.000000e+00 2.537750e-05
0.067672 1.911789e-05 -1.722426e-06 0.000000e+00 5.570271e-06 0.000000e+00 2.618153e-05
0.075256 1.968097e-05 -2.038902e-06 0.000000e+00 6.555313e-06 0.000000e+00 2.676934e-05
0.082840 2.018442e-05 -2.359049e-06 0.000000e+00 7.524909e-06 0.000000e+00 2.719687e-05
0.090424 2.065229e-05 -2.681781e-06 0.000000e+00 8.471540e-06 0.000000e+00 2.750791e-05
0.098007 2.109879e-05 -3.006346e-06 0.000000e+00 9.388931e-06 0.000000e+00 2.773571e-05
0.105591 2.153134e-05 -3.332617e-06 0.000000e+00 1.027518e-05 0.000000e+00 2.790205e-05
0.113175 2.195434e-05 -3.659834e-06 0.000000e+00 1.112713e-05 0.000000e+00 2.802284e-05
0.120759 2.237258e-05 -3.988163e-06 0.000000e+00 1.194452e-05 0.000000e+00 2.811048e-05
0.128343 2.278814e-05 -4.317122e-06 0.000000e+00 1.272917e-05 0.000000e+00 2.817808e-05
0.135927 2.320319e-05 -4.646229e-06 0.000000e+00 1.347839e-05 0.000000e+00 2.823291e-05
0.143511 2.362086e-05 -4.975686e-06 0.000000e+00 1.419407e-05 0.000000e+00 2.828015e-05
0.151095 2.404203e-05 -5.305635e-06 0.000000e+00 1.487924e-05 0.000000e+00 2.832513e-05
0.158679 2.446832e-05 -5.636009e-06 0.000000e+00 1.553515e-05 0.000000e+00 2.837245e-05
0.166263 2.490136e-05 -5.965960e-06 0.000000e+00 1.616282e-05 0.000000e+00 2.842472e-05
0.173847 2.534152e-05 -6.295434e-06 0.000000e+00 1.676421e-05 0.000000e+00 2.848124e-05
0.181431 2.578781e-05 -6.624083e-06 0.000000e+00 1.734135e-05 0.000000e+00 2.854140e-05
0.189015 2.623976e-05 -6.951562e-06 0.000000e+00 1.789649e-05 0.000000e+00 2.860515e-05
0.196599 2.669662e-05 -7.277965e-06 0.000000e+00 1.843182e-05 0.000000e+00 2.867263e-05
0.204183 2.715614e-05 -7.603715e-06 0.000000e+00 1.894981e-05 0.000000e+00 2.874280e-05
0.211767 2.761856e-05 -7.926792e-06 0.000000e+00 1.945128e-05 0.000000e+00 2.881691e-05
0.219351 2.808214e-05 -8.247931e-06 0.000000e+00 1.993786e-05 0.000000e+00 2.889033e-05
0.226935 2.854875e-05 -8.565685e-06 0.000000e+00 2.040817e-05 0.000000e+00 2.896697e-05
0.234519 2.901589e-05 -8.881073e-06 0.000000e+00 2.086631e-05 0.000000e+00 2.904668e-05
0.242103 2.948209e-05 -9.194706e-06 0.000000e+00 2.131316e-05 0.000000e+00 2.913021e-05
0.249687 2.995044e-05 -9.503760e-06 0.000000e+00 2.174295e-05 0.000000e+00 2.922576e-05
0.257271 3.042387e-05 -9.811410e-06 0.000000e+00 2.216522e-05 0.000000e+00 2.933237e-05
0.264855 3.090796e-05 -1.011634e-05 0.000000e+00 2.257557e-05 0.000000e+00 2.946184e-05
0.272439 3.139672e-05 -1.041797e-05 0.000000e+00 2.297512e-05 0.000000e+00 2.961254e-05
0.280023 3.189309e-05 -1.071975e-05 0.000000e+00 2.336599e-05 0.000000e+00 2.978519e-05
0.287607 3.239068e-05 -1.101826e-05 0.000000e+00 2.374635e-05 0.000000e+00 2.997621e-05
0.295190 3.289453e-05 -1.131711e-05 0.000000e+00 2.411884e-05 0.000000e+00 3.018305e-05
0.302774 3.339802e-05 -1.161312e-05 0.000000e+00 2.448166e-05 0.000000e+00 3.039881e-05
0.310358 3.390468e-05 -1.190819e-05 0.000000e+00 2.483386e-05 0.000000e+00 3.061988e-05
0.317942 3.440857e-05 -1.219949e-05 0.000000e+00 2.517681e-05 0.000000e+00 3.084461e-05
0.325526 3.491434e-05 -1.248944e-05 0.000000e+00 2.550876e-05 0.000000e+00 3.107069e-05
0.333110 3.541744e-05 -1.277604e-05 0.000000e+00 2.583035e-05 0.000000e+00 3.129455e-05
0.340694 3.591582e-05 -1.305823e-05 0.000000e+00 2.614166e-05 0.000000e+00 3.151941e-05
0.348278 3.641127e-05 -1.333798e-05 0.000000e+00 2.644170e-05 0.000000e+00 3.173374e-05
0.355862 3.690035e-05 -1.361211e-05 0.000000e+00 2.673181e-05 0.000000e+00 3.195007e-05
0.363446 3.738697e-05 -1.388280e-05 0.000000e+00 2.701155e-05 0.000000e+00 3.215990e-05
0.371030 3.786710e-05 -1.414795e-05 0.000000e+00 2.727821e-05 0.000000e+00 3.237561e-05
0.378614 3.834644e-05 -1.441201e-05 0.000000e+00 2.754009e-05 0.000000e+00 3.259256e-05
0.386198 3.881745e-05 -1.466923e-05 0.000000e+00 2.778792e-05 0.000000e+00 3.282542e-05
0.393782 3.928976e-05 -1.492623e-05 0.000000e+00 2.803207e-05 0.000000e+00 3.306431e-05
0.401366 3.976217e-05 -1.518142e-05 0.000000e+00 2.826654e-05 0.000000e+00 3.331606e-05
0.408950 4.023831e-05 -1.543419e-05 0.000000e+00 2.849611e-05 0.000000e+00 3.356937e-05
0.416534 4.072078e-05 -1.568428e-05 0.000000e+00 2.871682e-05 0.000000e+00 3.383208e-05
0.424118 4.120112e-05 -1.593132e-05 0.000000e+00 2.893380e-05 0.000000e+00 3.409023e-05
0.431702 4.167848e-05 -1.617568e-05 0.000000e+00 2.914452e-05 0.000000e+00 3.435127e-05
0.439286 4.214969e-05 -1.641337e-05 0.000000e+00 2.934827e-05 0.000000e+00 3.460495e-05
0.446870 4.261579e-05 -1.664742e-05 0.000000e+00 2.954776e-05 0.000000e+00 3.485745e-05
0.454454 4.308157e-05 -1.688120e-05 0.000000e+00 2.974183e-05 0.000000e+00 3.509489e-05
0.462038 4.354748e-05 -1.711365e-05 0.000000e+00 2.993199e-05 0.000000e+00 3.532462e-05
0.469622 4.401159e-05 -1.733839e-05 0.000000e+00 3.011360e-05 0.000000e+00 3.554705e-05
0.477206 4.447515e-05 -1.756017e-05 0.000000e+00 3.029106e-05 0.000000e+00 3.576528e-05
0.484789 4.493994e-05 -1.778605e-05 0.000000e+00 3.046345e-05 0.000000e+00 3.596817e-05
0.492373 4.540569e-05 -1.800565e-05 0.000000e+00 3.063063e-05 0.000000e+00 3.616739e-05
0.499957 4.587274e-05 -1.820837e-05 0.000000e+00 3.078485e-05 0.000000e+00 3.636280e-05
0.507541 4.634235e-05 -1.841600e-05 0.000000e+00 3.093842e-05 0.000000e+00 3.653890e-05
0.515125 4.681306e-05 -1.862847e-05 0.000000e+00 3.109239e-05 0.000000e+00 3.670509e-05
0.522709 4.728452e-05 -1.881410e-05 0.000000e+00 3.122423e-05 0.000000e+00 3.687665e-05
0.530293 4.775382e-05 -1.899415e-05 0.000000e+00 3.135119e-05 0.000000e+00 3.704687e-05
0.537877 4.821448e-05 -1.919391e-05 0.000000e+00 3.149408e-05 0.000000e+00 3.719031e-05
0.545461 4.868252e-05 -1.937485e-05 0.000000e+00 3.160748e-05 0.000000e+00 3.735189e-05
0.553045 4.915391e-05 -1.953531e-05 0.000000e+00 3.169125e-05 0.000000e+00 3.753399e-05
0.560629 4.959984e-05 -1.971910e-05 0.000000e+00 3.182541e-05 0.000000e+00 3.768587e-05
0.568213 5.005578e-05 -1.988830e-05 0.000000e+00 3.194021e-05 0.000000e+00 3.786233e-05
0.575797 5.053426e-05 -2.003144e-05 0.000000e+00 3.201598e-05 0.000000e+00 3.808097e-05
0.583381 5.098316e-05 -2.019676e-05 0.000000e+00 3.211358e-05 0.000000e+00 3.824872e-05
0.590965 5.142777e-05 -2.036080e-05 0.000000e+00 3.220729e-05 0.000000e+00 3.841054e-05
0.598549 5.188274e-05 -2.049984e-05 0.000000e+00 3.226900e-05 0.000000e+00 3.859353e-05
0.606133 5.232988e-05 -2.064414e-05 0.000000e+00 3.233464e-05 0.000000e+00 3.875392e-05
0.613717 5.277187e-05 -2.079576e-05 0.000000e+00 3.240791e-05 0.000000e+00 3.889118e-05
0.621301 5.320395e-05 -2.093224e-05 0.000000e+00 3.246315e-05 0.000000e+00 3.903557e-05
0.628885 5.363332e-05 -2.106008e-05 0.000000e+00 3.250936e-05 0.000000e+00 3.918446e-05
0.636469 5.405596e-05 -2.118931e-05 0.000000e+00 3.255664e-05 0.000000e+00 3.932185e-05
0.644053 5.447880e-05 -2.132029e-05 0.000000e+00 3.260699e-05 0.000000e+00 3.945475e-05
0.651637 5.488669e-05 -2.143373e-05 0.000000e+00 3.263295e-05 0.000000e+00 3.960186e-05
0.659221 5.529293e-05 -2.154646e-05 0.000000e+00 3.265956e-05 0.000000e+00 3.975260e-05
0.666805 5.568600e-05 -2.165800e-05 0.000000e+00 3.268090e-05 0.000000e+00 3.989366e-05
0.674388 5.607767e-05 -2.176967e-05 0.000000e+00 3.270338e-05 0.000000e+00 4.003680e-05
0.681972 5.643872e-05 -2.186630e-05 0.000000e+00 3.270913e-05 0.000000e+00 4.016996e-05
0.689556 5.679579e-05 -2.196165e-05 0.000000e+00 3.271384e-05 0.000000e+00 4.030298e-05
0.697140 5.712538e-05 -2.205169e-05 0.000000e+00 3.271385e-05 0.000000e+00 4.041168e-05
0.704724 5.744851e-05 -2.214002e-05 0.000000e+00 3.271558e-05 0.000000e+00 4.051636e-05
0.712308 5.773791e-05 -2.221958e-05 0.000000e+00 3.270405e-05 0.000000e+00 4.059162e-05
0.719892 5.801130e-05 -2.229396e-05 0.000000e+00 3.268797e-05 0.000000e+00 4.065444e-05
0.727476 5.827668e-05 -2.236737e-05 0.000000e+00 3.266860e-05 0.000000e+00 4.070866e-05
0.735060 5.851820e-05 -2.243398e-05 0.000000e+00 3.264684e-05 0.000000e+00 4.073021e-05
0.742644 5.876122e-05 -2.250045e-05 0.000000e+00 3.262252e-05 0.000000e+00 4.076027e-05
0.750228 5.898321e-05 -2.255196e-05 0.000000e+00 3.258801e-05 0.000000e+00 4.077267e-05
0.757812 5.920384e-05 -2.260256e-05 0.000000e+00 3.255370e-05 0.000000e+00 4.078211e-05
0.765396 5.942026e-05 -2.264667e-05 0.000000e+00 3.251611e-05 0.000000e+00 4.078493e-05
0.772980 5.963326e-05 -2.268587e-05 0.000000e+00 3.247960e-05 0.000000e+00 4.077357e-05
0.780564 5.984499e-05 -2.272241e-05 0.000000e+00 3.243976e-05 0.000000e+00 4.076577e-05
0.788148 6.005040e-05 -2.273984e-05 0.000000e+00 3.238618e-05 0.000000e+00 4.075156e-05
0.795732 6.025700e-05 -2.275895e-05 0.000000e+00 3.233324e-05 0.000000e+00 4.074145e-05
0.803316 6.045303e-05 -2.277005e-05 0.000000e+00 3.227824e-05 0.000000e+00 4.071751e-05
0.810900 6.064055e-05 -2.277597e-05 0.000000e+00 3.222285e-05 0.000000e+00 4.068898e-05
0.818484 6.082835e-05 -2.278165e-05 0.000000e+00 3.216663e-05 0.000000e+00 4.065868e-05
0.826068 6.099087e-05 -2.276752e-05 0.000000e+00 3.209103e-05 0.000000e+00 4.061086e-05
0.833652 6.114586e-05 -2.274938e-05 0.000000e+00 3.201424e-05 0.000000e+00 4.056100e-05
0.841236 6.129251e-05 -2.272879e-05 0.000000e+00 3.193571e-05 0.000000e+00 4.050253e-05
0.848820 6.139493e-05 -2.269707e-05 0.000000e+00 3.185922e-05 0.000000e+00 4.040874e-05
0.856404 6.149289e-05 -2.266469e-05 0.000000e+00 3.178449e-05 0.000000e+00 4.031090e-05
0.863987 6.157816e-05 -2.262424e-05 0.000000e+00 3.170272e-05 0.000000e+00 4.021132e-05
0.871571 6.163123e-05 -2.256325e-05 0.000000e+00 3.160504e-05 0.000000e+00 4.010415e-05
0.879155 6.168291e-05 -2.250124e-05 0.000000e+00 3.151188e-05 0.000000e+00 3.998919e-05
0.886739 6.172622e-05 -2.243903e-05 0.000000e+00 3.142004e-05 0.000000e+00 3.986991e-05
0.894323 6.173902e-05 -2.237047e-05 0.000000e+00 3.133599e-05 0.000000e+00 3.972866e-05
0.901907 6.175485e-05 -2.230289e-05 0.000000e+00 3.125254e-05 0.000000e+00 3.958958e-05
0.909491 6.176346e-05 -2.222975e-05 0.000000e+00 3.115677e-05 0.000000e+00 3.944475e-05
0.917075 6.175881e-05 -2.214017e-05 0.000000e+00 3.103849e-05 0.000000e+00 3.927716e-05
0.924659 6.175451e-05 -2.204991e-05 0.000000e+00 3.092062e-05 0.000000e+00 3.910821e-05
0.932243 6.174196e-05 -2.195855e-05 0.000000e+00 3.080054e-05 0.000000e+00 3.893049e-05
0.939827 6.170299e-05 -2.186701e-05 0.000000e+00 3.068966e-05 0.000000e+00 3.871399e-05
0.947411 6.165923e-05 -2.177565e-05 0.000000e+00 3.058102e-05 0.000000e+00 3.848931e-05
0.954995 6.161119e-05 -2.168210e-05 0.000000e+00 3.046951e-05 0.000000e+00 3.826485e-05
0.962579 6.153201e-05 -2.156625e-05 0.000000e+00 3.032740e-05 0.000000e+00 3.804631e-05
0.970163 6.143416e-05 -2.143705e-05 0.000000e+00 3.016724e-05 0.000000e+00 3.783611e-05
0.977747 6.133839e-05 -2.130859e-05 0.000000e+00 3.000780e-05 0.000000e+00 3.762800e-05
0.985331 6.122502e-05 -2.118253e-05 0.000000e+00 2.985906e-05 0.000000e+00 3.739651e-05
0.992915 6.107559e-05 -2.105964e-05 0.000000e+00 2.973123e-05 0.000000e+00 3.712464e-05
1.000500 6.092685e-05 -2.093442e-05 0.000000e+00 2.960186e-05 0.000000e+00 3.685616e-05
1.008080 6.078418e-05 -2.081394e-05 0.000000e+00 2.947795e-05 0.000000e+00 3.658408e-05
1.015670 6.055191e-05 -2.064262e-05 0.000000e+00 2.928518e-05 0.000000e+00 3.634506e-05
1.023250 6.030311e-05 -2.046368e-05 0.000000e+00 2.908150e-05 0.000000e+00 3.610744e-05
1.030830 6.005605e-05 -2.028268e-05 0.000000e+00 2.887529e-05 0.000000e+00 3.587144e-05
1.038420 5.979612e-05 -2.011456e-05 0.000000e+00 2.868969e-05 0.000000e+00 3.561281e-05
1.046000 5.950164e-05 -1.997328e-05 0.000000e+00 2.855069e-05 0.000000e+00 3.532110e-05
1.053590 5.920206e-05 -1.983455e-05 0.000000e+00 2.841693e-05 0.000000e+00 3.502735e-05
1.061170 5.890654e-05 -1.969973e-05 0.000000e+00 2.828908e-05 0.000000e+00 3.472822e-05
1.068750 5.858456e-05 -1.952904e-05 0.000000e+00 2.810280e-05 0.000000e+00 3.444327e-05
1.076340 5.822175e-05 -1.930672e-05 0.000000e+00 2.783364e-05 0.000000e+00 3.419308e-05
1.083920 5.786349e-05 -1.909040e-05 0.000000e+00 2.757433e-05 0.000000e+00 3.394238e-05
1.091510 5.750388e-05 -1.887131e-05 0.000000e+00 2.730991e-05 0.000000e+00 3.368711e-05
1.099090 5.712255e-05 -1.867721e-05 0.000000e+00 2.711080e-05 0.000000e+00 3.338678e-05
1.106670 5.671428e-05 -1.851395e-05 0.000000e+00 2.699380e-05 0.000000e+00 3.302782e-05
1.114260 5.630102e-05 -1.834925e-05 0.000000e+00 2.686707e-05 0.000000e+00 3.267970e-05
1.121840 5.589122e-05 -1.818475e-05 0.000000e+00 2.674368e-05 0.000000e+00 3.232738e-05
1.129430 5.549093e-05 -1.800611e-05 0.000000e+00 2.658255e-05 0.000000e+00 3.200417e-05
1.137010 5.512402e-05 -1.777916e-05 0.000000e+00 2.628780e-05 0.000000e+00 3.178780e-05
1.144590 5.475053e-05 -1.755835e-05 0.000000e+00 2.600505e-05 0.000000e+00 3.156205e-05
1.152180 5.437613e-05 -1.733663e-05 0.000000e+00 2.571899e-05 0.000000e+00 3.133826e-05
1.159760 5.399954e-05 -1.711601e-05 0.000000e+00 2.543906e-05 0.000000e+00 3.110835e-05
1.167350 5.353667e-05 -1.692176e-05 0.000000e+00 2.522594e-05 0.000000e+00 3.079662e-05
1.174930 5.301812e-05 -1.674359e-05 0.000000e+00 2.505458e-05 0.000000e+00 3.043486e-05
1.182510 5.250365e-05 -1.656361e-05 0.000000e+00 2.487984e-05 0.000000e+00 3.007749e-05
1.190100 5.198733e-05 -1.638407e-05 0.000000e+00 2.470670e-05 0.000000e+00 2.971817e-05
1.197680 5.148594e-05 -1.619745e-05 0.000000e+00 2.450800e-05 0.000000e+00 2.937686e-05
1.205270 5.102215e-05 -1.598468e-05 0.000000e+00 2.422550e-05 0.000000e+00 2.908870e-05
1.212850 5.055649e-05 -1.577231e-05 0.000000e+00 2.394540e-05 0.000000e+00 2.879815e-05
1.220430 5.009137e-05 -1.555975e-05 0.000000e+00 2.366453e-05 0.000000e+00 2.850828e-05
1.228020 4.962336e-05 -1.534738e-05 0.000000e+00 2.338507e-05 0.000000e+00 2.821642e-05
1.235600 4.911826e-05 -1.514803e-05 0.000000e+00 2.315159e-05 0.000000e+00 2.789515e-05
1.243190 4.858600e-05 -1.495785e-05 0.000000e+00 2.294986e-05 0.000000e+00 2.755208e-05
1.250770 4.805759e-05 -1.476691e-05 0.000000e+00 2.274487e-05 0.000000e+00 2.721177e-05
1.258350 4.752949e-05 -1.457649e-05 0.000000e+00 2.254113e-05 0.000000e+00 2.687027e-05
1.265940 4.699494e-05 -1.437869e-05 0.000000e+00 2.232346e-05 0.000000e+00 2.654689e-05
1.273520 4.643556e-05 -1.416199e-05 0.000000e+00 2.206725e-05 0.000000e+00 2.627586e-05
1.281110 4.587438e-05 -1.394554e-05 0.000000e+00 2.181110e-05 0.000000e+00 2.600657e-05
1.288690 4.531391e-05 -1.372921e-05 0.000000e+00 2.155503e-05 0.000000e+00 2.573775e-05
1.296270 4.475374e-05 -1.351239e-05 0.000000e+00 2.129921e-05 0.000000e+00 2.546534e-05
1.303860 4.418156e-05 -1.330886e-05 0.000000e+00 2.107604e-05 0.000000e+00 2.516742e-05
1.311440 4.360530e-05 -1.311541e-05 0.000000e+00 2.087616e-05 0.000000e+00 2.485472e-05
1.319030 4.303250e-05 -1.292065e-05 0.000000e+00 2.067333e-05 0.000000e+00 2.454466e-05
1.326610 4.245397e-05 -1.272611e-05 0.000000e+00 2.047155e-05 0.000000e+00 2.423262e-05
1.334190 4.188707e-05 -1.253211e-05 0.000000e+00 2.026492e-05 0.000000e+00 2.392345e-05
1.341780 4.135732e-05 -1.233942e-05 0.000000e+00 2.004454e-05 0.000000e+00 2.362413e-05
1.349360 4.083022e-05 -1.214707e-05 0.000000e+00 1.982509e-05 0.000000e+00 2.332517e-05
1.356940 4.030204e-05 -1.195463e-05 0.000000e+00 1.960499e-05 0.000000e+00 2.302631e-05
1.364530 3.977294e-05 -1.176290e-05 0.000000e+00 1.938588e-05 0.000000e+00 2.272719e-05
1.372110 3.925861e-05 -1.158486e-05 0.000000e+00 1.919162e-05 0.000000e+00 2.242930e-05
1.379700 3.875193e-05 -1.141456e-05 0.000000e+00 1.901144e-05 0.000000e+00 2.213152e-05
1.387280 3.824356e-05 -1.124226e-05 0.000000e+00 1.882872e-05 0.000000e+00 2.183415e-05
1.394860 3.773515e-05 -1.107043e-05 0.000000e+00 1.864701e-05 0.000000e+00 2.153583e-05
1.402450 3.723661e-05 -1.090239e-05 0.000000e+00 1.846272e-05 0.000000e+00 2.124743e-05
1.410030 3.676268e-05 -1.074375e-05 0.000000e+00 1.827387e-05 0.000000e+00 2.098237e-05
1.417620 3.628337e-05 -1.058311e-05 0.000000e+00 1.808355e-05 0.000000e+00 2.071421e-05
1.425200 3.580446e-05 -1.042258e-05 0.000000e+00 1.789323e-05 0.000000e+00 2.044641e-05
1.432780 3.533117e-05 -1.026454e-05 0.000000e+00 1.770582e-05 0.000000e+00 2.018080e-05
1.440370 3.487876e-05 -1.011739e-05 0.000000e+00 1.753243e-05 0.000000e+00 1.992173e-05
1.447950 3.443510e-05 -9.974606e-06 0.000000e+00 1.736430e-05 0.000000e+00 1.966366e-05
1.455540 3.398944e-05 -9.830919e-06 0.000000e+00 1.719499e-05 0.000000e+00 1.940411e-05
1.463120 3.354281e-05 -9.687008e-06 0.000000e+00 1.702618e-05 0.000000e+00 1.914487e-05
1.470700 3.311975e-05 -9.550494e-06 0.000000e+00 1.685798e-05 0.000000e+00 1.889465e-05
1.478290 3.273285e-05 -9.424150e-06 0.000000e+00 1.668873e-05 0.000000e+00 1.865478e-05
1.485870 3.234183e-05 -9.296128e-06 0.000000e+00 1.651949e-05 0.000000e+00 1.841348e-05
1.493460 3.195072e-05 -9.168074e-06 0.000000e+00 1.634986e-05 0.000000e+00 1.817180e-05
1.501040 3.156276e-05 -9.041582e-06 0.000000e+00 1.618356e-05 0.000000e+00 1.793499e-05
1.508620 3.118684e-05 -8.920638e-06 0.000000e+00 1.603133e-05 0.000000e+00 1.771940e-05
1.516210 3.081305e-05 -8.800320e-06 0.000000e+00 1.588177e-05 0.000000e+00 1.750824e-05
1.523790 3.043939e-05 -8.680150e-06 0.000000e+00 1.573247e-05 0.000000e+00 1.729698e-05
1.531380 3.006530e-05 -8.559824e-06 0.000000e+00 1.558306e-05 0.000000e+00 1.708561e-05
1.538960 2.971111e-05 -8.445390e-06 0.000000e+00 1.543650e-05 0.000000e+00 1.689446e-05
1.546540 2.937546e-05 -8.336609e-06 0.000000e+00 1.529236e-05 0.000000e+00 1.672205e-05
1.554130 2.903702e-05 -8.226979e-06 0.000000e+00 1.514770e-05 0.000000e+00 1.654717e-05
1.561710 2.869849e-05 -8.117296e-06 0.000000e+00 1.500299e-05 0.000000e+00 1.637257e-05
1.569300 2.837117e-05 -8.011071e-06 0.000000e+00 1.486189e-05 0.000000e+00 1.620030e-05
1.576880 2.807735e-05 -7.915589e-06 0.000000e+00 1.473160e-05 0.000000e+00 1.603622e-05
1.584460 2.778426e-05 -7.820189e-06 0.000000e+00 1.460125e-05 0.000000e+00 1.587261e-05
1.592050 2.749084e-05 -7.724681e-06 0.000000e+00 1.447077e-05 0.000000e+00 1.570878e-05
1.599630 2.719921e-05 -7.630200e-06 0.000000e+00 1.434128e-05 0.000000e+00 1.554510e-05
1.607220 2.692414e-05 -7.542379e-06 0.000000e+00 1.421522e-05 0.000000e+00 1.538650e-05
1.614800 2.665655e-05 -7.457569e-06 0.000000e+00 1.409085e-05 0.000000e+00 1.523080e-05
1.622380 2.638754e-05 -7.372257e-06 0.000000e+00 1.396620e-05 0.000000e+00 1.507514e-05
1.629970 2.611945e-05 -7.287190e-06 0.000000e+00 1.384158e-05 0.000000e+00 1.491845e-05
1.637550 2.585635e-05 -7.204166e-06 0.000000e+00 1.371912e-05 0.000000e+00 1.476578e-05
1.645140 2.560026e-05 -7.124054e-06 0.000000e+00 1.359958e-05 0.000000e+00 1.461870e-05
1.652720 2.534293e-05 -7.043568e-06 0.000000e+00 1.347997e-05 0.000000e+00 1.447121e-05
1.660300 2.508652e-05 -6.963204e-06 0.000000e+00 1.336013e-05 0.000000e+00 1.432363e-05
1.667890 2.483346e-05 -6.884227e-06 0.000000e+00 1.324086e-05 0.000000e+00 1.417618e-05
1.675470 2.459632e-05 -6.811655e-06 0.000000e+00 1.312491e-05 0.000000e+00 1.403027e-05
1.683060 2.436005e-05 -6.739690e-06 0.000000e+00 1.300899e-05 0.000000e+00 1.388436e-05
1.690640 2.412417e-05 -6.667951e-06 0.000000e+00 1.289322e-05 0.000000e+00 1.373870e-05
1.698220 2.388933e-05 -6.596367e-06 0.000000e+00 1.277788e-05 0.000000e+00 1.359334e-05
1.705810 2.366897e-05 -6.529538e-06 0.000000e+00 1.266773e-05 0.000000e+00 1.345300e-05
1.713390 2.345750e-05 -6.465542e-06 0.000000e+00 1.256042e-05 0.000000e+00 1.331533e-05
1.720970 2.324623e-05 -6.401534e-06 0.000000e+00 1.245262e-05 0.000000e+00 1.317704e-05
1.728560 2.303378e-05 -6.337224e-06 0.000000e+00 1.234485e-05 0.000000e+00 1.303884e-05
1.736140 2.283128e-05 -6.275422e-06 0.000000e+00 1.223977e-05 0.000000e+00 1.290582e-05
1.743730 2.264684e-05 -6.217941e-06 0.000000e+00 1.213874e-05 0.000000e+00 1.278078e-05
1.751310 2.246150e-05 -6.160098e-06 0.000000e+00 1.203729e-05 0.000000e+00 1.265484e-05
1.758890 2.227645e-05 -6.102338e-06 0.000000e+00 1.193594e-05 0.000000e+00 1.252909e-05
1.766480 2.209205e-05 -6.044644e-06 0.000000e+00 1.183588e-05 0.000000e+00 1.240528e-05
1.774060 2.191810e-05 -5.988345e-06 0.000000e+00 1.174433e-05 0.000000e+00 1.229408e-05
1.781650 2.174339e-05 -5.931977e-06 0.000000e+00 1.165289e-05 0.000000e+00 1.218327e-05
1.789230 2.156912e-05 -5.875729e-06 0.000000e+00 1.156168e-05 0.000000e+00 1.207274e-05
1.796810 2.139511e-05 -5.819692e-06 0.000000e+00 1.147087e-05 0.000000e+00 1.196268e-05
1.804400 2.122515e-05 -5.767023e-06 0.000000e+00 1.138655e-05 0.000000e+00 1.186033e-05
1.811980 2.105666e-05 -5.715611e-06 0.000000e+00 1.130468e-05 0.000000e+00 1.176100e-05
1.819570 2.088794e-05 -5.664027e-06 0.000000e+00 1.122252e-05 0.000000e+00 1.166131e-05
1.827150 2.071953e-05 -5.612529e-06 0.000000e+00 1.114052e-05 0.000000e+00 1.156181e-05
1.834730 2.056105e-05 -5.560689e-06 0.000000e+00 1.106142e-05 0.000000e+00 1.146424e-05
1.842320 2.041148e-05 -5.508079e-06 0.000000e+00 1.098493e-05 0.000000e+00 1.136766e-05
1.849900 2.026097e-05 -5.455580e-06 0.000000e+00 1.090821e-05 0.000000e+00 1.127105e-05
1.857490 2.011073e-05 -5.403041e-06 0.000000e+00 1.083151e-05 0.000000e+00 1.117439e-05
1.865070 1.996660e-05 -5.351761e-06 0.000000e+00 1.075597e-05 0.000000e+00 1.107908e-05
1.872650 1.983803e-05 -5.303752e-06 0.000000e+00 1.068301e-05 0.000000e+00 1.098680e-05
1.880240 1.970751e-05 -5.255237e-06 0.000000e+00 1.060950e-05 0.000000e+00 1.089405e-05
1.887820 1.957763e-05 -5.206873e-06 0.000000e+00 1.053629e-05 0.000000e+00 1.080170e-05
1.895410 1.944763e-05 -5.158435e-06 0.000000e+00 1.046316e-05 0.000000e+00 1.070954e-05
1.902990 1.931164e-05 -5.105395e-06 0.000000e+00 1.039026e-05 0.000000e+00 1.062849e-05
1.910570 1.917566e-05 -5.052361e-06 0.000000e+00 1.031728e-05 0.000000e+00 1.054731e-05
1.918160 1.903943e-05 -4.999298e-06 0.000000e+00 1.024433e-05 0.000000e+00 1.046634e-05
1.925740 1.890349e-05 -4.946253e-06 0.000000e+00 1.017143e-05 0.000000e+00 1.038518e-05
1.933330 1.876799e-05 -4.898422e-06 0.000000e+00 1.010290e-05 0.000000e+00 1.031010e-05
1.940910 1.863285e-05 -4.852082e-06 0.000000e+00 1.003565e-05 0.000000e+00 1.023671e-05
1.948490 1.849785e-05 -4.805675e-06 0.000000e+00 9.968320e-06 0.000000e+00 1.016335e-05
1.956080 1.836246e-05 -4.759401e-06 0.000000e+00 9.901014e-06 0.000000e+00 1.008969e-05
1.963660 1.823134e-05 -4.709462e-06 0.000000e+00 9.831798e-06 0.000000e+00 1.002028e-05
1.971250 1.810314e-05 -4.656740e-06 0.000000e+00 9.760983e-06 0.000000e+00 9.953854e-06
1.978830 1.797532e-05 -4.604345e-06 0.000000e+00 9.690162e-06 0.000000e+00 9.887537e-06
1.986410 1.784740e-05 -4.551761e-06 0.000000e+00 9.619352e-06 0.000000e+00 9.821207e-06
1.994000 1.771737e-05 -4.500680e-06 0.000000e+00 9.550060e-06 0.000000e+00 9.753686e-06
2.001580 1.758462e-05 -4.452302e-06 0.000000e+00 9.483362e-06 0.000000e+00 9.684631e-06
2.009170 1.745220e-05 -4.403898e-06 0.000000e+00 9.416418e-06 0.000000e+00 9.615894e-06
2.016750 1.731935e-05 -4.355661e-06 0.000000e+00 9.349615e-06 0.000000e+00 9.546778e-06
2.024330 1.719074e-05 -4.305818e-06 0.000000e+00 9.283115e-06 0.000000e+00 9.480871e-06
2.031920 1.706716e-05 -4.254123e-06 0.000000e+00 9.216857e-06 0.000000e+00 9.418764e-06
2.039500 1.694375e-05 -4.202567e-06 0.000000e+00 9.150798e-06 0.000000e+00 9.356690e-06
2.047090 1.682042e-05 -4.150534e-06 0.000000e+00 9.084035e-06 0.000000e+00 9.294741e-06
2.054670 1.669522e-05 -4.101907e-06 0.000000e+00 9.022587e-06 0.000000e+00 9.231565e-06
2.062250 1.656912e-05 -4.054987e-06 0.000000e+00 8.963798e-06 0.000000e+00 9.167637e-06
2.069840 1.644293e-05 -4.007928e-06 0.000000e+00 8.904857e-06 0.000000e+00 9.103715e-06
2.077420 1.631660e-05 -3.961283e-06 0.000000e+00 8.846216e-06 0.000000e+00 9.039332e-06
2.085010 1.619351e-05 -3.910330e-06 0.000000e+00 8.784639e-06 0.000000e+00 8.981226e-06
2.092590 1.607236e-05 -3.857312e-06 0.000000e+00 8.721690e-06 0.000000e+00 8.926393e-06
2.100170 1.595105e-05 -3.804497e-06 0.000000e+00 8.658882e-06 0.000000e+00 8.871299e-06
2.107760 1.582962e-05 -3.751425e-06 0.000000e+00 8.595789e-06 0.000000e+00 8.815987e-06
2.115340 1.570794e-05 -3.700670e-06 0.000000e+00 8.535240e-06 0.000000e+00 8.762471e-06
2.122920 1.558591e-05 -3.651651e-06 0.000000e+00 8.476629e-06 0.000000e+00 8.710309e-06
2.130510 1.546377e-05 -3.602372e-06 0.000000e+00 8.417734e-06 0.000000e+00 8.657945e-06
2.138090 1.534194e-05 -3.553342e-06 0.000000e+00 8.358982e-06 0.000000e+00 8.605447e-06
2.145680 1.521822e-05 -3.502556e-06 0.000000e+00 8.299275e-06 0.000000e+00 8.554415e-06
2.153260 1.509230e-05 -3.449491e-06 0.000000e+00 8.238668e-06 0.000000e+00 8.505939e-06
2.160840 1.496658e-05 -3.396612e-06 0.000000e+00 8.178175e-06 0.000000e+00 8.457348e-06
2.168430 1.484077e-05 -3.343659e-06 0.000000e+00 8.117513e-06 0.000000e+00 8.408650e-06
2.176010 1.471381e-05 -3.290442e-06 0.000000e+00 8.057536e-06 0.000000e+00 8.360308e-06
2.183600 1.458309e-05 -3.236373e-06 0.000000e+00 7.999683e-06 0.000000e+00 8.313277e-06
2.191180 1.445234e-05 -3.182362e-06 0.000000e+00 7.942146e-06 0.000000e+00 8.266492e-06
2.198760 1.432164e-05 -3.128374e-06 0.000000e+00 7.884591e-06 0.000000e+00 8.219705e-06
2.206350 1.419017e-05 -3.073828e-06 0.000000e+00 7.826973e-06 0.000000e+00 8.172706e-06
2.213930 1.405591e-05 -3.015826e-06 0.000000e+00 7.769590e-06 0.000000e+00 8.124890e-06
2.221520 1.392037e-05 -2.956222e-06 0.000000e+00 7.712151e-06 0.000000e+00 8.076705e-06
2.229100 1.378528e-05 -2.896919e-06 0.000000e+00 7.654743e-06 0.000000e+00 8.028687e-06
2.236680 1.364988e-05 -2.837514e-06 0.000000e+00 7.597388e-06 0.000000e+00 7.980534e-06
2.244270 1.351372e-05 -2.777207e-06 0.000000e+00 7.540798e-06 0.000000e+00 7.931971e-06
2.251850 1.337703e-05 -2.715885e-06 0.000000e+00 7.485393e-06 0.000000e+00 7.883033e-06
2.259440 1.324039e-05 -2.654668e-06 0.000000e+00 7.429851e-06 0.000000e+00 7.834109e-06
2.267020 1.310370e-05 -2.593468e-06 0.000000e+00 7.374366e-06 0.000000e+00 7.785153e-06
2.274600 1.296808e-05 -2.532188e-06 0.000000e+00 7.318382e-06 0.000000e+00 7.737129e-06
2.282190 1.283614e-05 -2.470574e-06 0.000000e+00 7.260586e-06 0.000000e+00 7.692342e-06
2.289770 1.270459e-05 -2.409015e-06 0.000000e+00 7.202840e-06 0.000000e+00 7.647821e-06
2.297360 1.257282e-05 -2.347392e-06 0.000000e+00 7.144940e-06 0.000000e+00 7.603187e-06
2.304940 1.244148e-05 -2.285854e-06 0.000000e+00 7.087153e-06 0.000000e+00 7.558705e-06
2.312520 1.231240e-05 -2.224320e-06 0.000000e+00 7.029762e-06 0.000000e+00 7.515171e-06
2.320110 1.218405e-05 -2.162709e-06 0.000000e+00 6.972443e-06 0.000000e+00 7.471948e-06
2.327690 1.205579e-05 -2.101204e-06 0.000000e+00 6.915095e-06 0.000000e+00 7.428688e-06
2.335280 1.192743e-05 -2.039594e-06 0.000000e+00 6.857719e-06 0.000000e+00 7.385415e-06
2.342860 1.180164e-05 -1.977924e-06 0.000000e+00 6.799731e-06 0.000000e+00 7.342237e-06
2.350440 1.167807e-05 -1.916113e-06 0.000000e+00 6.741071e-06 0.000000e+00 7.299079e-06
2.358030 1.155392e-05 -1.854204e-06 0.000000e+00 6.682265e-06 0.000000e+00 7.255792e-06
2.365610 1.143012e-05 -1.792404e-06 0.000000e+00 6.623655e-06 0.000000e+00 7.212627e-06
2.373200 1.130912e-05 -1.730550e-06 0.000000e+00 6.565081e-06 0.000000e+00 7.170375e-06
2.380780 1.119299e-05 -1.668783e-06 0.000000e+00 6.506725e-06 0.000000e+00 7.129711e-06
2.388360 1.107598e-05 -1.606916e-06 0.000000e+00 6.448269e-06 0.000000e+00 7.088762e-06
2.395950 1.095915e-05 -1.545034e-06 0.000000e+00 6.389794e-06 0.000000e+00 7.047863e-06
2.403530 1.084583e-05 -1.483374e-06 0.000000e+00 6.331723e-06 0.000000e+00 7.009014e-06
2.411120 1.073816e-05 -1.421765e-06 0.000000e+00 6.274092e-06 0.000000e+00 6.973586e-06
2.418700 1.062994e-05 -1.360153e-06 0.000000e+00 6.216455e-06 0.000000e+00 6.937791e-06
2.426280 1.052176e-05 -1.298555e-06 0.000000e+00 6.158835e-06 0.000000e+00 6.901937e-06
2.433870 1.041825e-05 -1.237694e-06 0.000000e+00 6.101489e-06 0.000000e+00 6.870933e-06
2.441450 1.031978e-05 -1.177644e-06 0.000000e+00 6.044445e-06 0.000000e+00 6.844741e-06
2.449040 1.022123e-05 -1.117467e-06 0.000000e+00 5.987239e-06 0.000000e+00 6.818331e-06
2.456620 1.012179e-05 -1.057321e-06 0.000000e+00 5.930227e-06 0.000000e+00 6.791414e-06
2.464200 1.003331e-05 -9.981865e-07 0.000000e+00 5.872734e-06 0.000000e+00 6.772230e-06
2.471790 9.947591e-06 -9.391939e-07 0.000000e+00 5.814929e-06 0.000000e+00 6.754678e-06
2.479370 9.861668e-06 -8.802694e-07 0.000000e+00 5.757230e-06 0.000000e+00 6.737031e-06
2.486950 9.779378e-06 -8.214907e-07 0.000000e+00 5.699232e-06 0.000000e+00 6.721058e-06
2.494540 9.706524e-06 -7.629555e-07 0.000000e+00 5.640168e-06 0.000000e+00 6.709034e-06
2.502120 9.634834e-06 -7.045289e-07 0.000000e+00 5.581058e-06 0.000000e+00 6.697436e-06
2.509710 9.563581e-06 -6.460599e-07 0.000000e+00 5.521800e-06 0.000000e+00 6.685981e-06
2.517290 9.501864e-06 -5.882308e-07 0.000000e+00 5.461262e-06 0.000000e+00 6.677288e-06
2.524870 9.445906e-06 -5.307347e-07 0.000000e+00 5.399872e-06 0.000000e+00 6.670260e-06
2.532460 9.389220e-06 -4.731240e-07 0.000000e+00 5.338497e-06 0.000000e+00 6.663032e-06
2.540040 9.339260e-06 -4.162170e-07 0.000000e+00 5.276463e-06 0.000000e+00 6.657810e-06
2.547630 9.298464e-06 -3.601638e-07 0.000000e+00 5.213408e-06 0.000000e+00 6.655330e-06
2.555210 9.256048e-06 -3.040326e-07 0.000000e+00 5.150618e-06 0.000000e+00 6.652325e-06
2.562790 9.221808e-06 -2.485532e-07 0.000000e+00 5.086882e-06 0.000000e+00 6.652080e-06
2.570380 9.195462e-06 -1.937016e-07 0.000000e+00 5.022347e-06 0.000000e+00 6.654507e-06
2.577960 9.168672e-06 -1.388940e-07 0.000000e+00 4.957899e-06 0.000000e+00 6.656769e-06
2.585550 9.150810e-06 -8.448524e-08 0.000000e+00 4.892571e-06 0.000000e+00 6.661820e-06
2.593130 9.140268e-06 -3.048989e-08 0.000000e+00 4.826820e-06 0.000000e+00 6.669128e-06
2.600710 9.128971e-06 2.352896e-08 0.000000e+00 4.761060e-06 0.000000e+00 6.676172e-06
2.608300 9.131557e-06 7.761061e-08 0.000000e+00 4.693649e-06 0.000000e+00 6.686134e-06
2.615880 9.134349e-06 1.316900e-07 0.000000e+00 4.626370e-06 0.000000e+00 6.696202e-06
2.623470 9.146408e-06 1.855318e-07 0.000000e+00 4.558052e-06 0.000000e+00 6.707738e-06
2.631050 9.166917e-06 2.391686e-07 0.000000e+00 4.489237e-06 0.000000e+00 6.720577e-06
2.638630 9.189199e-06 2.927962e-07 0.000000e+00 4.420127e-06 0.000000e+00 6.733700e-06
2.646220 9.227224e-06 3.468173e-07 0.000000e+00 4.349620e-06 0.000000e+00 6.749119e-06
2.653800 9.267056e-06 4.007288e-07 0.000000e+00 4.279091e-06 0.000000e+00 6.764769e-06
2.661390 9.319759e-06 4.547819e-07 0.000000e+00 4.207797e-06 0.000000e+00 6.782238e-06
2.668970 9.375708e-06 5.088959e-07 0.000000e+00 4.136336e-06 0.000000e+00 6.800091e-06
2.676550 9.446976e-06 5.640719e-07 0.000000e+00 4.063970e-06 0.000000e+00 6.819816e-06
2.684140 9.525813e-06 6.192449e-07 0.000000e+00 3.991376e-06 0.000000e+00 6.840666e-06
2.691720 9.614472e-06 6.743104e-07 0.000000e+00 3.918547e-06 0.000000e+00 6.862793e-06
2.699310 9.723339e-06 7.299980e-07 0.000000e+00 3.846031e-06 0.000000e+00 6.888969e-06
2.706890 9.839870e-06 7.856660e-07 0.000000e+00 3.773558e-06 0.000000e+00 6.916265e-06
2.714470 9.976700e-06 8.410632e-07 0.000000e+00 3.700452e-06 0.000000e+00 6.945568e-06
2.722060 1.012839e-05 8.971151e-07 0.000000e+00 3.626775e-06 0.000000e+00 6.975887e-06
2.729640 1.029807e-05 9.533590e-07 0.000000e+00 3.552653e-06 0.000000e+00 7.007388e-06
2.737230 1.048927e-05 1.009654e-06 0.000000e+00 3.477978e-06 0.000000e+00 7.040174e-06
2.744810 1.070073e-05 1.066484e-06 0.000000e+00 3.402603e-06 0.000000e+00 7.073318e-06
2.752390 1.093771e-05 1.123929e-06 0.000000e+00 3.326403e-06 0.000000e+00 7.106094e-06
2.759980 1.119951e-05 1.181929e-06 0.000000e+00 3.249214e-06 0.000000e+00 7.137797e-06
2.767560 1.149069e-05 1.240475e-06 0.000000e+00 3.170917e-06 0.000000e+00 7.167042e-06
2.775150 1.181141e-05 1.299816e-06 0.000000e+00 3.091394e-06 0.000000e+00 7.193201e-06
2.782730 1.216161e-05 1.359690e-06 0.000000e+00 3.010802e-06 0.000000e+00 7.215967e-06
2.790310 1.255402e-05 1.420319e-06 0.000000e+00 2.928513e-06 0.000000e+00 7.234055e-06
2.797900 1.297387e-05 1.481524e-06 0.000000e+00 2.844958e-06 0.000000e+00 7.249331e-06
2.805480 1.344642e-05 1.543557e-06 0.000000e+00 2.759314e-06 0.000000e+00 7.259633e-06
2.813070 1.396042e-05 1.606130e-06 0.000000e+00 2.671958e-06 0.000000e+00 7.266396e-06
2.820650 1.451857e-05 1.668944e-06 0.000000e+00 2.582882e-06 0.000000e+00 7.268995e-06
2.828230 1.513960e-05 1.731780e-06 0.000000e+00 2.491471e-06 0.000000e+00 7.264838e-06
2.835820 1.581796e-05 1.794217e-06 0.000000e+00 2.398144e-06 0.000000e+00 7.253490e-06
2.843400 1.655054e-05 1.855624e-06 0.000000e+00 2.303129e-06 0.000000e+00 7.234079e-06
2.850980 1.734593e-05 1.915636e-06 0.000000e+00 2.206127e-06 0.000000e+00 7.203884e-06
2.858570 1.821113e-05 1.973539e-06 0.000000e+00 2.106852e-06 0.000000e+00 7.159083e-06
2.866150 1.913355e-05 2.028394e-06 0.000000e+00 2.005950e-06 0.000000e+00 7.098950e-06
2.873740 2.011318e-05 2.079204e-06 0.000000e+00 1.903111e-06 0.000000e+00 7.021732e-06
2.881320 2.114361e-05 2.124444e-06 0.000000e+00 1.798385e-06 0.000000e+00 6.926538e-06
2.888900 2.221862e-05 2.162456e-06 0.000000e+00 1.691505e-06 0.000000e+00 6.812664e-06
2.896490 2.332704e-05 2.191430e-06 0.000000e+00 1.582299e-06 0.000000e+00 6.679030e-06
2.904070 2.445101e-05 2.208837e-06 0.000000e+00 1.471162e-06 0.000000e+00 6.525319e-06
2.911660 2.556723e-05 2.212288e-06 0.000000e+00 1.357827e-06 0.000000e+00 6.349035e-06
2.919240 2.663399e-05 2.198961e-06 0.000000e+00 1.242688e-06 0.000000e+00 6.147945e-06
2.926820 2.760842e-05 2.165310e-06 0.000000e+00 1.126174e-06 0.000000e+00 5.921592e-06
2.934410 2.843244e-05 2.107888e-06 0.000000e+00 1.008522e-06 0.000000e+00 5.668929e-06
2.941990 2.902876e-05 2.023225e-06 0.000000e+00 8.905819e-07 0.000000e+00 5.390855e-06
2.949580 2.927936e-05 1.905809e-06 0.000000e+00 7.731726e-07 0.000000e+00 5.085784e-06
2.957160 2.908894e-05 1.755371e-06 0.000000e+00 6.577358e-07 0.000000e+00 4.756003e-06
2.964740 2.835821e-05 1.572277e-06 0.000000e+00 5.453306e-07 0.000000e+00 4.402146e-06
2.972330 2.689123e-05 1.354821e-06 0.000000e+00 4.376303e-07 0.000000e+00 4.020862e-06
2.979910 2.461241e-05 1.110962e-06 0.000000e+00 3.367095e-07 0.000000e+00 3.613528e-06
2.987500 2.145417e-05 8.519175e-07 0.000000e+00 2.445166e-07 0.000000e+00 3.176005e-06
2.995080 1.747829e-05 5.942182e-07 0.000000e+00 1.636037e-07 0.000000e+00 2.704470e-06
3.002660 1.294605e-05 3.632307e-07 0.000000e+00 9.718713e-08 0.000000e+00 2.189654e-06
3.010250 8.326904e-06 1.788940e-07 0.000000e+00 4.682392e-08 0.000000e+00 1.628066e-06
3.017830 4.293126e-06 6.386332e-08 0.000000e+00 1.620658e-08 0.000000e+00 1.023986e-06
3.025420 1.407173e-06 1.085610e-08 0.000000e+00 2.442745e-09 0.000000e+00 4.328285e-07
3.033000 6.379234e-08 8.892412e-12 0.000000e+00 -1.274837e-11 0.000000e+00 2.961421e-08
