0.00473131 	0.0014911 	1.2295e-07 	1.05926e-21
0.0182173 	0.00480623 	5.2219e-06 	2.4205e-21
0.0431714 	0.00664333 	1.2365e-05 	-2.80137e-21
0.0893463 	0.00655002 	-1.29221e-05 	2.98343e-21
0.17479 	0.00660939 	-4.41327e-05 	-3.06095e-20
0.332905 	0.00650426 	-0.000131839 	3.16847e-20
0.625521 	0.00773607 	-0.000217264 	0
1.16714 	0.0148664 	-0.000304226 	-1.69796e-19
1.91004 	0.0254607 	-0.000220344 	-1.16584e-19
2.49205 	0.0307424 	-5.71791e-05 	1.67596e-21
2.77585 	0.0303537 	-1.71248e-05 	-4.48619e-20
2.91425 	0.0249118 	1.6921e-05 	-1.45524e-20
2.98175 	0.0190737 	2.23585e-05 	-5.79805e-21
3.01468 	0.00960544 	4.52867e-06 	0
3.03074 	0.00249361 	9.94702e-07 	2.65624e-22
