0.007000 1.437169e-06 -1.192377e-08 0.000000e+00 5.729180e-09 0.000000e+00 1.741712e-06
0.014584 4.759390e-06 -8.960146e-08 0.000000e+00 7.320697e-08 0.000000e+00 5.450122e-06
0.022168 8.328575e-06 -2.366952e-07 0.000000e+00 2.657281e-07 0.000000e+00 9.165803e-06
0.029752 1.141467e-05 -4.182736e-07 0.000000e+00 5.977564e-07 0.000000e+00 1.226156e-05
0.037336 1.387717e-05 -6.106086e-07 0.000000e+00 1.051379e-06 0.000000e+00 1.469133e-05
0.044920 1.579820e-05 -8.044072e-07 0.000000e+00 1.597537e-06 0.000000e+00 1.658200e-05
0.052504 1.728580e-05 -9.975096e-07 0.000000e+00 2.210017e-06 0.000000e+00 1.804906e-05
0.060088 1.844262e-05 -1.190329e-06 0.000000e+00 2.865372e-06 0.000000e+00 1.919446e-05
0.067672 1.935114e-05 -1.384304e-06 0.000000e+00 3.545518e-06 0.000000e+00 2.009756e-05
0.075256 2.007564e-05 -1.579927e-06 0.000000e+00 4.236215e-06 0.000000e+00 2.081770e-05
0.082840 2.065890e-05 -1.777716e-06 0.000000e+00 4.927321e-06 0.000000e+00 2.139284e-05
0.090424 2.113782e-05 -1.978037e-06 0.000000e+00 5.612538e-06 0.000000e+00 2.185575e-05
0.098007 2.153827e-05 -2.180419e-06 0.000000e+00 6.285753e-06 0.000000e+00 2.222832e-05
0.105591 2.187967e-05 -2.384621e-06 0.000000e+00 6.943929e-06 0.000000e+00 2.252911e-05
0.113175 2.217691e-05 -2.590645e-06 0.000000e+00 7.584872e-06 0.000000e+00 2.277117e-05
0.120759 2.243930e-05 -2.797867e-06 0.000000e+00 8.205765e-06 0.000000e+00 2.296662e-05
0.128343 2.267782e-05 -3.006094e-06 0.000000e+00 8.807756e-06 0.000000e+00 2.312765e-05
0.135927 2.289732e-05 -3.215197e-06 0.000000e+00 9.389040e-06 0.000000e+00 2.325929e-05
0.143511 2.310281e-05 -3.424643e-06 0.000000e+00 9.949477e-06 0.000000e+00 2.336763e-05
0.151095 2.329974e-05 -3.634405e-06 0.000000e+00 1.049089e-05 0.000000e+00 2.345726e-05
0.158679 2.349195e-05 -3.844722e-06 0.000000e+00 1.101397e-05 0.000000e+00 2.353071e-05
0.166263 2.368267e-05 -4.055711e-06 0.000000e+00 1.151953e-05 0.000000e+00 2.359079e-05
0.173847 2.387430e-05 -4.267235e-06 0.000000e+00 1.200817e-05 0.000000e+00 2.364093e-05
0.181431 2.406861e-05 -4.479059e-06 0.000000e+00 1.248063e-05 0.000000e+00 2.368539e-05
0.189015 2.426611e-05 -4.691175e-06 0.000000e+00 1.293768e-05 0.000000e+00 2.372871e-05
0.196599 2.446652e-05 -4.903500e-06 0.000000e+00 1.337969e-05 0.000000e+00 2.377363e-05
0.204183 2.467127e-05 -5.116077e-06 0.000000e+00 1.380667e-05 0.000000e+00 2.382239e-05
0.211767 2.488470e-05 -5.327653e-06 0.000000e+00 1.422319e-05 0.000000e+00 2.388241e-05
0.219351 2.510036e-05 -5.540193e-06 0.000000e+00 1.462345e-05 0.000000e+00 2.394155e-05
0.226935 2.531954e-05 -5.752370e-06 0.000000e+00 1.500938e-05 0.000000e+00 2.400601e-05
0.234519 2.554372e-05 -5.965591e-06 0.000000e+00 1.538508e-05 0.000000e+00 2.407270e-05
0.242103 2.577657e-05 -6.179883e-06 0.000000e+00 1.574644e-05 0.000000e+00 2.414069e-05
0.249687 2.601708e-05 -6.396594e-06 0.000000e+00 1.609532e-05 0.000000e+00 2.421174e-05
0.257271 2.626602e-05 -6.613436e-06 0.000000e+00 1.643330e-05 0.000000e+00 2.428372e-05
0.264855 2.652874e-05 -6.830500e-06 0.000000e+00 1.675827e-05 0.000000e+00 2.436318e-05
0.272439 2.680048e-05 -7.050663e-06 0.000000e+00 1.707849e-05 0.000000e+00 2.444739e-05
0.280023 2.708115e-05 -7.267881e-06 0.000000e+00 1.738474e-05 0.000000e+00 2.453977e-05
0.287607 2.736589e-05 -7.485177e-06 0.000000e+00 1.768499e-05 0.000000e+00 2.463703e-05
0.295190 2.765582e-05 -7.702309e-06 0.000000e+00 1.797541e-05 0.000000e+00 2.474187e-05
0.302774 2.794711e-05 -7.917657e-06 0.000000e+00 1.826001e-05 0.000000e+00 2.485105e-05
0.310358 2.824118e-05 -8.133872e-06 0.000000e+00 1.853392e-05 0.000000e+00 2.496487e-05
0.317942 2.853675e-05 -8.350369e-06 0.000000e+00 1.880243e-05 0.000000e+00 2.507978e-05
0.325526 2.883427e-05 -8.568377e-06 0.000000e+00 1.905908e-05 0.000000e+00 2.519311e-05
0.333110 2.913489e-05 -8.785543e-06 0.000000e+00 1.930973e-05 0.000000e+00 2.530591e-05
0.340694 2.943766e-05 -9.002285e-06 0.000000e+00 1.955608e-05 0.000000e+00 2.541848e-05
0.348278 2.974169e-05 -9.217423e-06 0.000000e+00 1.979336e-05 0.000000e+00 2.553395e-05
0.355862 3.004685e-05 -9.432044e-06 0.000000e+00 2.002825e-05 0.000000e+00 2.565237e-05
0.363446 3.035496e-05 -9.646065e-06 0.000000e+00 2.025611e-05 0.000000e+00 2.577678e-05
0.371030 3.066497e-05 -9.859271e-06 0.000000e+00 2.047914e-05 0.000000e+00 2.590772e-05
0.378614 3.097763e-05 -1.007122e-05 0.000000e+00 2.069963e-05 0.000000e+00 2.604540e-05
0.386198 3.129283e-05 -1.028181e-05 0.000000e+00 2.091430e-05 0.000000e+00 2.619053e-05
0.393782 3.161073e-05 -1.049040e-05 0.000000e+00 2.112717e-05 0.000000e+00 2.633905e-05
0.401366 3.193074e-05 -1.069618e-05 0.000000e+00 2.133686e-05 0.000000e+00 2.648906e-05
0.408950 3.225440e-05 -1.090108e-05 0.000000e+00 2.154358e-05 0.000000e+00 2.663939e-05
0.416534 3.258354e-05 -1.110584e-05 0.000000e+00 2.174653e-05 0.000000e+00 2.678645e-05
0.424118 3.291107e-05 -1.130871e-05 0.000000e+00 2.194631e-05 0.000000e+00 2.693009e-05
0.431702 3.323865e-05 -1.150835e-05 0.000000e+00 2.214233e-05 0.000000e+00 2.707094e-05
0.439286 3.355675e-05 -1.170543e-05 0.000000e+00 2.233118e-05 0.000000e+00 2.720445e-05
0.446870 3.387173e-05 -1.190160e-05 0.000000e+00 2.251722e-05 0.000000e+00 2.733577e-05
0.454454 3.417083e-05 -1.208647e-05 0.000000e+00 2.269736e-05 0.000000e+00 2.745667e-05
0.462038 3.446948e-05 -1.227083e-05 0.000000e+00 2.287374e-05 0.000000e+00 2.757541e-05
0.469622 3.477036e-05 -1.245689e-05 0.000000e+00 2.304192e-05 0.000000e+00 2.768654e-05
0.477206 3.507219e-05 -1.263953e-05 0.000000e+00 2.320610e-05 0.000000e+00 2.779409e-05
0.484789 3.537651e-05 -1.281036e-05 0.000000e+00 2.336471e-05 0.000000e+00 2.789563e-05
0.492373 3.568786e-05 -1.298784e-05 0.000000e+00 2.351777e-05 0.000000e+00 2.799517e-05
0.499957 3.601413e-05 -1.317790e-05 0.000000e+00 2.366265e-05 0.000000e+00 2.809277e-05
0.507541 3.633296e-05 -1.334516e-05 0.000000e+00 2.380176e-05 0.000000e+00 2.818817e-05
0.515125 3.665065e-05 -1.350403e-05 0.000000e+00 2.393834e-05 0.000000e+00 2.828296e-05
0.522709 3.698328e-05 -1.369515e-05 0.000000e+00 2.406691e-05 0.000000e+00 2.838012e-05
0.530293 3.730853e-05 -1.387546e-05 0.000000e+00 2.418825e-05 0.000000e+00 2.847523e-05
0.537877 3.761001e-05 -1.401671e-05 0.000000e+00 2.429402e-05 0.000000e+00 2.856618e-05
0.545461 3.791917e-05 -1.418646e-05 0.000000e+00 2.440941e-05 0.000000e+00 2.865411e-05
0.553045 3.823269e-05 -1.438065e-05 0.000000e+00 2.453119e-05 0.000000e+00 2.873889e-05
0.560629 3.849820e-05 -1.450451e-05 0.000000e+00 2.462148e-05 0.000000e+00 2.882662e-05
0.568213 3.878449e-05 -1.464152e-05 0.000000e+00 2.470520e-05 0.000000e+00 2.891464e-05
0.575797 3.911157e-05 -1.481967e-05 0.000000e+00 2.479096e-05 0.000000e+00 2.900902e-05
0.583381 3.940048e-05 -1.495154e-05 0.000000e+00 2.487432e-05 0.000000e+00 2.910193e-05
0.590965 3.968093e-05 -1.507461e-05 0.000000e+00 2.495473e-05 0.000000e+00 2.919754e-05
0.598549 3.999973e-05 -1.521874e-05 0.000000e+00 2.502127e-05 0.000000e+00 2.928635e-05
0.606133 4.030495e-05 -1.535055e-05 0.000000e+00 2.508570e-05 0.000000e+00 2.936960e-05
0.613717 4.059754e-05 -1.546351e-05 0.000000e+00 2.515030e-05 0.000000e+00 2.944627e-05
0.621301 4.089522e-05 -1.558027e-05 0.000000e+00 2.520921e-05 0.000000e+00 2.952178e-05
0.628885 4.120417e-05 -1.569954e-05 0.000000e+00 2.526209e-05 0.000000e+00 2.959502e-05
0.636469 4.149906e-05 -1.580701e-05 0.000000e+00 2.531340e-05 0.000000e+00 2.966992e-05
0.644053 4.178738e-05 -1.590843e-05 0.000000e+00 2.536373e-05 0.000000e+00 2.974218e-05
0.651637 4.207770e-05 -1.601031e-05 0.000000e+00 2.540741e-05 0.000000e+00 2.982672e-05
0.659221 4.236626e-05 -1.611145e-05 0.000000e+00 2.544965e-05 0.000000e+00 2.991350e-05
0.666805 4.264098e-05 -1.620835e-05 0.000000e+00 2.548812e-05 0.000000e+00 3.001449e-05
0.674388 4.290968e-05 -1.630332e-05 0.000000e+00 2.552579e-05 0.000000e+00 3.011979e-05
0.681972 4.316864e-05 -1.639613e-05 0.000000e+00 2.555813e-05 0.000000e+00 3.022810e-05
0.689556 4.342569e-05 -1.648840e-05 0.000000e+00 2.558882e-05 0.000000e+00 3.033754e-05
0.697140 4.367316e-05 -1.657523e-05 0.000000e+00 2.561551e-05 0.000000e+00 3.044473e-05
0.704724 4.391224e-05 -1.665828e-05 0.000000e+00 2.563951e-05 0.000000e+00 3.054954e-05
0.712308 4.415182e-05 -1.673874e-05 0.000000e+00 2.565826e-05 0.000000e+00 3.065147e-05
0.719892 4.438381e-05 -1.681626e-05 0.000000e+00 2.567297e-05 0.000000e+00 3.074570e-05
0.727476 4.461451e-05 -1.689166e-05 0.000000e+00 2.568478e-05 0.000000e+00 3.083632e-05
0.735060 4.484042e-05 -1.695955e-05 0.000000e+00 2.568601e-05 0.000000e+00 3.091330e-05
0.742644 4.506415e-05 -1.702855e-05 0.000000e+00 2.568851e-05 0.000000e+00 3.098886e-05
0.750228 4.528455e-05 -1.709072e-05 0.000000e+00 2.567908e-05 0.000000e+00 3.104489e-05
0.757812 4.550576e-05 -1.715169e-05 0.000000e+00 2.566762e-05 0.000000e+00 3.109958e-05
0.765396 4.571885e-05 -1.720969e-05 0.000000e+00 2.565367e-05 0.000000e+00 3.114231e-05
0.772980 4.592220e-05 -1.726101e-05 0.000000e+00 2.563283e-05 0.000000e+00 3.116810e-05
0.780564 4.612766e-05 -1.731321e-05 0.000000e+00 2.561248e-05 0.000000e+00 3.119644e-05
0.788148 4.631648e-05 -1.735811e-05 0.000000e+00 2.558477e-05 0.000000e+00 3.120189e-05
0.795732 4.650530e-05 -1.740271e-05 0.000000e+00 2.555399e-05 0.000000e+00 3.120805e-05
0.803316 4.668772e-05 -1.744515e-05 0.000000e+00 2.552339e-05 0.000000e+00 3.120639e-05
0.810900 4.685560e-05 -1.748130e-05 0.000000e+00 2.549051e-05 0.000000e+00 3.118758e-05
0.818484 4.702190e-05 -1.751684e-05 0.000000e+00 2.545710e-05 0.000000e+00 3.116736e-05
0.826068 4.718413e-05 -1.755035e-05 0.000000e+00 2.542050e-05 0.000000e+00 3.114299e-05
0.833652 4.734024e-05 -1.758019e-05 0.000000e+00 2.538000e-05 0.000000e+00 3.111101e-05
0.841236 4.749895e-05 -1.761169e-05 0.000000e+00 2.533963e-05 0.000000e+00 3.107879e-05
0.848820 4.763149e-05 -1.762951e-05 0.000000e+00 2.529453e-05 0.000000e+00 3.105208e-05
0.856404 4.775737e-05 -1.764362e-05 0.000000e+00 2.524488e-05 0.000000e+00 3.102880e-05
0.863987 4.788198e-05 -1.765708e-05 0.000000e+00 2.519496e-05 0.000000e+00 3.100558e-05
0.871571 4.798823e-05 -1.766142e-05 0.000000e+00 2.514139e-05 0.000000e+00 3.098329e-05
0.879155 4.808497e-05 -1.766109e-05 0.000000e+00 2.508625e-05 0.000000e+00 3.096116e-05
0.886739 4.818227e-05 -1.766129e-05 0.000000e+00 2.503083e-05 0.000000e+00 3.093899e-05
0.894323 4.825168e-05 -1.764906e-05 0.000000e+00 2.497469e-05 0.000000e+00 3.090170e-05
0.901907 4.831086e-05 -1.763211e-05 0.000000e+00 2.491832e-05 0.000000e+00 3.085845e-05
0.909491 4.837272e-05 -1.761459e-05 0.000000e+00 2.486280e-05 0.000000e+00 3.081985e-05
0.917075 4.843239e-05 -1.760236e-05 0.000000e+00 2.479984e-05 0.000000e+00 3.076097e-05
0.924659 4.849058e-05 -1.759211e-05 0.000000e+00 2.473408e-05 0.000000e+00 3.069858e-05
0.932243 4.855217e-05 -1.758372e-05 0.000000e+00 2.466861e-05 0.000000e+00 3.063819e-05
0.939827 4.858521e-05 -1.756061e-05 0.000000e+00 2.460010e-05 0.000000e+00 3.056790e-05
0.947411 4.859543e-05 -1.752484e-05 0.000000e+00 2.452904e-05 0.000000e+00 3.049163e-05
0.954995 4.860691e-05 -1.748954e-05 0.000000e+00 2.445814e-05 0.000000e+00 3.041636e-05
0.962579 4.861894e-05 -1.745669e-05 0.000000e+00 2.438634e-05 0.000000e+00 3.034078e-05
0.970163 4.862543e-05 -1.742543e-05 0.000000e+00 2.431077e-05 0.000000e+00 3.025487e-05
0.977747 4.863158e-05 -1.739451e-05 0.000000e+00 2.423508e-05 0.000000e+00 3.016838e-05
0.985331 4.863825e-05 -1.736429e-05 0.000000e+00 2.415953e-05 0.000000e+00 3.008191e-05
0.992915 4.860916e-05 -1.730785e-05 0.000000e+00 2.407845e-05 0.000000e+00 2.998827e-05
1.000500 4.856311e-05 -1.723915e-05 0.000000e+00 2.399655e-05 0.000000e+00 2.989138e-05
1.008080 4.851945e-05 -1.717225e-05 0.000000e+00 2.391579e-05 0.000000e+00 2.979523e-05
1.015670 4.847284e-05 -1.710636e-05 0.000000e+00 2.383349e-05 0.000000e+00 2.969459e-05
1.023250 4.842150e-05 -1.705278e-05 0.000000e+00 2.374673e-05 0.000000e+00 2.957805e-05
1.030830 4.836965e-05 -1.699826e-05 0.000000e+00 2.365949e-05 0.000000e+00 2.946185e-05
1.038420 4.832078e-05 -1.694808e-05 0.000000e+00 2.357542e-05 0.000000e+00 2.934471e-05
1.046000 4.823997e-05 -1.687153e-05 0.000000e+00 2.348437e-05 0.000000e+00 2.923473e-05
1.053590 4.813057e-05 -1.677036e-05 0.000000e+00 2.338497e-05 0.000000e+00 2.913058e-05
1.061170 4.802370e-05 -1.667289e-05 0.000000e+00 2.328999e-05 0.000000e+00 2.902391e-05
1.068750 4.791635e-05 -1.657147e-05 0.000000e+00 2.319430e-05 0.000000e+00 2.891882e-05
1.076340 4.780735e-05 -1.649630e-05 0.000000e+00 2.309755e-05 0.000000e+00 2.880474e-05
1.083920 4.769688e-05 -1.643509e-05 0.000000e+00 2.300251e-05 0.000000e+00 2.868786e-05
1.091510 4.758953e-05 -1.637196e-05 0.000000e+00 2.290630e-05 0.000000e+00 2.857933e-05
1.099090 4.748197e-05 -1.630932e-05 0.000000e+00 2.281154e-05 0.000000e+00 2.847234e-05
1.106670 4.736920e-05 -1.622038e-05 0.000000e+00 2.269081e-05 0.000000e+00 2.836309e-05
1.114260 4.725423e-05 -1.611436e-05 0.000000e+00 2.255176e-05 0.000000e+00 2.825231e-05
1.121840 4.713939e-05 -1.601015e-05 0.000000e+00 2.241468e-05 0.000000e+00 2.814156e-05
1.129430 4.702829e-05 -1.590742e-05 0.000000e+00 2.227918e-05 0.000000e+00 2.803543e-05
1.137010 4.689876e-05 -1.581456e-05 0.000000e+00 2.216040e-05 0.000000e+00 2.789257e-05
1.144590 4.675069e-05 -1.573295e-05 0.000000e+00 2.206090e-05 0.000000e+00 2.771128e-05
1.152180 4.660662e-05 -1.565129e-05 0.000000e+00 2.196192e-05 0.000000e+00 2.753520e-05
1.159760 4.646336e-05 -1.557082e-05 0.000000e+00 2.186428e-05 0.000000e+00 2.735839e-05
1.167350 4.631066e-05 -1.547947e-05 0.000000e+00 2.175541e-05 0.000000e+00 2.718740e-05
1.174930 4.613506e-05 -1.536316e-05 0.000000e+00 2.162134e-05 0.000000e+00 2.702762e-05
1.182510 4.595766e-05 -1.524626e-05 0.000000e+00 2.148653e-05 0.000000e+00 2.686515e-05
1.190100 4.578012e-05 -1.512923e-05 0.000000e+00 2.135162e-05 0.000000e+00 2.670264e-05
1.197680 4.560024e-05 -1.501696e-05 0.000000e+00 2.122193e-05 0.000000e+00 2.653435e-05
1.205270 4.540787e-05 -1.491575e-05 0.000000e+00 2.109966e-05 0.000000e+00 2.633825e-05
1.212850 4.521158e-05 -1.481792e-05 0.000000e+00 2.097938e-05 0.000000e+00 2.613332e-05
1.220430 4.501596e-05 -1.472016e-05 0.000000e+00 2.085932e-05 0.000000e+00 2.592907e-05
1.228020 4.482009e-05 -1.462269e-05 0.000000e+00 2.073957e-05 0.000000e+00 2.572416e-05
1.235600 4.458534e-05 -1.450999e-05 0.000000e+00 2.061163e-05 0.000000e+00 2.552214e-05
1.243190 4.431871e-05 -1.438271e-05 0.000000e+00 2.047530e-05 0.000000e+00 2.532074e-05
1.250770 4.406282e-05 -1.425774e-05 0.000000e+00 2.033994e-05 0.000000e+00 2.511783e-05
1.258350 4.380640e-05 -1.413220e-05 0.000000e+00 2.020419e-05 0.000000e+00 2.491498e-05
1.265940 4.354946e-05 -1.401164e-05 0.000000e+00 2.007238e-05 0.000000e+00 2.471139e-05
1.273520 4.329430e-05 -1.390516e-05 0.000000e+00 1.995187e-05 0.000000e+00 2.450818e-05
1.281110 4.303985e-05 -1.379742e-05 0.000000e+00 1.983026e-05 0.000000e+00 2.430590e-05
1.288690 4.278583e-05 -1.369007e-05 0.000000e+00 1.970897e-05 0.000000e+00 2.410372e-05
1.296270 4.253331e-05 -1.358055e-05 0.000000e+00 1.958459e-05 0.000000e+00 2.390372e-05
1.303860 4.223406e-05 -1.345448e-05 0.000000e+00 1.945239e-05 0.000000e+00 2.371292e-05
1.311440 4.192396e-05 -1.332469e-05 0.000000e+00 1.931857e-05 0.000000e+00 2.352469e-05
1.319030 4.161779e-05 -1.319436e-05 0.000000e+00 1.918359e-05 0.000000e+00 2.333557e-05
1.326610 4.131178e-05 -1.306429e-05 0.000000e+00 1.904881e-05 0.000000e+00 2.314679e-05
1.334190 4.099674e-05 -1.294014e-05 0.000000e+00 1.891753e-05 0.000000e+00 2.296045e-05
1.341780 4.067436e-05 -1.281977e-05 0.000000e+00 1.878796e-05 0.000000e+00 2.277716e-05
1.349360 4.035416e-05 -1.269828e-05 0.000000e+00 1.865747e-05 0.000000e+00 2.259458e-05
1.356940 4.003396e-05 -1.257709e-05 0.000000e+00 1.852718e-05 0.000000e+00 2.241187e-05
1.364530 3.970310e-05 -1.245490e-05 0.000000e+00 1.839611e-05 0.000000e+00 2.222399e-05
1.372110 3.934057e-05 -1.232337e-05 0.000000e+00 1.826023e-05 0.000000e+00 2.203284e-05
1.379700 3.898097e-05 -1.219276e-05 0.000000e+00 1.812485e-05 0.000000e+00 2.184159e-05
1.387280 3.862192e-05 -1.206219e-05 0.000000e+00 1.798929e-05 0.000000e+00 2.165109e-05
1.394860 3.826760e-05 -1.193267e-05 0.000000e+00 1.785323e-05 0.000000e+00 2.146244e-05
1.402450 3.793127e-05 -1.181114e-05 0.000000e+00 1.772221e-05 0.000000e+00 2.126938e-05
1.410030 3.759793e-05 -1.169131e-05 0.000000e+00 1.759245e-05 0.000000e+00 2.107649e-05
1.417620 3.726214e-05 -1.157192e-05 0.000000e+00 1.746327e-05 0.000000e+00 2.088521e-05
1.425200 3.692742e-05 -1.145243e-05 0.000000e+00 1.733387e-05 0.000000e+00 2.069361e-05
1.432780 3.659860e-05 -1.132897e-05 0.000000e+00 1.719710e-05 0.000000e+00 2.049797e-05
1.440370 3.627216e-05 -1.120283e-05 0.000000e+00 1.705616e-05 0.000000e+00 2.030115e-05
1.447950 3.594443e-05 -1.107758e-05 0.000000e+00 1.691717e-05 0.000000e+00 2.010632e-05
1.455540 3.561659e-05 -1.095071e-05 0.000000e+00 1.677709e-05 0.000000e+00 1.991304e-05
1.463120 3.529287e-05 -1.082229e-05 0.000000e+00 1.663696e-05 0.000000e+00 1.972461e-05
1.470700 3.498670e-05 -1.070042e-05 0.000000e+00 1.649883e-05 0.000000e+00 1.952525e-05
1.478290 3.467861e-05 -1.057743e-05 0.000000e+00 1.636000e-05 0.000000e+00 1.932695e-05
1.485870 3.437063e-05 -1.045511e-05 0.000000e+00 1.622194e-05 0.000000e+00 1.912865e-05
1.493460 3.406121e-05 -1.033304e-05 0.000000e+00 1.608449e-05 0.000000e+00 1.893083e-05
1.501040 3.375618e-05 -1.020966e-05 0.000000e+00 1.594623e-05 0.000000e+00 1.874783e-05
1.508620 3.345190e-05 -1.008602e-05 0.000000e+00 1.580800e-05 0.000000e+00 1.856608e-05
1.516210 3.314772e-05 -9.962187e-06 0.000000e+00 1.566995e-05 0.000000e+00 1.838280e-05
1.523790 3.284367e-05 -9.838571e-06 0.000000e+00 1.553193e-05 0.000000e+00 1.820036e-05
1.531380 3.253356e-05 -9.720022e-06 0.000000e+00 1.539507e-05 0.000000e+00 1.802267e-05
1.538960 3.222263e-05 -9.605310e-06 0.000000e+00 1.525925e-05 0.000000e+00 1.784996e-05
1.546540 3.191355e-05 -9.489427e-06 0.000000e+00 1.512307e-05 0.000000e+00 1.767797e-05
1.554130 3.160444e-05 -9.378323e-06 0.000000e+00 1.498793e-05 0.000000e+00 1.749935e-05
1.561710 3.129621e-05 -9.270396e-06 0.000000e+00 1.485532e-05 0.000000e+00 1.731669e-05
1.569300 3.097703e-05 -9.166747e-06 0.000000e+00 1.473015e-05 0.000000e+00 1.712793e-05
1.576880 3.065759e-05 -9.062854e-06 0.000000e+00 1.460464e-05 0.000000e+00 1.693972e-05
1.584460 3.034045e-05 -8.959051e-06 0.000000e+00 1.447907e-05 0.000000e+00 1.675180e-05
1.592050 3.002590e-05 -8.855048e-06 0.000000e+00 1.435300e-05 0.000000e+00 1.656414e-05
1.599630 2.971799e-05 -8.755344e-06 0.000000e+00 1.423357e-05 0.000000e+00 1.638256e-05
1.607220 2.941028e-05 -8.655932e-06 0.000000e+00 1.411510e-05 0.000000e+00 1.620092e-05
1.614800 2.910254e-05 -8.556342e-06 0.000000e+00 1.399731e-05 0.000000e+00 1.601824e-05
1.622380 2.879484e-05 -8.456856e-06 0.000000e+00 1.387930e-05 0.000000e+00 1.583598e-05
1.629970 2.849855e-05 -8.360462e-06 0.000000e+00 1.375874e-05 0.000000e+00 1.566709e-05
1.637550 2.821306e-05 -8.266745e-06 0.000000e+00 1.363642e-05 0.000000e+00 1.551045e-05
1.645140 2.792635e-05 -8.173144e-06 0.000000e+00 1.351446e-05 0.000000e+00 1.535156e-05
1.652720 2.763782e-05 -8.074248e-06 0.000000e+00 1.339084e-05 0.000000e+00 1.519953e-05
1.660300 2.735039e-05 -7.974287e-06 0.000000e+00 1.326734e-05 0.000000e+00 1.505059e-05
1.667890 2.707787e-05 -7.883137e-06 0.000000e+00 1.314560e-05 0.000000e+00 1.490960e-05
1.675470 2.680458e-05 -7.791425e-06 0.000000e+00 1.302376e-05 0.000000e+00 1.476781e-05
1.683060 2.653149e-05 -7.699870e-06 0.000000e+00 1.290201e-05 0.000000e+00 1.462635e-05
1.690640 2.625811e-05 -7.608264e-06 0.000000e+00 1.278051e-05 0.000000e+00 1.448560e-05
1.698220 2.600066e-05 -7.520696e-06 0.000000e+00 1.266310e-05 0.000000e+00 1.434171e-05
1.705810 2.574607e-05 -7.433926e-06 0.000000e+00 1.254633e-05 0.000000e+00 1.419712e-05
1.713390 2.549084e-05 -7.347394e-06 0.000000e+00 1.242940e-05 0.000000e+00 1.405340e-05
1.720970 2.523574e-05 -7.260799e-06 0.000000e+00 1.231248e-05 0.000000e+00 1.390939e-05
1.728560 2.498715e-05 -7.174680e-06 0.000000e+00 1.219865e-05 0.000000e+00 1.376646e-05
1.736140 2.474711e-05 -7.089675e-06 0.000000e+00 1.208892e-05 0.000000e+00 1.362465e-05
1.743730 2.450558e-05 -7.004338e-06 0.000000e+00 1.197853e-05 0.000000e+00 1.348225e-05
1.751310 2.426657e-05 -6.921861e-06 0.000000e+00 1.186928e-05 0.000000e+00 1.333748e-05
1.758890 2.403132e-05 -6.844207e-06 0.000000e+00 1.176124e-05 0.000000e+00 1.318823e-05
1.766480 2.381233e-05 -6.767748e-06 0.000000e+00 1.165707e-05 0.000000e+00 1.303931e-05
1.774060 2.359278e-05 -6.691176e-06 0.000000e+00 1.155282e-05 0.000000e+00 1.289050e-05
1.781650 2.337338e-05 -6.614601e-06 0.000000e+00 1.144860e-05 0.000000e+00 1.274157e-05
1.789230 2.315374e-05 -6.538691e-06 0.000000e+00 1.134426e-05 0.000000e+00 1.259274e-05
1.796810 2.293806e-05 -6.460635e-06 0.000000e+00 1.124356e-05 0.000000e+00 1.244558e-05
1.804400 2.272373e-05 -6.381561e-06 0.000000e+00 1.114415e-05 0.000000e+00 1.229895e-05
1.811980 2.250973e-05 -6.302538e-06 0.000000e+00 1.104429e-05 0.000000e+00 1.215274e-05
1.819570 2.229541e-05 -6.223352e-06 0.000000e+00 1.094426e-05 0.000000e+00 1.200623e-05
1.827150 2.208334e-05 -6.145890e-06 0.000000e+00 1.084649e-05 0.000000e+00 1.186308e-05
1.834730 2.187589e-05 -6.071734e-06 0.000000e+00 1.075274e-05 0.000000e+00 1.172755e-05
1.842320 2.166800e-05 -5.996547e-06 0.000000e+00 1.065747e-05 0.000000e+00 1.159221e-05
1.849900 2.146085e-05 -5.922077e-06 0.000000e+00 1.056281e-05 0.000000e+00 1.145717e-05
1.857490 2.125037e-05 -5.842881e-06 0.000000e+00 1.046668e-05 0.000000e+00 1.132472e-05
1.865070 2.104259e-05 -5.762457e-06 0.000000e+00 1.037678e-05 0.000000e+00 1.120916e-05
1.872650 2.083483e-05 -5.682210e-06 0.000000e+00 1.028734e-05 0.000000e+00 1.109432e-05
1.880240 2.062694e-05 -5.601965e-06 0.000000e+00 1.019800e-05 0.000000e+00 1.097993e-05
1.887820 2.041973e-05 -5.521381e-06 0.000000e+00 1.010795e-05 0.000000e+00 1.086376e-05
1.895410 2.022137e-05 -5.445214e-06 0.000000e+00 1.002046e-05 0.000000e+00 1.075609e-05
1.902990 2.003073e-05 -5.373000e-06 0.000000e+00 9.935465e-06 0.000000e+00 1.065617e-05
1.910570 1.983946e-05 -5.300450e-06 0.000000e+00 9.850448e-06 0.000000e+00 1.055554e-05
1.918160 1.964798e-05 -5.227707e-06 0.000000e+00 9.765474e-06 0.000000e+00 1.045463e-05
1.925740 1.945875e-05 -5.155059e-06 0.000000e+00 9.680508e-06 0.000000e+00 1.035533e-05
1.933330 1.928393e-05 -5.082245e-06 0.000000e+00 9.594847e-06 0.000000e+00 1.026659e-05
1.940910 1.910743e-05 -5.009156e-06 0.000000e+00 9.509574e-06 0.000000e+00 1.017705e-05
1.948490 1.893132e-05 -4.936166e-06 0.000000e+00 9.424341e-06 0.000000e+00 1.008775e-05
1.956080 1.875445e-05 -4.862729e-06 0.000000e+00 9.338941e-06 0.000000e+00 9.998176e-06
1.963660 1.858716e-05 -4.797905e-06 0.000000e+00 9.255223e-06 0.000000e+00 9.909167e-06
1.971250 1.842631e-05 -4.742577e-06 0.000000e+00 9.173871e-06 0.000000e+00 9.816378e-06
1.978830 1.826536e-05 -4.686713e-06 0.000000e+00 9.092440e-06 0.000000e+00 9.724054e-06
1.986410 1.810407e-05 -4.630669e-06 0.000000e+00 9.011070e-06 0.000000e+00 9.631608e-06
1.994000 1.794360e-05 -4.573477e-06 0.000000e+00 8.929081e-06 0.000000e+00 9.540345e-06
2.001580 1.778740e-05 -4.515931e-06 0.000000e+00 8.846191e-06 0.000000e+00 9.451776e-06
2.009170 1.763112e-05 -4.458312e-06 0.000000e+00 8.763199e-06 0.000000e+00 9.362970e-06
2.016750 1.747435e-05 -4.400778e-06 0.000000e+00 8.680277e-06 0.000000e+00 9.274261e-06
2.024330 1.732034e-05 -4.343293e-06 0.000000e+00 8.600751e-06 0.000000e+00 9.187935e-06
2.031920 1.717460e-05 -4.285833e-06 0.000000e+00 8.530426e-06 0.000000e+00 9.108154e-06
2.039500 1.702887e-05 -4.228059e-06 0.000000e+00 8.459738e-06 0.000000e+00 9.028717e-06
2.047090 1.688299e-05 -4.170421e-06 0.000000e+00 8.389110e-06 0.000000e+00 8.949118e-06
2.054670 1.673846e-05 -4.111331e-06 0.000000e+00 8.319235e-06 0.000000e+00 8.870926e-06
2.062250 1.659491e-05 -4.050146e-06 0.000000e+00 8.249779e-06 0.000000e+00 8.794425e-06
2.069840 1.645118e-05 -3.988822e-06 0.000000e+00 8.180208e-06 0.000000e+00 8.717881e-06
2.077420 1.630708e-05 -3.927040e-06 0.000000e+00 8.110559e-06 0.000000e+00 8.641457e-06
2.085010 1.616316e-05 -3.862166e-06 0.000000e+00 8.040233e-06 0.000000e+00 8.567617e-06
2.092590 1.602189e-05 -3.797554e-06 0.000000e+00 7.970368e-06 0.000000e+00 8.495511e-06
2.100170 1.588086e-05 -3.733144e-06 0.000000e+00 7.900560e-06 0.000000e+00 8.423406e-06
2.107760 1.573916e-05 -3.668799e-06 0.000000e+00 7.830812e-06 0.000000e+00 8.350772e-06
2.115340 1.559973e-05 -3.604273e-06 0.000000e+00 7.760450e-06 0.000000e+00 8.280867e-06
2.122920 1.546430e-05 -3.539035e-06 0.000000e+00 7.688841e-06 0.000000e+00 8.215432e-06
2.130510 1.532922e-05 -3.473489e-06 0.000000e+00 7.616814e-06 0.000000e+00 8.150289e-06
2.138090 1.519379e-05 -3.408262e-06 0.000000e+00 7.545198e-06 0.000000e+00 8.084903e-06
2.145680 1.505862e-05 -3.343555e-06 0.000000e+00 7.474420e-06 0.000000e+00 8.020662e-06
2.153260 1.492542e-05 -3.280601e-06 0.000000e+00 7.406395e-06 0.000000e+00 7.960681e-06
2.160840 1.479239e-05 -3.218109e-06 0.000000e+00 7.338763e-06 0.000000e+00 7.901023e-06
2.168430 1.465904e-05 -3.155622e-06 0.000000e+00 7.270923e-06 0.000000e+00 7.840891e-06
2.176010 1.452605e-05 -3.093095e-06 0.000000e+00 7.203400e-06 0.000000e+00 7.781454e-06
2.183600 1.439415e-05 -3.030606e-06 0.000000e+00 7.138384e-06 0.000000e+00 7.726470e-06
2.191180 1.426312e-05 -2.968421e-06 0.000000e+00 7.074530e-06 0.000000e+00 7.673209e-06
2.198760 1.413204e-05 -2.906237e-06 0.000000e+00 7.010525e-06 0.000000e+00 7.619660e-06
2.206350 1.400184e-05 -2.846219e-06 0.000000e+00 6.946843e-06 0.000000e+00 7.565105e-06
2.213930 1.387774e-05 -2.792121e-06 0.000000e+00 6.886775e-06 0.000000e+00 7.512452e-06
2.221520 1.375698e-05 -2.738842e-06 0.000000e+00 6.829403e-06 0.000000e+00 7.463730e-06
2.229100 1.363616e-05 -2.685726e-06 0.000000e+00 6.771996e-06 0.000000e+00 7.414775e-06
2.236680 1.351538e-05 -2.632505e-06 0.000000e+00 6.714518e-06 0.000000e+00 7.365773e-06
2.244270 1.339494e-05 -2.578703e-06 0.000000e+00 6.656969e-06 0.000000e+00 7.318054e-06
2.251850 1.327578e-05 -2.525279e-06 0.000000e+00 6.600766e-06 0.000000e+00 7.274720e-06
2.259440 1.315662e-05 -2.471930e-06 0.000000e+00 6.544804e-06 0.000000e+00 7.232209e-06
2.267020 1.303770e-05 -2.418531e-06 0.000000e+00 6.488826e-06 0.000000e+00 7.189727e-06
2.274600 1.291896e-05 -2.364920e-06 0.000000e+00 6.432727e-06 0.000000e+00 7.147352e-06
2.282190 1.280233e-05 -2.311746e-06 0.000000e+00 6.377439e-06 0.000000e+00 7.108623e-06
2.289770 1.268745e-05 -2.258866e-06 0.000000e+00 6.322776e-06 0.000000e+00 7.072637e-06
2.297360 1.257221e-05 -2.205514e-06 0.000000e+00 6.267779e-06 0.000000e+00 7.036505e-06
2.304940 1.245679e-05 -2.152296e-06 0.000000e+00 6.212933e-06 0.000000e+00 7.000196e-06
2.312520 1.234486e-05 -2.099479e-06 0.000000e+00 6.157884e-06 0.000000e+00 6.965814e-06
2.320110 1.223862e-05 -2.046554e-06 0.000000e+00 6.102176e-06 0.000000e+00 6.935394e-06
2.327690 1.213206e-05 -1.993461e-06 0.000000e+00 6.046545e-06 0.000000e+00 6.905026e-06
2.335280 1.202507e-05 -1.939953e-06 0.000000e+00 5.990744e-06 0.000000e+00 6.874599e-06
2.342860 1.191756e-05 -1.882152e-06 0.000000e+00 5.933978e-06 0.000000e+00 6.845621e-06
2.350440 1.181749e-05 -1.824053e-06 0.000000e+00 5.877383e-06 0.000000e+00 6.820873e-06
2.358030 1.171878e-05 -1.765912e-06 0.000000e+00 5.820791e-06 0.000000e+00 6.796982e-06
2.365610 1.162006e-05 -1.707852e-06 0.000000e+00 5.764265e-06 0.000000e+00 6.773028e-06
2.373200 1.152208e-05 -1.649958e-06 0.000000e+00 5.707800e-06 0.000000e+00 6.749223e-06
2.380780 1.143036e-05 -1.591908e-06 0.000000e+00 5.652536e-06 0.000000e+00 6.729457e-06
2.388360 1.134099e-05 -1.533559e-06 0.000000e+00 5.597744e-06 0.000000e+00 6.711548e-06
2.395950 1.125133e-05 -1.475202e-06 0.000000e+00 5.542837e-06 0.000000e+00 6.693402e-06
2.403530 1.116236e-05 -1.417098e-06 0.000000e+00 5.488103e-06 0.000000e+00 6.675354e-06
2.411120 1.107786e-05 -1.358034e-06 0.000000e+00 5.435004e-06 0.000000e+00 6.661490e-06
2.418700 1.099609e-05 -1.298689e-06 0.000000e+00 5.382879e-06 0.000000e+00 6.649793e-06
2.426280 1.091448e-05 -1.239551e-06 0.000000e+00 5.330685e-06 0.000000e+00 6.637775e-06
2.433870 1.083274e-05 -1.180175e-06 0.000000e+00 5.278479e-06 0.000000e+00 6.625961e-06
2.441450 1.075747e-05 -1.119977e-06 0.000000e+00 5.227965e-06 0.000000e+00 6.617202e-06
2.449040 1.068473e-05 -1.059550e-06 0.000000e+00 5.177978e-06 0.000000e+00 6.609305e-06
2.456620 1.061244e-05 -9.993001e-07 0.000000e+00 5.128064e-06 0.000000e+00 6.601323e-06
2.464200 1.053960e-05 -9.389431e-07 0.000000e+00 5.078104e-06 0.000000e+00 6.593406e-06
2.471790 1.047799e-05 -8.781743e-07 0.000000e+00 5.029426e-06 0.000000e+00 6.588155e-06
2.479370 1.041665e-05 -8.179154e-07 0.000000e+00 4.980921e-06 0.000000e+00 6.582840e-06
2.486950 1.035606e-05 -7.604265e-07 0.000000e+00 4.933330e-06 0.000000e+00 6.577897e-06
2.494540 1.030507e-05 -7.033342e-07 0.000000e+00 4.886025e-06 0.000000e+00 6.575074e-06
2.502120 1.026653e-05 -6.458850e-07 0.000000e+00 4.838758e-06 0.000000e+00 6.574304e-06
2.509710 1.022776e-05 -5.883664e-07 0.000000e+00 4.791424e-06 0.000000e+00 6.573525e-06
2.517290 1.019132e-05 -5.306163e-07 0.000000e+00 4.744242e-06 0.000000e+00 6.573131e-06
2.524870 1.017328e-05 -4.719126e-07 0.000000e+00 4.697469e-06 0.000000e+00 6.573957e-06
2.532460 1.016055e-05 -4.131706e-07 0.000000e+00 4.650635e-06 0.000000e+00 6.574867e-06
2.540040 1.014759e-05 -3.542514e-07 0.000000e+00 4.603983e-06 0.000000e+00 6.576023e-06
2.547630 1.014806e-05 -2.947902e-07 0.000000e+00 4.557845e-06 0.000000e+00 6.578962e-06
2.555210 1.015958e-05 -2.351214e-07 0.000000e+00 4.512190e-06 0.000000e+00 6.583295e-06
2.562790 1.016913e-05 -1.754516e-07 0.000000e+00 4.466487e-06 0.000000e+00 6.587369e-06
2.570380 1.019321e-05 -1.143238e-07 0.000000e+00 4.421243e-06 0.000000e+00 6.595337e-06
2.577960 1.022838e-05 -5.212068e-08 0.000000e+00 4.376466e-06 0.000000e+00 6.606364e-06
2.585550 1.026079e-05 9.965679e-09 0.000000e+00 4.331592e-06 0.000000e+00 6.616532e-06
2.593130 1.031181e-05 7.368021e-08 0.000000e+00 4.286982e-06 0.000000e+00 6.633108e-06
2.600710 1.036851e-05 1.382371e-07 0.000000e+00 4.242487e-06 0.000000e+00 6.651796e-06
2.608300 1.042775e-05 2.031320e-07 0.000000e+00 4.197950e-06 0.000000e+00 6.671352e-06
2.615880 1.050318e-05 2.704414e-07 0.000000e+00 4.153698e-06 0.000000e+00 6.696820e-06
2.623470 1.057952e-05 3.382351e-07 0.000000e+00 4.109414e-06 0.000000e+00 6.722916e-06
2.631050 1.067037e-05 4.072197e-07 0.000000e+00 4.065290e-06 0.000000e+00 6.752584e-06
2.638630 1.077083e-05 4.773398e-07 0.000000e+00 4.021203e-06 0.000000e+00 6.785009e-06
2.646220 1.087925e-05 5.487194e-07 0.000000e+00 3.977243e-06 0.000000e+00 6.818164e-06
2.653800 1.100875e-05 6.237248e-07 0.000000e+00 3.933699e-06 0.000000e+00 6.853054e-06
2.661390 1.114305e-05 6.994662e-07 0.000000e+00 3.890234e-06 0.000000e+00 6.888238e-06
2.668970 1.130247e-05 7.765473e-07 0.000000e+00 3.847657e-06 0.000000e+00 6.925007e-06
2.676550 1.146817e-05 8.541791e-07 0.000000e+00 3.805512e-06 0.000000e+00 6.962310e-06
2.684140 1.165561e-05 9.339369e-07 0.000000e+00 3.764641e-06 0.000000e+00 7.001129e-06
2.691720 1.185528e-05 1.013961e-06 0.000000e+00 3.724516e-06 0.000000e+00 7.041525e-06
2.699310 1.206972e-05 1.094353e-06 0.000000e+00 3.684847e-06 0.000000e+00 7.083809e-06
2.706890 1.230192e-05 1.175680e-06 0.000000e+00 3.646392e-06 0.000000e+00 7.127728e-06
2.714470 1.255114e-05 1.257575e-06 0.000000e+00 3.608580e-06 0.000000e+00 7.173274e-06
2.722060 1.281841e-05 1.339857e-06 0.000000e+00 3.571532e-06 0.000000e+00 7.221162e-06
2.729640 1.311040e-05 1.423371e-06 0.000000e+00 3.535058e-06 0.000000e+00 7.268666e-06
2.737230 1.341829e-05 1.507561e-06 0.000000e+00 3.498844e-06 0.000000e+00 7.315372e-06
2.744810 1.375073e-05 1.592072e-06 0.000000e+00 3.462803e-06 0.000000e+00 7.360452e-06
2.752390 1.410188e-05 1.676897e-06 0.000000e+00 3.426793e-06 0.000000e+00 7.403875e-06
2.759980 1.448034e-05 1.761656e-06 0.000000e+00 3.390686e-06 0.000000e+00 7.445043e-06
2.767560 1.488154e-05 1.845909e-06 0.000000e+00 3.354197e-06 0.000000e+00 7.484313e-06
2.775150 1.530392e-05 1.929883e-06 0.000000e+00 3.317141e-06 0.000000e+00 7.521898e-06
2.782730 1.575814e-05 2.013199e-06 0.000000e+00 3.278764e-06 0.000000e+00 7.556229e-06
2.790310 1.623062e-05 2.096248e-06 0.000000e+00 3.239393e-06 0.000000e+00 7.588365e-06
2.797900 1.673225e-05 2.178337e-06 0.000000e+00 3.198008e-06 0.000000e+00 7.615955e-06
2.805480 1.725846e-05 2.258865e-06 0.000000e+00 3.154504e-06 0.000000e+00 7.637738e-06
2.813070 1.780564e-05 2.337702e-06 0.000000e+00 3.108876e-06 0.000000e+00 7.653411e-06
2.820650 1.837316e-05 2.413562e-06 0.000000e+00 3.060553e-06 0.000000e+00 7.660190e-06
2.828230 1.896095e-05 2.485637e-06 0.000000e+00 3.008686e-06 0.000000e+00 7.656455e-06
2.835820 1.956361e-05 2.553765e-06 0.000000e+00 2.953171e-06 0.000000e+00 7.643291e-06
2.843400 2.017663e-05 2.616937e-06 0.000000e+00 2.893682e-06 0.000000e+00 7.620388e-06
2.850980 2.079828e-05 2.674350e-06 0.000000e+00 2.829404e-06 0.000000e+00 7.587424e-06
2.858570 2.142705e-05 2.725346e-06 0.000000e+00 2.759301e-06 0.000000e+00 7.544104e-06
2.866150 2.205563e-05 2.768527e-06 0.000000e+00 2.682555e-06 0.000000e+00 7.490587e-06
2.873740 2.267951e-05 2.803120e-06 0.000000e+00 2.598338e-06 0.000000e+00 7.427605e-06
2.881320 2.329024e-05 2.828504e-06 0.000000e+00 2.506312e-06 0.000000e+00 7.354843e-06
2.888900 2.388001e-05 2.843521e-06 0.000000e+00 2.405883e-06 0.000000e+00 7.270737e-06
2.896490 2.444014e-05 2.846201e-06 0.000000e+00 2.296023e-06 0.000000e+00 7.172826e-06
2.904070 2.497246e-05 2.834943e-06 0.000000e+00 2.178380e-06 0.000000e+00 7.065482e-06
2.911660 2.543723e-05 2.808770e-06 0.000000e+00 2.049956e-06 0.000000e+00 6.937886e-06
2.919240 2.583183e-05 2.764674e-06 0.000000e+00 1.912202e-06 0.000000e+00 6.796149e-06
2.926820 2.613386e-05 2.700165e-06 0.000000e+00 1.765238e-06 0.000000e+00 6.640556e-06
2.934410 2.631808e-05 2.612487e-06 0.000000e+00 1.609225e-06 0.000000e+00 6.470788e-06
2.941990 2.635056e-05 2.499259e-06 0.000000e+00 1.445454e-06 0.000000e+00 6.285358e-06
2.949580 2.619096e-05 2.358194e-06 0.000000e+00 1.275123e-06 0.000000e+00 6.080154e-06
2.957160 2.577431e-05 2.186409e-06 0.000000e+00 1.100360e-06 0.000000e+00 5.847878e-06
2.964740 2.501124e-05 1.981131e-06 0.000000e+00 9.240448e-07 0.000000e+00 5.577314e-06
2.972330 2.383472e-05 1.743823e-06 0.000000e+00 7.494932e-07 0.000000e+00 5.259765e-06
2.979910 2.213677e-05 1.475935e-06 0.000000e+00 5.813157e-07 0.000000e+00 4.883208e-06
2.987500 1.975572e-05 1.179658e-06 0.000000e+00 4.249221e-07 0.000000e+00 4.428068e-06
2.995080 1.668441e-05 8.706640e-07 0.000000e+00 2.854911e-07 0.000000e+00 3.885932e-06
3.002660 1.291121e-05 5.686326e-07 0.000000e+00 1.696811e-07 0.000000e+00 3.232573e-06
3.010250 8.721563e-06 3.052673e-07 0.000000e+00 8.242129e-08 0.000000e+00 2.457546e-06
3.017830 4.685689e-06 1.169097e-07 0.000000e+00 2.809278e-08 0.000000e+00 1.573970e-06
3.025420 1.594218e-06 2.246786e-08 0.000000e+00 4.436079e-09 0.000000e+00 6.736518e-07
3.033000 7.505890e-08 -1.066543e-10 0.000000e+00 -4.482646e-11 0.000000e+00 4.733475e-08
