0.00526915 	-1.57195e-05 	8.89262e-08 	1.03583e-22
0.0162965 	9.05199e-05 	-1.76809e-07 	1.8521e-22
0.0283474 	0.000383689 	1.02824e-06 	-9.2089e-24
0.0415165 	0.000743232 	6.26354e-06 	1.06608e-22
0.0559075 	0.00111713 	1.53834e-05 	2.22925e-22
0.0716335 	0.00147681 	2.79705e-05 	-1.73224e-22
0.0888181 	0.00180533 	4.33785e-05 	-5.90667e-23
0.107596 	0.00209272 	5.97695e-05 	3.49633e-23
0.128115 	0.00233572 	7.40841e-05 	-2.35572e-22
0.150536 	0.00253934 	8.24736e-05 	-9.85487e-22
0.175034 	0.00271887 	8.0698e-05 	-7.05984e-22
0.201802 	0.0029006 	6.4569e-05 	1.29674e-21
0.231047 	0.00312089 	3.07495e-05 	5.2732e-22
0.263 	0.003422 	-2.24986e-05 	6.27888e-22
0.297909 	0.00384441 	-9.47091e-05 	1.94077e-21
0.336046 	0.00441647 	-0.000182973 	-7.07354e-22
0.377708 	0.00514395 	-0.000282356 	-1.7307e-22
0.423217 	0.00600374 	-0.000386834 	-1.00369e-22
0.472928 	0.00694664 	-0.000489885 	-5.04551e-22
0.527223 	0.00791265 	-0.000583924 	-4.41697e-21
0.586521 	0.00885728 	-0.000658928 	1.46614e-20
0.651278 	0.009779 	-0.000700986 	3.76544e-22
0.721989 	0.010728 	-0.000697738 	-4.32014e-21
0.799195 	0.0118103 	-0.000650711 	1.10923e-20
0.883481 	0.013166 	-0.000584759 	1.22703e-20
0.975482 	0.0150506 	-0.000519355 	-1.20465e-20
1.07589 	0.0177136 	-0.000464514 	9.39043e-21
1.18545 	0.0207785 	-0.000373766 	-8.40005e-21
1.30498 	0.0231238 	-0.000239125 	-1.36287e-20
1.43533 	0.0244319 	-0.000155281 	5.71947e-22
1.57285 	0.0252111 	-9.09157e-05 	1.40286e-20
1.69148 	0.0257325 	-3.91648e-05 	2.42138e-22
1.75531 	0.0259942 	-1.35221e-05 	-4.02526e-21
1.82883 	0.0262731 	1.01924e-05 	-3.0461e-23
1.94142 	0.0266689 	4.07045e-05 	3.45437e-21
2.0444 	0.026989 	6.30202e-05 	-7.39412e-22
2.1386 	0.0272474 	7.98373e-05 	2.383e-21
2.22476 	0.0274561 	9.28495e-05 	6.04704e-22
2.30358 	0.0276226 	0.000103212 	-3.51076e-21
2.37568 	0.0277495 	0.000111519 	1.22267e-21
2.44163 	0.027835 	0.000118174 	-1.50653e-21
2.50196 	0.0278737 	0.000123451 	2.36617e-21
2.55715 	0.0278594 	0.000127422 	1.15726e-21
2.60765 	0.0277797 	0.000130512 	3.1477e-21
2.65384 	0.027607 	0.00013293 	-5.41473e-22
2.69609 	0.0272849 	0.000133286 	5.36834e-21
2.73475 	0.0266983 	0.000135651 	-2.11542e-21
2.77012 	0.0257273 	0.00014302 	-2.35556e-21
2.80248 	0.0243969 	0.000151801 	-7.73635e-23
2.83208 	0.0228531 	0.000158632 	-3.34263e-21
2.85916 	0.021246 	0.000161963 	5.43762e-21
2.88394 	0.0196683 	0.000158992 	-1.02814e-21
2.90661 	0.0181525 	0.000151298 	5.2259e-22
2.92735 	0.0166738 	0.000137472 	-1.00789e-21
2.94632 	0.0151682 	0.000118778 	2.06836e-21
2.96368 	0.0135385 	9.65377e-05 	-1.28354e-21
2.97956 	0.0116652 	7.21081e-05 	-3.31779e-25
2.99409 	0.00944452 	4.70634e-05 	-2.97758e-22
3.00739 	0.00688551 	2.37616e-05 	-3.93181e-24
3.01955 	0.00414901 	6.61358e-06 	-2.89839e-22
3.03068 	0.00139925 	1.13369e-06 	8.22481e-22
