0.006136 7.768683e-07 -4.259342e-09 0.000000e+00 2.450671e-09 0.000000e+00 1.162707e-06
0.018817 4.668993e-06 -1.063807e-07 0.000000e+00 1.109329e-07 0.000000e+00 6.652457e-06
0.035084 9.887169e-06 -4.106867e-07 0.000000e+00 6.204955e-07 0.000000e+00 1.298969e-05
0.055951 1.458739e-05 -8.650981e-07 0.000000e+00 1.747610e-06 0.000000e+00 1.791002e-05
0.082724 1.802437e-05 -1.421375e-06 0.000000e+00 3.497458e-06 0.000000e+00 2.117843e-05
0.117078 2.031472e-05 -2.109909e-06 0.000000e+00 5.738245e-06 0.000000e+00 2.302060e-05
0.161170 2.187654e-05 -2.990546e-06 0.000000e+00 8.292260e-06 0.000000e+00 2.376823e-05
0.217777 2.352341e-05 -4.229214e-06 0.000000e+00 1.102506e-05 0.000000e+00 2.416596e-05
0.290472 2.544919e-05 -5.941856e-06 0.000000e+00 1.392490e-05 0.000000e+00 2.463692e-05
0.383872 2.788354e-05 -8.091229e-06 0.000000e+00 1.695364e-05 0.000000e+00 2.522487e-05
0.503938 3.143868e-05 -1.064020e-05 0.000000e+00 1.989402e-05 0.000000e+00 2.612325e-05
0.658397 3.627130e-05 -1.346770e-05 0.000000e+00 2.196554e-05 0.000000e+00 2.737529e-05
0.857284 4.092729e-05 -1.546745e-05 0.000000e+00 2.279505e-05 0.000000e+00 2.858875e-05
1.113680 4.358316e-05 -1.555531e-05 0.000000e+00 2.158220e-05 0.000000e+00 2.764002e-05
1.417240 3.870594e-05 -1.259398e-05 0.000000e+00 1.786803e-05 0.000000e+00 2.216272e-05
1.603910 3.198812e-05 -1.003728e-05 0.000000e+00 1.495026e-05 0.000000e+00 1.796248e-05
1.791140 2.503616e-05 -7.560374e-06 0.000000e+00 1.223684e-05 0.000000e+00 1.402227e-05
2.074830 1.689474e-05 -4.474356e-06 0.000000e+00 8.649279e-06 0.000000e+00 9.377512e-06
2.295220 1.273306e-05 -2.529843e-06 0.000000e+00 6.505341e-06 0.000000e+00 7.273928e-06
2.466580 1.067841e-05 -1.126821e-06 0.000000e+00 5.170416e-06 0.000000e+00 6.695980e-06
2.599920 1.039404e-05 7.818607e-08 0.000000e+00 4.366666e-06 0.000000e+00 6.703536e-06
2.703720 1.184261e-05 1.191880e-06 0.000000e+00 3.901595e-06 0.000000e+00 7.081002e-06
2.784560 1.441890e-05 2.066141e-06 0.000000e+00 3.551583e-06 0.000000e+00 7.488936e-06
2.847540 1.720106e-05 2.568059e-06 0.000000e+00 3.121062e-06 0.000000e+00 7.578651e-06
2.896610 1.964458e-05 2.680367e-06 0.000000e+00 2.499544e-06 0.000000e+00 7.346782e-06
2.934860 2.110193e-05 2.452035e-06 0.000000e+00 1.732187e-06 0.000000e+00 6.844624e-06
2.964670 2.077724e-05 1.949066e-06 0.000000e+00 9.892373e-07 0.000000e+00 6.052464e-06
2.987910 1.750308e-05 1.235612e-06 0.000000e+00 4.374875e-07 0.000000e+00 4.832679e-06
3.006030 1.073705e-05 5.132789e-07 0.000000e+00 1.300397e-07 0.000000e+00 3.166849e-06
3.020160 3.646196e-06 9.484743e-08 0.000000e+00 1.772551e-08 0.000000e+00 1.381145e-06
3.031170 2.549199e-07 6.644814e-10 0.000000e+00 3.124462e-11 0.000000e+00 1.528990e-07
