0.453187 	0.00125465 	0.00094383 	-2.94953e-19
0.464001 	0.00309994 	0.00232756 	6.32587e-20
0.475812 	0.00417628 	0.00307086 	1.04263e-19
0.488711 	0.00492877 	0.0035196 	5.63186e-20
0.502797 	0.00554741 	0.00383851 	-3.98323e-20
0.518178 	0.00609895 	0.00408137 	-9.40006e-20
0.534973 	0.00661436 	0.00427152 	6.40025e-20
0.553308 	0.00711487 	0.00442443 	1.0607e-19
0.573325 	0.00761752 	0.00455186 	2.81414e-21
0.595174 	0.00813547 	0.00466221 	-1.13245e-19
0.619021 	0.00867707 	0.00476017 	-8.76758e-21
0.645045 	0.00924517 	0.00484642 	4.73952e-20
0.673443 	0.00983657 	0.00491751 	7.12007e-22
0.704425 	0.0104422 	0.00496628 	2.5919e-21
0.738222 	0.011048 	0.00498293 	2.82553e-20
0.775085 	0.0116377 	0.00495709 	-3.13308e-20
0.815285 	0.0121975 	0.00488112 	-3.07732e-21
0.859115 	0.0127228 	0.00475427 	1.1382e-21
0.906895 	0.0132256 	0.00458601 	1.41929e-22
0.958971 	0.0137396 	0.00439571 	-1.81708e-22
1.01572 	0.0143223 	0.00420697 	4.92591e-20
1.07753 	0.0150567 	0.00403861 	-1.07203e-19
1.14486 	0.0160492 	0.00389919 	-6.69674e-22
1.21818 	0.0174083 	0.0037972 	4.86231e-20
1.29799 	0.019238 	0.00374758 	6.27485e-21
1.38485 	0.0215128 	0.00375287 	2.72359e-20
1.47936 	0.0239481 	0.0037761 	-3.33775e-20
1.58215 	0.026024 	0.00373248 	-2.7795e-20
1.69393 	0.0273401 	0.0035644 	1.79445e-21
1.81544 	0.0280386 	0.00328286 	1.00266e-20
1.87874 	0.0282795 	0.00312053 	4.81246e-21
1.93189 	0.0284391 	0.00297278 	-6.36999e-22
2.03359 	0.0287508 	0.00270318 	1.23584e-21
2.12658 	0.029039 	0.00247281 	4.97458e-21
2.21158 	0.0292842 	0.0022683 	2.65994e-21
2.2893 	0.0294776 	0.002085 	-9.92878e-21
2.36036 	0.0296241 	0.00191945 	5.33029e-21
2.42533 	0.0297306 	0.00176946 	3.66387e-21
2.48474 	0.0298005 	0.00163328 	-8.27669e-23
2.53908 	0.0298324 	0.00150915 	-2.63368e-22
2.58877 	0.029822 	0.00139529 	-1.49635e-21
2.63421 	0.0297605 	0.00129013 	-7.48087e-21
2.67577 	0.0296236 	0.00119186 	5.35552e-21
2.71379 	0.0293486 	0.00109812 	5.41467e-21
2.74856 	0.028838 	0.00100703 	5.28684e-21
2.78036 	0.028048 	0.000917214 	-9.34447e-21
2.80945 	0.027051 	0.000827828 	3.13243e-21
2.83606 	0.0259698 	0.000739295 	2.01549e-21
2.8604 	0.0248978 	0.000652535 	-5.84818e-21
2.88267 	0.0238806 	0.000568538 	-1.84751e-21
2.90304 	0.0229255 	0.000488077 	5.61349e-21
2.92168 	0.0220087 	0.000411605 	-2.25465e-23
2.93872 	0.0210785 	0.000339423 	3.54129e-21
2.95432 	0.0200521 	0.000271805 	3.69749e-22
2.96858 	0.0188118 	0.000209285 	-2.55186e-21
2.98164 	0.0172104 	0.000152907 	8.70922e-22
2.99358 	0.0151071 	0.000103502 	5.15702e-22
3.0045 	0.0124451 	6.17783e-05 	1.33451e-21
3.01449 	0.00929107 	3.07745e-05 	-2.66259e-21
3.02364 	0.0057668 	1.29502e-05 	-9.81104e-22
3.032 	0.00198374 	3.64043e-06 	6.28505e-22
