0.453187 	-3.28781e-05 	3.30183e-05 	-6.7166e-23
0.464001 	-0.000111976 	9.97835e-05 	-2.40679e-22
0.475812 	-0.000209074 	0.000174975 	-3.03898e-22
0.488711 	-0.000316096 	0.000257858 	2.02489e-22
0.502797 	-0.000423429 	0.000339894 	3.30963e-20
0.518178 	-0.000525433 	0.000414239 	3.44363e-21
0.534973 	-0.00062061 	0.000477475 	-5.22417e-20
0.553308 	-0.000708816 	0.000528581 	-2.54887e-20
0.573325 	-0.000789206 	0.000568366 	4.83845e-22
0.595174 	-0.000858554 	0.000597914 	2.26291e-20
0.619021 	-0.000909325 	0.000617687 	-5.00524e-21
0.645045 	-0.000926289 	0.00062311 	4.57401e-20
0.673443 	-0.000872158 	0.000603483 	3.55022e-19
0.704425 	-0.00067295 	0.000553585 	-4.97804e-19
0.738222 	-0.000222749 	0.000477918 	-3.92446e-19
0.775085 	0.000587534 	0.000366636 	5.15351e-19
0.815285 	0.00194749 	0.000265837 	3.49131e-20
0.859115 	0.00414725 	0.000175761 	-9.16246e-21
0.906895 	0.0076463 	-3.93761e-05 	-1.34891e-20
0.958971 	0.0123594 	-0.000366057 	3.43831e-21
1.01572 	0.017516 	-0.000704459 	6.60448e-20
1.07753 	0.0215314 	-0.000921449 	-5.57442e-20
1.14486 	0.0234738 	-0.00100179 	-1.47939e-21
1.21818 	0.0243949 	-0.00101364 	-2.87098e-21
1.29799 	0.0250503 	-0.00102504 	-3.0672e-20
1.38485 	0.0256989 	-0.00102526 	3.87428e-20
1.47936 	0.0263636 	-0.00101135 	-1.32844e-20
1.58215 	0.0270316 	-0.000987655 	-1.33766e-20
1.69393 	0.0277093 	-0.000958152 	1.0507e-22
1.81544 	0.0283979 	-0.000920355 	9.30138e-21
1.87874 	0.0287412 	-0.000898629 	9.94384e-21
1.93189 	0.0290293 	-0.000874688 	4.97832e-21
2.03359 	0.0295567 	-0.000824716 	-1.33162e-21
2.12658 	0.0299889 	-0.000772662 	-9.99951e-22
2.21158 	0.0303283 	-0.00072118 	2.89633e-21
2.2893 	0.0305772 	-0.000671825 	5.91382e-21
2.36036 	0.0307419 	-0.000626118 	-6.47628e-21
2.42533 	0.0308313 	-0.000585121 	-5.44052e-22
2.48474 	0.0308552 	-0.000549609 	2.54128e-21
2.53908 	0.0308229 	-0.000520552 	-4.13667e-21
2.58877 	0.0307377 	-0.000496699 	3.19174e-22
2.63421 	0.0306023 	-0.000477818 	4.0035e-21
2.67577 	0.0304183 	-0.000463298 	-6.62268e-21
2.71379 	0.0301855 	-0.000452261 	3.46263e-21
2.74856 	0.0299032 	-0.000444108 	1.82641e-21
2.78036 	0.0295682 	-0.000438108 	6.3768e-22
2.80945 	0.0291658 	-0.000432878 	-1.80243e-21
2.83606 	0.0286568 	-0.000425973 	-2.57154e-21
2.8604 	0.0279777 	-0.000414477 	-2.31992e-21
2.88267 	0.0270776 	-0.000397108 	6.56194e-21
2.90304 	0.0259659 	-0.000375578 	-1.12942e-22
2.92168 	0.0247109 	-0.000352858 	-9.60929e-22
2.93872 	0.0233861 	-0.00033008 	-2.24921e-23
2.95432 	0.0220038 	-0.000304946 	-4.36389e-22
2.96858 	0.0204736 	-0.000273062 	-1.79291e-21
2.98164 	0.0185873 	-0.000228218 	2.0653e-21
2.99358 	0.0160715 	-0.000170719 	8.49299e-23
3.0045 	0.012797 	-0.000109534 	9.42006e-22
3.01449 	0.00904467 	-5.6403e-05 	-4.51631e-22
3.02364 	0.0052747 	-2.05698e-05 	4.41875e-22
3.032 	0.00171636 	-3.99414e-06 	4.2947e-22
