2.887828e-02
0.000000e+00
0.000000e+00
3.007569e-02
0.000000e+00
0.000000e+00
3.079360e-02
0.000000e+00
0.000000e+00
3.118188e-02
0.000000e+00
0.000000e+00
3.131592e-02
0.000000e+00
0.000000e+00
3.126795e-02
0.000000e+00
0.000000e+00
3.109053e-02
0.000000e+00
0.000000e+00
3.081983e-02
0.000000e+00
0.000000e+00
3.047144e-02
0.000000e+00
0.000000e+00
3.007889e-02
0.000000e+00
0.000000e+00
2.966481e-02
0.000000e+00
0.000000e+00
2.923176e-02
0.000000e+00
0.000000e+00
2.878133e-02
0.000000e+00
0.000000e+00
2.832171e-02
0.000000e+00
0.000000e+00
2.792684e-02
0.000000e+00
0.000000e+00
2.761349e-02
0.000000e+00
0.000000e+00
2.738711e-02
0.000000e+00
0.000000e+00
2.729417e-02
0.000000e+00
0.000000e+00
2.733142e-02
0.000000e+00
0.000000e+00
