6.261094e-04
0.000000e+00
0.000000e+00
5.489659e-03
0.000000e+00
0.000000e+00
7.670059e-03
0.000000e+00
0.000000e+00
9.713287e-03
0.000000e+00
0.000000e+00
1.197584e-02
0.000000e+00
0.000000e+00
1.443056e-02
0.000000e+00
0.000000e+00
1.707558e-02
0.000000e+00
0.000000e+00
1.974899e-02
0.000000e+00
0.000000e+00
2.214719e-02
0.000000e+00
0.000000e+00
2.420649e-02
0.000000e+00
0.000000e+00
2.581033e-02
0.000000e+00
0.000000e+00
2.704260e-02
0.000000e+00
0.000000e+00
2.792688e-02
0.000000e+00
0.000000e+00
2.834321e-02
0.000000e+00
0.000000e+00
2.794124e-02
0.000000e+00
0.000000e+00
2.544797e-02
0.000000e+00
0.000000e+00
1.222823e-02
0.000000e+00
0.000000e+00
