4.470704e-03
0.000000e+00
0.000000e+00
1.060994e-02
0.000000e+00
0.000000e+00
1.383133e-02
0.000000e+00
0.000000e+00
1.669984e-02
0.000000e+00
0.000000e+00
1.936907e-02
0.000000e+00
0.000000e+00
2.182995e-02
0.000000e+00
0.000000e+00
2.403668e-02
0.000000e+00
0.000000e+00
2.591155e-02
0.000000e+00
0.000000e+00
2.741705e-02
0.000000e+00
0.000000e+00
2.856626e-02
0.000000e+00
0.000000e+00
2.930653e-02
0.000000e+00
0.000000e+00
2.947674e-02
0.000000e+00
0.000000e+00
2.852957e-02
0.000000e+00
0.000000e+00
2.501732e-02
0.000000e+00
0.000000e+00
