(0.000497 0.000000 0.000000)
(0.002103 0.000000 0.000000)
(0.004693 0.000000 0.000000)
(0.008228 0.000000 0.000000)
(0.012367 0.000000 0.000000)
(0.016572 0.000000 0.000000)
(0.020229 0.000000 0.000000)
(0.023040 0.000000 0.000000)
(0.024946 0.000000 0.000000)
(0.026129 0.000000 0.000000)
(0.026800 0.000000 0.000000)
(0.027158 0.000000 0.000000)
(0.027326 0.000000 0.000000)
(0.027390 0.000000 0.000000)
(0.027396 0.000000 0.000000)
(0.027373 0.000000 0.000000)
(0.027341 0.000000 0.000000)
(0.027310 0.000000 0.000000)
(0.027293 0.000000 0.000000)
(0.027297 0.000000 0.000000)
(0.027325 0.000000 0.000000)
(0.027390 0.000000 0.000000)
(0.027503 0.000000 0.000000)
(0.027660 0.000000 0.000000)
(0.027864 0.000000 0.000000)
(0.028129 0.000000 0.000000)
(0.028462 0.000000 0.000000)
(0.028861 0.000000 0.000000)
(0.029278 0.000000 0.000000)
(0.029718 0.000000 0.000000)
(0.030157 0.000000 0.000000)
(0.030551 0.000000 0.000000)
(0.030865 0.000000 0.000000)
(0.031091 0.000000 0.000000)
(0.031239 0.000000 0.000000)
(0.031312 0.000000 0.000000)
(0.031309 0.000000 0.000000)
(0.031235 0.000000 0.000000)
(0.031096 0.000000 0.000000)
(0.030895 0.000000 0.000000)
(0.030641 0.000000 0.000000)
(0.030345 0.000000 0.000000)
(0.030017 0.000000 0.000000)
(0.029654 0.000000 0.000000)
(0.029260 0.000000 0.000000)
(0.028831 0.000000 0.000000)
(0.028362 0.000000 0.000000)
(0.027836 0.000000 0.000000)
(0.027233 0.000000 0.000000)
(0.026524 0.000000 0.000000)
(0.025664 0.000000 0.000000)
(0.024586 0.000000 0.000000)
(0.023215 0.000000 0.000000)
(0.021436 0.000000 0.000000)
(0.019152 0.000000 0.000000)
(0.016325 0.000000 0.000000)
(0.012977 0.000000 0.000000)
(0.009246 0.000000 0.000000)
(0.005335 0.000000 0.000000)
(0.001401 0.000000 0.000000)
