3.034032106000000173e+00 5.456808282799999188e-04 0.000000000000000000e+00 0.000000000000000000e+00
3.029668093000000173e+00 2.933768124000000165e-03 0.000000000000000000e+00 0.000000000000000000e+00
3.025304079000000090e+00 5.218244432800000186e-03 0.000000000000000000e+00 0.000000000000000000e+00
3.020940065000000008e+00 7.393423556400000388e-03 0.000000000000000000e+00 0.000000000000000000e+00
3.016575813000000217e+00 9.440684198400000823e-03 0.000000000000000000e+00 0.000000000000000000e+00
3.012211800000000217e+00 1.134480905600000061e-02 0.000000000000000000e+00 0.000000000000000000e+00
3.007847786000000134e+00 1.309895384280000165e-02 0.000000000000000000e+00 0.000000000000000000e+00
3.003483772000000052e+00 1.470059013360000208e-02 0.000000000000000000e+00 0.000000000000000000e+00
2.999119519999999817e+00 1.614170288919999918e-02 0.000000000000000000e+00 0.000000000000000000e+00
2.994755506999999817e+00 1.743082284999999954e-02 0.000000000000000000e+00 0.000000000000000000e+00
2.990391493000000178e+00 1.858186387960000102e-02 0.000000000000000000e+00 0.000000000000000000e+00
2.986027479000000096e+00 1.959613442359999999e-02 0.000000000000000000e+00 0.000000000000000000e+00
2.981663226999999861e+00 2.049505353000000141e-02 0.000000000000000000e+00 0.000000000000000000e+00
2.977299213000000222e+00 2.129349136319999905e-02 0.000000000000000000e+00 0.000000000000000000e+00
2.972935199999999778e+00 2.199177503599999972e-02 0.000000000000000000e+00 0.000000000000000000e+00
2.968571186000000139e+00 2.261417245919999930e-02 0.000000000000000000e+00 0.000000000000000000e+00
2.964206933999999904e+00 2.316966915199999977e-02 0.000000000000000000e+00 0.000000000000000000e+00
2.959842919999999822e+00 2.366114735600000074e-02 0.000000000000000000e+00 0.000000000000000000e+00
2.955478906999999822e+00 2.410007429199999968e-02 0.000000000000000000e+00 0.000000000000000000e+00
2.951114893000000183e+00 2.449582767520000134e-02 0.000000000000000000e+00 0.000000000000000000e+00
2.946750640999999948e+00 2.485355949439999740e-02 0.000000000000000000e+00 0.000000000000000000e+00
2.942386626999999866e+00 2.517813801720000105e-02 0.000000000000000000e+00 0.000000000000000000e+00
2.938022613999999866e+00 2.547391247800000202e-02 0.000000000000000000e+00 0.000000000000000000e+00
2.933658599999999783e+00 2.574417066480000002e-02 0.000000000000000000e+00 0.000000000000000000e+00
2.929294347999999992e+00 2.599197006280000097e-02 0.000000000000000000e+00 0.000000000000000000e+00
2.924930333999999910e+00 2.622048163280000024e-02 0.000000000000000000e+00 0.000000000000000000e+00
2.920566319999999827e+00 2.643143606319999991e-02 0.000000000000000000e+00 0.000000000000000000e+00
2.916202068000000036e+00 2.662767219559999954e-02 0.000000000000000000e+00 0.000000000000000000e+00
2.911838055000000036e+00 2.681079053800000320e-02 0.000000000000000000e+00 0.000000000000000000e+00
2.907474040999999954e+00 2.698216128439999764e-02 0.000000000000000000e+00 0.000000000000000000e+00
2.903110026999999871e+00 2.714321136519999914e-02 0.000000000000000000e+00 0.000000000000000000e+00
2.898745775000000080e+00 2.729510235759999986e-02 0.000000000000000000e+00 0.000000000000000000e+00
2.894381762000000080e+00 2.743878555319999996e-02 0.000000000000000000e+00 0.000000000000000000e+00
2.890017747999999997e+00 2.757418751639999915e-02 0.000000000000000000e+00 0.000000000000000000e+00
2.885653733999999915e+00 2.770209097880000151e-02 0.000000000000000000e+00 0.000000000000000000e+00
2.881289482000000124e+00 2.782428002480000218e-02 0.000000000000000000e+00 0.000000000000000000e+00
2.876925468000000041e+00 2.794130706920000193e-02 0.000000000000000000e+00 0.000000000000000000e+00
2.872561455000000041e+00 2.805286503600000134e-02 0.000000000000000000e+00 0.000000000000000000e+00
2.868197440999999959e+00 2.815876865200000329e-02 0.000000000000000000e+00 0.000000000000000000e+00
2.863833189000000168e+00 2.826111747199999691e-02 0.000000000000000000e+00 0.000000000000000000e+00
2.859469175000000085e+00 2.836017514399999731e-02 0.000000000000000000e+00 0.000000000000000000e+00
2.855105162000000085e+00 2.845359182400000048e-02 0.000000000000000000e+00 0.000000000000000000e+00
2.850741148000000003e+00 2.854448508799999756e-02 0.000000000000000000e+00 0.000000000000000000e+00
2.846376896000000212e+00 2.863285160399999668e-02 0.000000000000000000e+00 0.000000000000000000e+00
2.842012882000000129e+00 2.871677208399999945e-02 0.000000000000000000e+00 0.000000000000000000e+00
2.837648869000000129e+00 2.879892016399999977e-02 0.000000000000000000e+00 0.000000000000000000e+00
2.833284855000000046e+00 2.887828445600000224e-02 0.000000000000000000e+00 0.000000000000000000e+00
2.828920602999999812e+00 2.895484160799999956e-02 0.000000000000000000e+00 0.000000000000000000e+00
2.824556589000000173e+00 2.903007363200000440e-02 0.000000000000000000e+00 0.000000000000000000e+00
2.820192575000000090e+00 2.910184096400000170e-02 0.000000000000000000e+00 0.000000000000000000e+00
2.815828562000000090e+00 2.917234992000000346e-02 0.000000000000000000e+00 0.000000000000000000e+00
2.811464309999999855e+00 2.924059916399999667e-02 0.000000000000000000e+00 0.000000000000000000e+00
2.807100296000000217e+00 2.930689907599999880e-02 0.000000000000000000e+00 0.000000000000000000e+00
2.802736282000000134e+00 2.937184048399999955e-02 0.000000000000000000e+00 0.000000000000000000e+00
2.798372269000000134e+00 2.943445873199999896e-02 0.000000000000000000e+00 0.000000000000000000e+00
2.794008016999999899e+00 2.949628592400000207e-02 0.000000000000000000e+00 0.000000000000000000e+00
2.789644002999999817e+00 2.955550623199999782e-02 0.000000000000000000e+00 0.000000000000000000e+00
2.785279989000000178e+00 2.961417580799999977e-02 0.000000000000000000e+00 0.000000000000000000e+00
2.780915976000000178e+00 2.967035864800000172e-02 0.000000000000000000e+00 0.000000000000000000e+00
2.776551722999999861e+00 2.972604418000000109e-02 0.000000000000000000e+00 0.000000000000000000e+00
2.772187709999999861e+00 2.977948666000000341e-02 0.000000000000000000e+00 0.000000000000000000e+00
2.767823696000000222e+00 2.983219148000000251e-02 0.000000000000000000e+00 0.000000000000000000e+00
2.763459682000000139e+00 2.988318729199999912e-02 0.000000000000000000e+00 0.000000000000000000e+00
2.759095429999999904e+00 2.993299817199999990e-02 0.000000000000000000e+00 0.000000000000000000e+00
2.754731416999999905e+00 2.998182440399999732e-02 0.000000000000000000e+00 0.000000000000000000e+00
2.750367402999999822e+00 3.002875136800000136e-02 0.000000000000000000e+00 0.000000000000000000e+00
2.746003389000000183e+00 3.007568502400000121e-02 0.000000000000000000e+00 0.000000000000000000e+00
2.741639136999999948e+00 3.011998511199999798e-02 0.000000000000000000e+00 0.000000000000000000e+00
2.737275123999999948e+00 3.016423843999999771e-02 0.000000000000000000e+00 0.000000000000000000e+00
2.732911109999999866e+00 3.020695305600000144e-02 0.000000000000000000e+00 0.000000000000000000e+00
2.728547095999999783e+00 3.024844264399999955e-02 0.000000000000000000e+00 0.000000000000000000e+00
2.724182843999999992e+00 3.028986883999999769e-02 0.000000000000000000e+00 0.000000000000000000e+00
2.719818829999999910e+00 3.032885170000000283e-02 0.000000000000000000e+00 0.000000000000000000e+00
2.715454816999999910e+00 3.036776780800000408e-02 0.000000000000000000e+00 0.000000000000000000e+00
2.711090802999999827e+00 3.040578270800000163e-02 0.000000000000000000e+00 0.000000000000000000e+00
2.706726551000000036e+00 3.044235896800000230e-02 0.000000000000000000e+00 0.000000000000000000e+00
2.702362536999999953e+00 3.047893858799999994e-02 0.000000000000000000e+00 0.000000000000000000e+00
2.697998523999999954e+00 3.051396608399999794e-02 0.000000000000000000e+00 0.000000000000000000e+00
2.693634509999999871e+00 3.054815912399999611e-02 0.000000000000000000e+00 0.000000000000000000e+00
2.689270258000000080e+00 3.058240889200000007e-02 0.000000000000000000e+00 0.000000000000000000e+00
2.684906243999999997e+00 3.061467933999999919e-02 0.000000000000000000e+00 0.000000000000000000e+00
2.680542230999999997e+00 3.064644239999999784e-02 0.000000000000000000e+00 0.000000000000000000e+00
2.676178216999999915e+00 3.067828226400000011e-02 0.000000000000000000e+00 0.000000000000000000e+00
2.671813965000000124e+00 3.070791245200000033e-02 0.000000000000000000e+00 0.000000000000000000e+00
2.667449951000000041e+00 3.073714876400000101e-02 0.000000000000000000e+00 0.000000000000000000e+00
2.663085938000000041e+00 3.076643180800000404e-02 0.000000000000000000e+00 0.000000000000000000e+00
2.658721923999999959e+00 3.079360199999999631e-02 0.000000000000000000e+00 0.000000000000000000e+00
2.654357672000000168e+00 3.082014465600000502e-02 0.000000000000000000e+00 0.000000000000000000e+00
2.649993658000000085e+00 3.084675406400000028e-02 0.000000000000000000e+00 0.000000000000000000e+00
2.645629644000000003e+00 3.087173126800000361e-02 0.000000000000000000e+00 0.000000000000000000e+00
2.641265631000000003e+00 3.089559698400000040e-02 0.000000000000000000e+00 0.000000000000000000e+00
2.636901379000000212e+00 3.091943932000000214e-02 0.000000000000000000e+00 0.000000000000000000e+00
2.632537365000000129e+00 3.094255399200000062e-02 0.000000000000000000e+00 0.000000000000000000e+00
2.628173351000000046e+00 3.096373271599999963e-02 0.000000000000000000e+00 0.000000000000000000e+00
2.623809338000000047e+00 3.098482130799999970e-02 0.000000000000000000e+00 0.000000000000000000e+00
2.619445085999999812e+00 3.100599669999999988e-02 0.000000000000000000e+00 0.000000000000000000e+00
2.615081072000000173e+00 3.102489566400000107e-02 0.000000000000000000e+00 0.000000000000000000e+00
2.610717058000000090e+00 3.104331397999999728e-02 0.000000000000000000e+00 0.000000000000000000e+00
2.606353045000000090e+00 3.106175900799999778e-02 0.000000000000000000e+00 0.000000000000000000e+00
2.601988792000000217e+00 3.107953643200000310e-02 0.000000000000000000e+00 0.000000000000000000e+00
2.597624779000000217e+00 3.109546470799999865e-02 0.000000000000000000e+00 0.000000000000000000e+00
2.593260765000000134e+00 3.111129618800000107e-02 0.000000000000000000e+00 0.000000000000000000e+00
2.588896751000000052e+00 3.112722443599999847e-02 0.000000000000000000e+00 0.000000000000000000e+00
2.584532498999999817e+00 3.114171409999999876e-02 0.000000000000000000e+00 0.000000000000000000e+00
2.580168485999999817e+00 3.115512229199999747e-02 0.000000000000000000e+00 0.000000000000000000e+00
2.575804472000000178e+00 3.116846703599999990e-02 0.000000000000000000e+00 0.000000000000000000e+00
2.571440458000000095e+00 3.118187856000000438e-02 0.000000000000000000e+00 0.000000000000000000e+00
2.567076205999999861e+00 3.119348097599999869e-02 0.000000000000000000e+00 0.000000000000000000e+00
2.562712192999999861e+00 3.120440912399999669e-02 0.000000000000000000e+00 0.000000000000000000e+00
2.558348178999999778e+00 3.121525383200000198e-02 0.000000000000000000e+00 0.000000000000000000e+00
2.553983926999999987e+00 3.122618197999999998e-02 0.000000000000000000e+00 0.000000000000000000e+00
2.549619912999999904e+00 3.123538779200000018e-02 0.000000000000000000e+00 0.000000000000000000e+00
2.545255898999999822e+00 3.124398947599999962e-02 0.000000000000000000e+00 0.000000000000000000e+00
2.540891885999999822e+00 3.125249766799999968e-02 0.000000000000000000e+00 0.000000000000000000e+00
2.536527634000000031e+00 3.126109935199999912e-02 0.000000000000000000e+00 0.000000000000000000e+00
2.532163619999999948e+00 3.126832914799999863e-02 0.000000000000000000e+00 0.000000000000000000e+00
2.527799605999999866e+00 3.127466106800000367e-02 0.000000000000000000e+00 0.000000000000000000e+00
2.523435592999999866e+00 3.128089952399999707e-02 0.000000000000000000e+00 0.000000000000000000e+00
2.519071341000000075e+00 3.128723144400000211e-02 0.000000000000000000e+00 0.000000000000000000e+00
2.514707326999999992e+00 3.129288579199999976e-02 0.000000000000000000e+00 0.000000000000000000e+00
2.510343312999999910e+00 3.129706812400000204e-02 0.000000000000000000e+00 0.000000000000000000e+00
2.505979299999999910e+00 3.130120039199999621e-02 0.000000000000000000e+00 0.000000000000000000e+00
2.501615047000000036e+00 3.130535937200000507e-02 0.000000000000000000e+00 0.000000000000000000e+00
2.497251034000000036e+00 3.130954170400000042e-02 0.000000000000000000e+00 0.000000000000000000e+00
2.492887019999999954e+00 3.131187819200000055e-02 0.000000000000000000e+00 0.000000000000000000e+00
2.488523005999999871e+00 3.131393098400000324e-02 0.000000000000000000e+00 0.000000000000000000e+00
2.484158754000000080e+00 3.131592035599999740e-02 0.000000000000000000e+00 0.000000000000000000e+00
2.479794741000000080e+00 3.131796978799999964e-02 0.000000000000000000e+00 0.000000000000000000e+00
2.475430726999999997e+00 3.131888438000000191e-02 0.000000000000000000e+00 0.000000000000000000e+00
2.471066712999999915e+00 3.131905795199999704e-02 0.000000000000000000e+00 0.000000000000000000e+00
2.466702461000000124e+00 3.131916474399999706e-02 0.000000000000000000e+00 0.000000000000000000e+00
2.462338448000000124e+00 3.131933831599999912e-02 0.000000000000000000e+00 0.000000000000000000e+00
2.457974434000000041e+00 3.131852054800000201e-02 0.000000000000000000e+00 0.000000000000000000e+00
2.453610419999999959e+00 3.131708193600000328e-02 0.000000000000000000e+00 0.000000000000000000e+00
2.449246168000000168e+00 3.131561661199999680e-02 0.000000000000000000e+00 0.000000000000000000e+00
2.444882154000000085e+00 3.131417800000000501e-02 0.000000000000000000e+00 0.000000000000000000e+00
2.440518141000000085e+00 3.131176137600000242e-02 0.000000000000000000e+00 0.000000000000000000e+00
2.436154127000000003e+00 3.130874728800000367e-02 0.000000000000000000e+00 0.000000000000000000e+00
2.431789875000000212e+00 3.130568646800000604e-02 0.000000000000000000e+00 0.000000000000000000e+00
2.427425861000000129e+00 3.130267238000000035e-02 0.000000000000000000e+00 0.000000000000000000e+00
2.423061848000000129e+00 3.129871701600000361e-02 0.000000000000000000e+00 0.000000000000000000e+00
2.418697834000000046e+00 3.129420089600000454e-02 0.000000000000000000e+00 0.000000000000000000e+00
2.414333581999999812e+00 3.128965140000000700e-02 0.000000000000000000e+00 0.000000000000000000e+00
2.409969568000000173e+00 3.128513192000000054e-02 0.000000000000000000e+00 0.000000000000000000e+00
2.405605555000000173e+00 3.127975463200000084e-02 0.000000000000000000e+00 0.000000000000000000e+00
2.401241541000000090e+00 3.127387331599999765e-02 0.000000000000000000e+00 0.000000000000000000e+00
2.396877288999999855e+00 3.126794529600000067e-02 0.000000000000000000e+00 0.000000000000000000e+00
2.392513275000000217e+00 3.126206397999999748e-02 0.000000000000000000e+00 0.000000000000000000e+00
2.388149261000000134e+00 3.125540829600000070e-02 0.000000000000000000e+00 0.000000000000000000e+00
2.383785248000000134e+00 3.124830198000000392e-02 0.000000000000000000e+00 0.000000000000000000e+00
2.379420995999999899e+00 3.124116898000000100e-02 0.000000000000000000e+00 0.000000000000000000e+00
2.375056981999999817e+00 3.123406599599999958e-02 0.000000000000000000e+00 0.000000000000000000e+00
2.370692968000000178e+00 3.122629879599999811e-02 0.000000000000000000e+00 0.000000000000000000e+00
2.366328955000000178e+00 3.121815110400000259e-02 0.000000000000000000e+00 0.000000000000000000e+00
2.361964702999999943e+00 3.120997667199999770e-02 0.000000000000000000e+00 0.000000000000000000e+00
2.357600688999999861e+00 3.120182895200000056e-02 0.000000000000000000e+00 0.000000000000000000e+00
2.353236675000000222e+00 3.119299696800000368e-02 0.000000000000000000e+00 0.000000000000000000e+00
2.348872661999999778e+00 3.118376444400000266e-02 0.000000000000000000e+00 0.000000000000000000e+00
2.344508409999999987e+00 3.117448521600000091e-02 0.000000000000000000e+00 0.000000000000000000e+00
2.340144395999999904e+00 3.116525602400000219e-02 0.000000000000000000e+00 0.000000000000000000e+00
2.335780381999999822e+00 3.115532254799999873e-02 0.000000000000000000e+00 0.000000000000000000e+00
2.331416368000000183e+00 3.114497853599999810e-02 0.000000000000000000e+00 0.000000000000000000e+00
2.327052115999999948e+00 3.113458776400000044e-02 0.000000000000000000e+00 0.000000000000000000e+00
2.322688102999999948e+00 3.112424372399999820e-02 0.000000000000000000e+00 0.000000000000000000e+00
2.318324088999999866e+00 3.111326551200000248e-02 0.000000000000000000e+00 0.000000000000000000e+00
2.313960074999999783e+00 3.110191011199999606e-02 0.000000000000000000e+00 0.000000000000000000e+00
2.309595822999999992e+00 3.109053135999999967e-02 0.000000000000000000e+00 0.000000000000000000e+00
2.305231809999999992e+00 3.107917596000000018e-02 0.000000000000000000e+00 0.000000000000000000e+00
2.300867795999999910e+00 3.106734657600000032e-02 0.000000000000000000e+00 0.000000000000000000e+00
2.296503781999999827e+00 3.105523013600000257e-02 0.000000000000000000e+00 0.000000000000000000e+00
2.292139530000000036e+00 3.104304028000000326e-02 0.000000000000000000e+00 0.000000000000000000e+00
2.287775517000000036e+00 3.103092384000000203e-02 0.000000000000000000e+00 0.000000000000000000e+00
2.283411502999999954e+00 3.101827335600000277e-02 0.000000000000000000e+00 0.000000000000000000e+00
2.279047488999999871e+00 3.100528908399999978e-02 0.000000000000000000e+00 0.000000000000000000e+00
2.274683237000000080e+00 3.099225474800000255e-02 0.000000000000000000e+00 0.000000000000000000e+00
2.270319222999999997e+00 3.097926711600000257e-02 0.000000000000000000e+00 0.000000000000000000e+00
2.265955209999999997e+00 3.096586228400000085e-02 0.000000000000000000e+00 0.000000000000000000e+00
2.261591195999999915e+00 3.095219038800000114e-02 0.000000000000000000e+00 0.000000000000000000e+00
2.257226944000000124e+00 3.093841506000000185e-02 0.000000000000000000e+00 0.000000000000000000e+00
2.252862930000000041e+00 3.092473983199999985e-02 0.000000000000000000e+00 0.000000000000000000e+00
2.248498917000000041e+00 3.091042040799999932e-02 0.000000000000000000e+00 0.000000000000000000e+00
2.244134902999999959e+00 3.089566373600000082e-02 0.000000000000000000e+00 0.000000000000000000e+00
2.239770651000000168e+00 3.088077689200000031e-02 0.000000000000000000e+00 0.000000000000000000e+00
2.235406637000000085e+00 3.086601685999999789e-02 0.000000000000000000e+00 0.000000000000000000e+00
2.231042624000000085e+00 3.085085964799999872e-02 0.000000000000000000e+00 0.000000000000000000e+00
2.226678610000000003e+00 3.083541201999999773e-02 0.000000000000000000e+00 0.000000000000000000e+00
2.222314358000000212e+00 3.081983422000000167e-02 0.000000000000000000e+00 0.000000000000000000e+00
2.217950344000000129e+00 3.080438662000000230e-02 0.000000000000000000e+00 0.000000000000000000e+00
2.213586330000000046e+00 3.078832817200000474e-02 0.000000000000000000e+00 0.000000000000000000e+00
2.209222317000000047e+00 3.077180576400000145e-02 0.000000000000000000e+00 0.000000000000000000e+00
2.204858064999999812e+00 3.075518322799999926e-02 0.000000000000000000e+00 0.000000000000000000e+00
2.200494051000000173e+00 3.073866081999999944e-02 0.000000000000000000e+00 0.000000000000000000e+00
2.196130037000000090e+00 3.072190808400000056e-02 0.000000000000000000e+00 0.000000000000000000e+00
2.191765784999999855e+00 3.070497178000000313e-02 0.000000000000000000e+00 0.000000000000000000e+00
2.187401771999999855e+00 3.068793868000000216e-02 0.000000000000000000e+00 0.000000000000000000e+00
2.183037758000000217e+00 3.067100573600000171e-02 0.000000000000000000e+00 0.000000000000000000e+00
2.178673744000000134e+00 3.065358542400000233e-02 0.000000000000000000e+00 0.000000000000000000e+00
2.174309491999999899e+00 3.063574791200000119e-02 0.000000000000000000e+00 0.000000000000000000e+00
2.169945477999999817e+00 3.061781693600000229e-02 0.000000000000000000e+00 0.000000000000000000e+00
2.165581464999999817e+00 3.059998272800000182e-02 0.000000000000000000e+00 0.000000000000000000e+00
2.161217451000000178e+00 3.058208179600000257e-02 0.000000000000000000e+00 0.000000000000000000e+00
2.156853198999999943e+00 3.056411408400000126e-02 0.000000000000000000e+00 0.000000000000000000e+00
2.152489184999999861e+00 3.054605293600000035e-02 0.000000000000000000e+00 0.000000000000000000e+00
2.148125171999999861e+00 3.052808855600000482e-02 0.000000000000000000e+00 0.000000000000000000e+00
2.143761157999999778e+00 3.050958680000000200e-02 0.000000000000000000e+00 0.000000000000000000e+00
2.139396905999999987e+00 3.049054097599999957e-02 0.000000000000000000e+00 0.000000000000000000e+00
2.135032891999999904e+00 3.047144175599999713e-02 0.000000000000000000e+00 0.000000000000000000e+00
2.130668878999999905e+00 3.045239590400000002e-02 0.000000000000000000e+00 0.000000000000000000e+00
2.126304864999999822e+00 3.043344354400000229e-02 0.000000000000000000e+00 0.000000000000000000e+00
2.121940613000000031e+00 3.041459131199999999e-02 0.000000000000000000e+00 0.000000000000000000e+00
2.117576598999999948e+00 3.039572572400000075e-02 0.000000000000000000e+00 0.000000000000000000e+00
2.113212584999999866e+00 3.037687016000000309e-02 0.000000000000000000e+00 0.000000000000000000e+00
2.108848571999999866e+00 3.035767078400000360e-02 0.000000000000000000e+00 0.000000000000000000e+00
2.104484320000000075e+00 3.033805084800000190e-02 0.000000000000000000e+00 0.000000000000000000e+00
2.100120305999999992e+00 3.031849097199999787e-02 0.000000000000000000e+00 0.000000000000000000e+00
2.095756291999999910e+00 3.029888106000000123e-02 0.000000000000000000e+00 0.000000000000000000e+00
2.091392278999999910e+00 3.027932787600000342e-02 0.000000000000000000e+00 0.000000000000000000e+00
2.087028027000000119e+00 3.025986479599999945e-02 0.000000000000000000e+00 0.000000000000000000e+00
2.082664013000000036e+00 3.024026154800000046e-02 0.000000000000000000e+00 0.000000000000000000e+00
2.078299998999999953e+00 3.022076845200000195e-02 0.000000000000000000e+00 0.000000000000000000e+00
2.073935985999999954e+00 3.020093487600000043e-02 0.000000000000000000e+00 0.000000000000000000e+00
2.069571733000000080e+00 3.018054057199999821e-02 0.000000000000000000e+00 0.000000000000000000e+00
2.065207720000000080e+00 3.016010617199999660e-02 0.000000000000000000e+00 0.000000000000000000e+00
2.060843705999999997e+00 3.013969851200000438e-02 0.000000000000000000e+00 0.000000000000000000e+00
2.056479691999999915e+00 3.011935424399999825e-02 0.000000000000000000e+00 0.000000000000000000e+00
2.052115440000000124e+00 3.009910010800000146e-02 0.000000000000000000e+00 0.000000000000000000e+00
2.047751427000000124e+00 3.007888937200000473e-02 0.000000000000000000e+00 0.000000000000000000e+00
2.043387413000000041e+00 3.005864859200000141e-02 0.000000000000000000e+00 0.000000000000000000e+00
2.039023398999999959e+00 3.003829432799999880e-02 0.000000000000000000e+00 0.000000000000000000e+00
2.034659147000000168e+00 3.001773977999999676e-02 0.000000000000000000e+00 0.000000000000000000e+00
2.030295134000000168e+00 2.999726533999999903e-02 0.000000000000000000e+00 0.000000000000000000e+00
2.025931120000000085e+00 2.997674083599999664e-02 0.000000000000000000e+00 0.000000000000000000e+00
2.021567106000000003e+00 2.995614958000000078e-02 0.000000000000000000e+00 0.000000000000000000e+00
2.017202854000000212e+00 2.993547152400000480e-02 0.000000000000000000e+00 0.000000000000000000e+00
2.012838840000000129e+00 2.991486024799999699e-02 0.000000000000000000e+00 0.000000000000000000e+00
2.008474827000000129e+00 2.989419554799999795e-02 0.000000000000000000e+00 0.000000000000000000e+00
2.004110813000000046e+00 2.987339068000000389e-02 0.000000000000000000e+00 0.000000000000000000e+00
1.999746680000000110e+00 2.985255240799999932e-02 0.000000000000000000e+00 0.000000000000000000e+00
1.995382546999999951e+00 2.983175420399999944e-02 0.000000000000000000e+00 0.000000000000000000e+00
1.991018533999999951e+00 2.981087922399999757e-02 0.000000000000000000e+00 0.000000000000000000e+00
1.986654401000000014e+00 2.979015446399999739e-02 0.000000000000000000e+00 0.000000000000000000e+00
1.982290386999999932e+00 2.976947307599999912e-02 0.000000000000000000e+00 0.000000000000000000e+00
1.977926253999999995e+00 2.974876833600000048e-02 0.000000000000000000e+00 0.000000000000000000e+00
1.973562240999999995e+00 2.972789335600000207e-02 0.000000000000000000e+00 0.000000000000000000e+00
1.969198108000000058e+00 2.970685815999999854e-02 0.000000000000000000e+00 0.000000000000000000e+00
1.964834093999999975e+00 2.968585300800000160e-02 0.000000000000000000e+00 0.000000000000000000e+00
1.960469961000000039e+00 2.966481114800000041e-02 0.000000000000000000e+00 0.000000000000000000e+00
1.956105946999999956e+00 2.964366243999999942e-02 0.000000000000000000e+00 0.000000000000000000e+00
1.951741815000000102e+00 2.962255049599999898e-02 0.000000000000000000e+00 0.000000000000000000e+00
1.947377801000000019e+00 2.960148525599999927e-02 0.000000000000000000e+00 0.000000000000000000e+00
1.943013668000000083e+00 2.958031319599999792e-02 0.000000000000000000e+00 0.000000000000000000e+00
1.938649654000000000e+00 2.955891083599999913e-02 0.000000000000000000e+00 0.000000000000000000e+00
1.934285521999999924e+00 2.953750181200000269e-02 0.000000000000000000e+00 0.000000000000000000e+00
1.929921508000000063e+00 2.951610947599999854e-02 0.000000000000000000e+00 0.000000000000000000e+00
1.925557374999999904e+00 2.949466704799999853e-02 0.000000000000000000e+00 0.000000000000000000e+00
1.921193361000000044e+00 2.947301769999999960e-02 0.000000000000000000e+00 0.000000000000000000e+00
1.916829228000000107e+00 2.945137165600000134e-02 0.000000000000000000e+00 0.000000000000000000e+00
1.912465215000000107e+00 2.942974232800000048e-02 0.000000000000000000e+00 0.000000000000000000e+00
1.908101081999999948e+00 2.940806626799999726e-02 0.000000000000000000e+00 0.000000000000000000e+00
1.903737068000000088e+00 2.938609982000000079e-02 0.000000000000000000e+00 0.000000000000000000e+00
1.899372934999999929e+00 2.936403321600000033e-02 0.000000000000000000e+00 0.000000000000000000e+00
1.895008921999999929e+00 2.934197330399999915e-02 0.000000000000000000e+00 0.000000000000000000e+00
1.890644788999999992e+00 2.931990336800000332e-02 0.000000000000000000e+00 0.000000000000000000e+00
1.886280774999999910e+00 2.929780674800000137e-02 0.000000000000000000e+00 0.000000000000000000e+00
1.881916641999999973e+00 2.927576352399999943e-02 0.000000000000000000e+00 0.000000000000000000e+00
1.877552628999999973e+00 2.925377369600000096e-02 0.000000000000000000e+00 0.000000000000000000e+00
1.873188496000000036e+00 2.923176048799999704e-02 0.000000000000000000e+00 0.000000000000000000e+00
1.868824481999999954e+00 2.920966386799999856e-02 0.000000000000000000e+00 0.000000000000000000e+00
1.864460349000000017e+00 2.918762397600000238e-02 0.000000000000000000e+00 0.000000000000000000e+00
1.860096334999999934e+00 2.916563414800000392e-02 0.000000000000000000e+00 0.000000000000000000e+00
1.855732203000000080e+00 2.914364432000000199e-02 0.000000000000000000e+00 0.000000000000000000e+00
1.851368188999999997e+00 2.912159110000000009e-02 0.000000000000000000e+00 0.000000000000000000e+00
1.847004056000000061e+00 2.909944105599999997e-02 0.000000000000000000e+00 0.000000000000000000e+00
1.842640041999999978e+00 2.907733107999999761e-02 0.000000000000000000e+00 0.000000000000000000e+00
1.838275909000000041e+00 2.905522440799999939e-02 0.000000000000000000e+00 0.000000000000000000e+00
1.833911776999999965e+00 2.903309441199999896e-02 0.000000000000000000e+00 0.000000000000000000e+00
1.829547763000000105e+00 2.901067733199999901e-02 0.000000000000000000e+00 0.000000000000000000e+00
1.825183629999999946e+00 2.898812008400000403e-02 0.000000000000000000e+00 0.000000000000000000e+00
1.820819616000000085e+00 2.896556280799999702e-02 0.000000000000000000e+00 0.000000000000000000e+00
1.816455482999999926e+00 2.894300889199999741e-02 0.000000000000000000e+00 0.000000000000000000e+00
1.812091469999999926e+00 2.892031813999999812e-02 0.000000000000000000e+00 0.000000000000000000e+00
1.807727336999999990e+00 2.889731359199999849e-02 0.000000000000000000e+00 0.000000000000000000e+00
1.803363322999999907e+00 2.887431240400000279e-02 0.000000000000000000e+00 0.000000000000000000e+00
1.798999189999999970e+00 2.885130785600000317e-02 0.000000000000000000e+00 0.000000000000000000e+00
1.794635176999999970e+00 2.882830333599999822e-02 0.000000000000000000e+00 0.000000000000000000e+00
1.790271044000000034e+00 2.880482483199999985e-02 0.000000000000000000e+00 0.000000000000000000e+00
1.785907029999999951e+00 2.878133297199999760e-02 0.000000000000000000e+00 0.000000000000000000e+00
1.781542897000000014e+00 2.875784111200000229e-02 0.000000000000000000e+00 0.000000000000000000e+00
1.777178884000000014e+00 2.873434592000000121e-02 0.000000000000000000e+00 0.000000000000000000e+00
1.772814751000000077e+00 2.871077395200000507e-02 0.000000000000000000e+00 0.000000000000000000e+00
1.768450736999999995e+00 2.868727876000000052e-02 0.000000000000000000e+00 0.000000000000000000e+00
1.764086604000000058e+00 2.866378353999999781e-02 0.000000000000000000e+00 0.000000000000000000e+00
1.759722589999999975e+00 2.864028834800000020e-02 0.000000000000000000e+00 0.000000000000000000e+00
1.755358457999999899e+00 2.861670971600000293e-02 0.000000000000000000e+00 0.000000000000000000e+00
1.750994444000000039e+00 2.859327794399999650e-02 0.000000000000000000e+00 0.000000000000000000e+00
1.746630311000000102e+00 2.856986619200000202e-02 0.000000000000000000e+00 0.000000000000000000e+00
1.742266297000000019e+00 2.854645444000000060e-02 0.000000000000000000e+00 0.000000000000000000e+00
1.737902164000000083e+00 2.852303932800000219e-02 0.000000000000000000e+00 0.000000000000000000e+00
1.733538151000000083e+00 2.850016497999999926e-02 0.000000000000000000e+00 0.000000000000000000e+00
1.729174017999999924e+00 2.847736407599999950e-02 0.000000000000000000e+00 0.000000000000000000e+00
1.724810004000000063e+00 2.845456314399999811e-02 0.000000000000000000e+00 0.000000000000000000e+00
1.720445870999999904e+00 2.843168543599999820e-02 0.000000000000000000e+00 0.000000000000000000e+00
1.716081857999999905e+00 2.840947866399999924e-02 0.000000000000000000e+00 0.000000000000000000e+00
1.711717724999999968e+00 2.838736868799999688e-02 0.000000000000000000e+00 0.000000000000000000e+00
1.707353711000000107e+00 2.836526204400000029e-02 0.000000000000000000e+00 0.000000000000000000e+00
1.702989577999999948e+00 2.834309195200000048e-02 0.000000000000000000e+00 0.000000000000000000e+00
1.698625564999999948e+00 2.832170630799999908e-02 0.000000000000000000e+00 0.000000000000000000e+00
1.694261432000000012e+00 2.830037736400000184e-02 0.000000000000000000e+00 0.000000000000000000e+00
1.689897417999999929e+00 2.827905178000000158e-02 0.000000000000000000e+00 0.000000000000000000e+00
1.685533284999999992e+00 2.825769948400000398e-02 0.000000000000000000e+00 0.000000000000000000e+00
1.681169270999999910e+00 2.823683119600000138e-02 0.000000000000000000e+00 0.000000000000000000e+00
1.676805139000000056e+00 2.821597290399999874e-02 0.000000000000000000e+00 0.000000000000000000e+00
1.672441124999999973e+00 2.819511461199999958e-02 0.000000000000000000e+00 0.000000000000000000e+00
1.668076992000000036e+00 2.817454670800000061e-02 0.000000000000000000e+00 0.000000000000000000e+00
1.663712977999999953e+00 2.815452290000000288e-02 0.000000000000000000e+00 0.000000000000000000e+00
1.659348845000000017e+00 2.813449906400000006e-02 0.000000000000000000e+00 0.000000000000000000e+00
1.654984832000000017e+00 2.811447525600000233e-02 0.000000000000000000e+00 0.000000000000000000e+00
1.650620699000000080e+00 2.809495544799999953e-02 0.000000000000000000e+00 0.000000000000000000e+00
1.646256684999999997e+00 2.807560587999999996e-02 0.000000000000000000e+00 0.000000000000000000e+00
1.641892552000000061e+00 2.805625628399999877e-02 0.000000000000000000e+00 0.000000000000000000e+00
1.637528539000000061e+00 2.803715037200000398e-02 0.000000000000000000e+00 0.000000000000000000e+00
1.633164405999999902e+00 2.801851844400000263e-02 0.000000000000000000e+00 0.000000000000000000e+00
1.628800392000000041e+00 2.799988651320000146e-02 0.000000000000000000e+00 0.000000000000000000e+00
1.624436259000000105e+00 2.798128294919999953e-02 0.000000000000000000e+00 0.000000000000000000e+00
1.620072246000000105e+00 2.796315503239999931e-02 0.000000000000000000e+00 0.000000000000000000e+00
1.615708112999999946e+00 2.794501376239999849e-02 0.000000000000000000e+00 0.000000000000000000e+00
1.611344099000000085e+00 2.792684412000000227e-02 0.000000000000000000e+00 0.000000000000000000e+00
1.606979965999999926e+00 2.790934705719999923e-02 0.000000000000000000e+00 0.000000000000000000e+00
1.602615952000000066e+00 2.789190673920000085e-02 0.000000000000000000e+00 0.000000000000000000e+00
1.598251819999999990e+00 2.787446308080000074e-02 0.000000000000000000e+00 0.000000000000000000e+00
1.593887805999999907e+00 2.785744834039999979e-02 0.000000000000000000e+00 0.000000000000000000e+00
1.589523672999999970e+00 2.784048533560000080e-02 0.000000000000000000e+00 0.000000000000000000e+00
1.585159659000000110e+00 2.782357907279999973e-02 0.000000000000000000e+00 0.000000000000000000e+00
1.580795527000000034e+00 2.780743885080000019e-02 0.000000000000000000e+00 0.000000000000000000e+00
1.576431512999999951e+00 2.779129695999999969e-02 0.000000000000000000e+00 0.000000000000000000e+00
1.572067380000000014e+00 2.777534365760000318e-02 0.000000000000000000e+00 0.000000000000000000e+00
1.567703365999999932e+00 2.775975585040000096e-02 0.000000000000000000e+00 0.000000000000000000e+00
1.563339232999999995e+00 2.774413132679999852e-02 0.000000000000000000e+00 0.000000000000000000e+00
1.558975219999999995e+00 2.772910428120000173e-02 0.000000000000000000e+00 0.000000000000000000e+00
1.554611087000000058e+00 2.771416401880000269e-02 0.000000000000000000e+00 0.000000000000000000e+00
1.550247072999999975e+00 2.769928550760000080e-02 0.000000000000000000e+00 0.000000000000000000e+00
1.545882940000000039e+00 2.768468737719999989e-02 0.000000000000000000e+00 0.000000000000000000e+00
1.541518927000000039e+00 2.767002749560000183e-02 0.000000000000000000e+00 0.000000000000000000e+00
1.537154794000000102e+00 2.765582656759999966e-02 0.000000000000000000e+00 0.000000000000000000e+00
1.532790780000000019e+00 2.764155387840000130e-02 0.000000000000000000e+00 0.000000000000000000e+00
1.528426647000000083e+00 2.762743806760000267e-02 0.000000000000000000e+00 0.000000000000000000e+00
1.524062634000000083e+00 2.761348915080000244e-02 0.000000000000000000e+00 0.000000000000000000e+00
1.519698500999999924e+00 2.759960198519999935e-02 0.000000000000000000e+00 0.000000000000000000e+00
1.515334487000000063e+00 2.758636903680000002e-02 0.000000000000000000e+00 0.000000000000000000e+00
1.510970353999999904e+00 2.757309770599999932e-02 0.000000000000000000e+00 0.000000000000000000e+00
1.506606340000000044e+00 2.756013345680000115e-02 0.000000000000000000e+00 0.000000000000000000e+00
1.502242207999999968e+00 2.754750967080000015e-02 0.000000000000000000e+00 0.000000000000000000e+00
1.497878194000000107e+00 2.753475236960000253e-02 0.000000000000000000e+00 0.000000000000000000e+00
1.493514060999999948e+00 2.752268266719999981e-02 0.000000000000000000e+00 0.000000000000000000e+00
1.489150047000000088e+00 2.751071977640000277e-02 0.000000000000000000e+00 0.000000000000000000e+00
1.484785913999999929e+00 2.749862337039999868e-02 0.000000000000000000e+00 0.000000000000000000e+00
1.480421900999999929e+00 2.748722457879999859e-02 0.000000000000000000e+00 0.000000000000000000e+00
1.476057767999999992e+00 2.747586417239999967e-02 0.000000000000000000e+00 0.000000000000000000e+00
1.471693635000000056e+00 2.746441864880000069e-02 0.000000000000000000e+00 0.000000000000000000e+00
1.467329620999999973e+00 2.745384430880000101e-02 0.000000000000000000e+00 0.000000000000000000e+00
1.462965488000000036e+00 2.744327998160000018e-02 0.000000000000000000e+00 0.000000000000000000e+00
1.458601475000000036e+00 2.743267059400000124e-02 0.000000000000000000e+00 0.000000000000000000e+00
1.454237342000000099e+00 2.742309594079999843e-02 0.000000000000000000e+00 0.000000000000000000e+00
1.449873328000000017e+00 2.741353797840000162e-02 0.000000000000000000e+00 0.000000000000000000e+00
1.445509195000000080e+00 2.740391158960000031e-02 0.000000000000000000e+00 0.000000000000000000e+00
1.441145182000000080e+00 2.739547014119999777e-02 0.000000000000000000e+00 0.000000000000000000e+00
1.436781048999999921e+00 2.738710713479999836e-02 0.000000000000000000e+00 0.000000000000000000e+00
1.432417035000000061e+00 2.737855887480000056e-02 0.000000000000000000e+00 0.000000000000000000e+00
1.428052901999999902e+00 2.737128901359999963e-02 0.000000000000000000e+00 0.000000000000000000e+00
1.423688888999999902e+00 2.736420941240000002e-02 0.000000000000000000e+00 0.000000000000000000e+00
1.419324755999999965e+00 2.735678601320000111e-02 0.000000000000000000e+00 0.000000000000000000e+00
1.414960742000000105e+00 2.735054922039999864e-02 0.000000000000000000e+00 0.000000000000000000e+00
1.410596608999999946e+00 2.734466791279999837e-02 0.000000000000000000e+00 0.000000000000000000e+00
1.406232595000000085e+00 2.733843946400000072e-02 0.000000000000000000e+00 0.000000000000000000e+00
1.401868463000000009e+00 2.733308887400000275e-02 0.000000000000000000e+00 0.000000000000000000e+00
1.397504448999999926e+00 2.732838582880000103e-02 0.000000000000000000e+00 0.000000000000000000e+00
1.393140315999999990e+00 2.732346248519999798e-02 0.000000000000000000e+00 0.000000000000000000e+00
1.388776301999999907e+00 2.731884789479999825e-02 0.000000000000000000e+00 0.000000000000000000e+00
1.384412168999999970e+00 2.731525301959999985e-02 0.000000000000000000e+00 0.000000000000000000e+00
1.380048155999999970e+00 2.731156968960000292e-02 0.000000000000000000e+00 0.000000000000000000e+00
1.375684023000000034e+00 2.730767440799999890e-02 0.000000000000000000e+00 0.000000000000000000e+00
1.371320008999999951e+00 2.730513262680000011e-02 0.000000000000000000e+00 0.000000000000000000e+00
1.366955876000000014e+00 2.730259418599999960e-02 0.000000000000000000e+00 0.000000000000000000e+00
1.362591863000000014e+00 2.729957676039999892e-02 0.000000000000000000e+00 0.000000000000000000e+00
1.358227730000000077e+00 2.729784107120000053e-02 0.000000000000000000e+00 0.000000000000000000e+00
1.353863715999999995e+00 2.729625225040000283e-02 0.000000000000000000e+00 0.000000000000000000e+00
1.349499583000000058e+00 2.729416608800000130e-02 0.000000000000000000e+00 0.000000000000000000e+00
1.345135570000000058e+00 2.729327154120000237e-02 0.000000000000000000e+00 0.000000000000000000e+00
1.340771436999999899e+00 2.729262566520000016e-02 0.000000000000000000e+00 0.000000000000000000e+00
1.336407423000000039e+00 2.729148578519999951e-02 0.000000000000000000e+00 0.000000000000000000e+00
1.332043290000000102e+00 2.729156422719999919e-02 0.000000000000000000e+00 0.000000000000000000e+00
1.327679276000000019e+00 2.729196310119999871e-02 0.000000000000000000e+00 0.000000000000000000e+00
1.323315143999999943e+00 2.729181122640000207e-02 0.000000000000000000e+00 0.000000000000000000e+00
1.318951130000000083e+00 2.729289937080000075e-02 0.000000000000000000e+00 0.000000000000000000e+00
1.314586996999999924e+00 2.729432630400000295e-02 0.000000000000000000e+00 0.000000000000000000e+00
1.310222983000000063e+00 2.729511403919999968e-02 0.000000000000000000e+00 0.000000000000000000e+00
1.305858849999999904e+00 2.729726028400000087e-02 0.000000000000000000e+00 0.000000000000000000e+00
1.301494836999999904e+00 2.729955005680000102e-02 0.000000000000000000e+00 0.000000000000000000e+00
1.297130703999999968e+00 2.730134582559999926e-02 0.000000000000000000e+00 0.000000000000000000e+00
1.292766690000000107e+00 2.730465030720000130e-02 0.000000000000000000e+00 0.000000000000000000e+00
1.288402556999999948e+00 2.730757427160000056e-02 0.000000000000000000e+00 0.000000000000000000e+00
1.284038543999999948e+00 2.731071853720000095e-02 0.000000000000000000e+00 0.000000000000000000e+00
1.279674411000000012e+00 2.731492424080000231e-02 0.000000000000000000e+00 0.000000000000000000e+00
1.275310396999999929e+00 2.731836056600000021e-02 0.000000000000000000e+00 0.000000000000000000e+00
1.270946263999999992e+00 2.732273650120000189e-02 0.000000000000000000e+00 0.000000000000000000e+00
1.266582250999999992e+00 2.732723760479999903e-02 0.000000000000000000e+00 0.000000000000000000e+00
1.262218118000000056e+00 2.733141827639999979e-02 0.000000000000000000e+00 0.000000000000000000e+00
1.257854103999999973e+00 2.733655691200000126e-02 0.000000000000000000e+00 0.000000000000000000e+00
1.253489971000000036e+00 2.734100961760000184e-02 0.000000000000000000e+00 0.000000000000000000e+00
1.249125956999999953e+00 2.734614825319999984e-02 0.000000000000000000e+00 0.000000000000000000e+00
1.244761825000000099e+00 2.735104489320000151e-02 0.000000000000000000e+00 0.000000000000000000e+00
1.240397811000000017e+00 2.735617852240000356e-02 0.000000000000000000e+00 0.000000000000000000e+00
1.236033678000000080e+00 2.736133718360000272e-02 0.000000000000000000e+00 0.000000000000000000e+00
1.231669663999999997e+00 2.736640739559999952e-02 0.000000000000000000e+00 0.000000000000000000e+00
1.227305531999999921e+00 2.737154936879999945e-02 0.000000000000000000e+00 0.000000000000000000e+00
1.222941518000000061e+00 2.737642431160000264e-02 0.000000000000000000e+00 0.000000000000000000e+00
1.218577384999999902e+00 2.738129758840000122e-02 0.000000000000000000e+00 0.000000000000000000e+00
1.214213371000000041e+00 2.738559675320000053e-02 0.000000000000000000e+00 0.000000000000000000e+00
1.209849238000000105e+00 2.738972234600000125e-02 0.000000000000000000e+00 0.000000000000000000e+00
1.205485225000000105e+00 2.739298009840000075e-02 0.000000000000000000e+00 0.000000000000000000e+00
1.201121091999999946e+00 2.739579057600000089e-02 0.000000000000000000e+00 0.000000000000000000e+00
1.196757078000000085e+00 2.739770817839999942e-02 0.000000000000000000e+00 0.000000000000000000e+00
1.192392944999999926e+00 2.739826226200000117e-02 0.000000000000000000e+00 0.000000000000000000e+00
1.188028931999999926e+00 2.739818882920000073e-02 0.000000000000000000e+00 0.000000000000000000e+00
1.183664798999999990e+00 2.739613771440000192e-02 0.000000000000000000e+00 0.000000000000000000e+00
1.179300784999999907e+00 2.739259290600000105e-02 0.000000000000000000e+00 0.000000000000000000e+00
1.174936651999999970e+00 2.738757610399999987e-02 0.000000000000000000e+00 0.000000000000000000e+00
1.170572638999999970e+00 2.737953519840000127e-02 0.000000000000000000e+00 0.000000000000000000e+00
1.166208506000000034e+00 2.736887073480000210e-02 0.000000000000000000e+00 0.000000000000000000e+00
1.161844491999999951e+00 2.735574793839999977e-02 0.000000000000000000e+00 0.000000000000000000e+00
1.157480359000000014e+00 2.733860969560000104e-02 0.000000000000000000e+00 0.000000000000000000e+00
1.153116344999999932e+00 2.731541657320000344e-02 0.000000000000000000e+00 0.000000000000000000e+00
1.148752213000000078e+00 2.728787088440000341e-02 0.000000000000000000e+00 0.000000000000000000e+00
1.144388198999999995e+00 2.725421190239999888e-02 0.000000000000000000e+00 0.000000000000000000e+00
1.140024066000000058e+00 2.721293258600000070e-02 0.000000000000000000e+00 0.000000000000000000e+00
1.135660051999999975e+00 2.716092038240000214e-02 0.000000000000000000e+00 0.000000000000000000e+00
1.131295919000000039e+00 2.709763288400000164e-02 0.000000000000000000e+00 0.000000000000000000e+00
1.126931906000000039e+00 2.702183175160000062e-02 0.000000000000000000e+00 0.000000000000000000e+00
1.122567773000000102e+00 2.693059969040000057e-02 0.000000000000000000e+00 0.000000000000000000e+00
1.118203759000000019e+00 2.682086420160000040e-02 0.000000000000000000e+00 0.000000000000000000e+00
1.113839626000000083e+00 2.668913889040000140e-02 0.000000000000000000e+00 0.000000000000000000e+00
1.109475492999999924e+00 2.653105783440000073e-02 0.000000000000000000e+00 0.000000000000000000e+00
1.105111479999999924e+00 2.634132051600000107e-02 0.000000000000000000e+00 0.000000000000000000e+00
1.100747346999999987e+00 2.611323618960000037e-02 0.000000000000000000e+00 0.000000000000000000e+00
1.096383332999999904e+00 2.584008407679999966e-02 0.000000000000000000e+00 0.000000000000000000e+00
1.092019199999999968e+00 2.551293706920000279e-02 0.000000000000000000e+00 0.000000000000000000e+00
1.087655186999999968e+00 2.512345552360000303e-02 0.000000000000000000e+00 0.000000000000000000e+00
1.083291054000000031e+00 2.466141891360000213e-02 0.000000000000000000e+00 0.000000000000000000e+00
1.078927039999999948e+00 2.411104083079999849e-02 0.000000000000000000e+00 0.000000000000000000e+00
1.074562907000000012e+00 2.346232438200000076e-02 0.000000000000000000e+00 0.000000000000000000e+00
1.070198894000000012e+00 2.268278384120000005e-02 0.000000000000000000e+00 0.000000000000000000e+00
1.065834761000000075e+00 2.178093242640000149e-02 0.000000000000000000e+00 0.000000000000000000e+00
1.061470746999999992e+00 2.074348044440000108e-02 0.000000000000000000e+00 0.000000000000000000e+00
1.057106614000000055e+00 1.954959630960000083e-02 0.000000000000000000e+00 0.000000000000000000e+00
1.052742599999999973e+00 1.819148111480000177e-02 0.000000000000000000e+00 0.000000000000000000e+00
1.048378467999999897e+00 1.669268179039999980e-02 0.000000000000000000e+00 0.000000000000000000e+00
1.044014454000000036e+00 1.504057121280000242e-02 0.000000000000000000e+00 0.000000000000000000e+00
1.039650321000000099e+00 1.327756357200000036e-02 0.000000000000000000e+00 0.000000000000000000e+00
1.035286307000000017e+00 1.142961239840000094e-02 0.000000000000000000e+00 0.000000000000000000e+00
1.030922174000000080e+00 9.543176532399999523e-03 0.000000000000000000e+00 0.000000000000000000e+00
1.026558161000000080e+00 7.674268602000000779e-03 0.000000000000000000e+00 0.000000000000000000e+00
1.022194027999999921e+00 5.893627465599999768e-03 0.000000000000000000e+00 0.000000000000000000e+00
1.017830014000000061e+00 4.248507620000000450e-03 0.000000000000000000e+00 0.000000000000000000e+00
1.013465880999999902e+00 2.801582187600000148e-03 0.000000000000000000e+00 0.000000000000000000e+00
1.009101867999999902e+00 1.599273815720000025e-03 0.000000000000000000e+00 0.000000000000000000e+00
1.004737734999999965e+00 6.731929778000000138e-04 0.000000000000000000e+00 0.000000000000000000e+00
1.000373721000000105e+00 3.637745325199999967e-05 0.000000000000000000e+00 0.000000000000000000e+00
