3.033815622000000101e+00 6.029314919599999909e-04 0.000000000000000000e+00 0.000000000000000000e+00
3.028451442999999799e+00 3.280096352400000380e-03 0.000000000000000000e+00 0.000000000000000000e+00
3.023087262999999858e+00 5.870324194000000641e-03 0.000000000000000000e+00 0.000000000000000000e+00
3.017723082999999917e+00 8.358119369600000570e-03 0.000000000000000000e+00 0.000000000000000000e+00
3.012358904000000059e+00 1.070870804920000079e-02 0.000000000000000000e+00 0.000000000000000000e+00
3.006994724000000119e+00 1.288991701480000050e-02 0.000000000000000000e+00 0.000000000000000000e+00
3.001630544999999817e+00 1.488173246279999966e-02 0.000000000000000000e+00 0.000000000000000000e+00
2.996266364999999876e+00 1.668193220960000056e-02 0.000000000000000000e+00 0.000000000000000000e+00
2.990902184999999935e+00 1.828282499399999997e-02 0.000000000000000000e+00 0.000000000000000000e+00
2.985538006000000077e+00 1.968572759720000134e-02 0.000000000000000000e+00 0.000000000000000000e+00
2.980173826000000137e+00 2.092533874480000111e-02 0.000000000000000000e+00 0.000000000000000000e+00
2.974809646999999835e+00 2.199004769359999903e-02 0.000000000000000000e+00 0.000000000000000000e+00
2.969445466999999894e+00 2.292507076160000060e-02 0.000000000000000000e+00 0.000000000000000000e+00
2.964081286999999953e+00 2.373348879720000096e-02 0.000000000000000000e+00 0.000000000000000000e+00
2.958717108000000096e+00 2.443505525720000154e-02 0.000000000000000000e+00 0.000000000000000000e+00
2.953352928000000155e+00 2.505176997120000040e-02 0.000000000000000000e+00 0.000000000000000000e+00
2.947988748999999853e+00 2.559033703800000017e-02 0.000000000000000000e+00 0.000000000000000000e+00
2.942624568999999912e+00 2.606026101000000206e-02 0.000000000000000000e+00 0.000000000000000000e+00
2.937260388999999972e+00 2.647757196560000109e-02 0.000000000000000000e+00 0.000000000000000000e+00
2.931896210000000114e+00 2.685008549719999915e-02 0.000000000000000000e+00 0.000000000000000000e+00
2.926532030000000173e+00 2.718145656520000106e-02 0.000000000000000000e+00 0.000000000000000000e+00
2.921167849999999788e+00 2.747753810760000109e-02 0.000000000000000000e+00 0.000000000000000000e+00
2.915803670999999930e+00 2.774577188599999800e-02 0.000000000000000000e+00 0.000000000000000000e+00
2.910439490999999990e+00 2.798965430240000010e-02 0.000000000000000000e+00 0.000000000000000000e+00
2.905075312000000132e+00 2.821187734400000188e-02 0.000000000000000000e+00 0.000000000000000000e+00
2.899711132000000191e+00 2.841529989199999967e-02 0.000000000000000000e+00 0.000000000000000000e+00
2.894346951999999806e+00 2.860188293200000356e-02 0.000000000000000000e+00 0.000000000000000000e+00
2.888982772999999948e+00 2.877397297599999793e-02 0.000000000000000000e+00 0.000000000000000000e+00
2.883618593000000008e+00 2.893371630800000219e-02 0.000000000000000000e+00 0.000000000000000000e+00
2.878254414000000150e+00 2.908199072800000257e-02 0.000000000000000000e+00 0.000000000000000000e+00
2.872890234000000209e+00 2.922022818399999666e-02 0.000000000000000000e+00 0.000000000000000000e+00
2.867526053999999824e+00 2.934975052800000220e-02 0.000000000000000000e+00 0.000000000000000000e+00
2.862161874999999966e+00 2.947165919599999823e-02 0.000000000000000000e+00 0.000000000000000000e+00
2.856797456999999874e+00 2.958664178400000067e-02 0.000000000000000000e+00 0.000000000000000000e+00
2.851433276999999933e+00 2.969547271600000288e-02 0.000000000000000000e+00 0.000000000000000000e+00
2.846069098000000075e+00 2.979896306800000269e-02 0.000000000000000000e+00 0.000000000000000000e+00
2.840704918000000134e+00 2.989699602400000197e-02 0.000000000000000000e+00 0.000000000000000000e+00
2.835340738000000194e+00 2.998995543600000216e-02 0.000000000000000000e+00 0.000000000000000000e+00
2.829976558999999892e+00 3.007901954399999980e-02 0.000000000000000000e+00 0.000000000000000000e+00
2.824612378999999951e+00 3.016458891600000067e-02 0.000000000000000000e+00 0.000000000000000000e+00
2.819248199000000010e+00 3.024640656800000119e-02 0.000000000000000000e+00 0.000000000000000000e+00
2.813884020000000152e+00 3.032419871600000247e-02 0.000000000000000000e+00 0.000000000000000000e+00
2.808519840000000212e+00 3.039948416399999853e-02 0.000000000000000000e+00 0.000000000000000000e+00
2.803155660999999910e+00 3.047244309199999973e-02 0.000000000000000000e+00 0.000000000000000000e+00
2.797791480999999969e+00 3.054154681199999777e-02 0.000000000000000000e+00 0.000000000000000000e+00
2.792427301000000028e+00 3.060871791599999864e-02 0.000000000000000000e+00 0.000000000000000000e+00
2.787063122000000170e+00 3.067378616399999910e-02 0.000000000000000000e+00 0.000000000000000000e+00
2.781698941999999786e+00 3.073575352399999724e-02 0.000000000000000000e+00 0.000000000000000000e+00
2.776334762999999928e+00 3.079679299199999942e-02 0.000000000000000000e+00 0.000000000000000000e+00
2.770970582999999987e+00 3.085417414799999924e-02 0.000000000000000000e+00 0.000000000000000000e+00
2.765606403000000046e+00 3.091067075599999645e-02 0.000000000000000000e+00 0.000000000000000000e+00
2.760242224000000189e+00 3.096453715600000142e-02 0.000000000000000000e+00 0.000000000000000000e+00
2.754878043999999804e+00 3.101731539200000207e-02 0.000000000000000000e+00 0.000000000000000000e+00
2.749513864999999946e+00 3.106734990799999915e-02 0.000000000000000000e+00 0.000000000000000000e+00
2.744149685000000005e+00 3.111682033599999855e-02 0.000000000000000000e+00 0.000000000000000000e+00
2.738785505000000065e+00 3.116341017999999657e-02 0.000000000000000000e+00 0.000000000000000000e+00
2.733421326000000207e+00 3.120997667199999770e-02 0.000000000000000000e+00 0.000000000000000000e+00
2.728057145999999822e+00 3.125344227599999997e-02 0.000000000000000000e+00 0.000000000000000000e+00
2.722692965999999881e+00 3.129677437600000139e-02 0.000000000000000000e+00 0.000000000000000000e+00
2.717328787000000023e+00 3.133796358000000282e-02 0.000000000000000000e+00 0.000000000000000000e+00
2.711964607000000083e+00 3.137799120399999836e-02 0.000000000000000000e+00 0.000000000000000000e+00
2.706600427999999781e+00 3.141773177200000294e-02 0.000000000000000000e+00 0.000000000000000000e+00
2.701236247999999840e+00 3.145424461200000549e-02 0.000000000000000000e+00 0.000000000000000000e+00
2.695872067999999899e+00 3.149102782000000322e-02 0.000000000000000000e+00 0.000000000000000000e+00
2.690507889000000041e+00 3.152621889200000332e-02 0.000000000000000000e+00 0.000000000000000000e+00
2.685143709000000101e+00 3.155965422399999859e-02 0.000000000000000000e+00 0.000000000000000000e+00
2.679779291000000008e+00 3.159308289200000314e-02 0.000000000000000000e+00 0.000000000000000000e+00
2.674415112000000150e+00 3.162446546000000080e-02 0.000000000000000000e+00 0.000000000000000000e+00
2.669050932000000209e+00 3.165484000000000353e-02 0.000000000000000000e+00 0.000000000000000000e+00
2.663686751999999824e+00 3.168506098800000226e-02 0.000000000000000000e+00 0.000000000000000000e+00
2.658322572999999966e+00 3.171310234400000205e-02 0.000000000000000000e+00 0.000000000000000000e+00
2.652958393000000026e+00 3.174035264400000556e-02 0.000000000000000000e+00 0.000000000000000000e+00
2.647594213000000085e+00 3.176743267599999726e-02 0.000000000000000000e+00 0.000000000000000000e+00
2.642230033999999783e+00 3.179247332799999687e-02 0.000000000000000000e+00 0.000000000000000000e+00
2.636865853999999842e+00 3.181637572399999975e-02 0.000000000000000000e+00 0.000000000000000000e+00
2.631501674999999985e+00 3.184022139200000379e-02 0.000000000000000000e+00 0.000000000000000000e+00
2.626137495000000044e+00 3.186257505199999868e-02 0.000000000000000000e+00 0.000000000000000000e+00
2.620773315000000103e+00 3.188301278400000605e-02 0.000000000000000000e+00 0.000000000000000000e+00
2.615409135999999801e+00 3.190347720000000220e-02 0.000000000000000000e+00 0.000000000000000000e+00
2.610044955999999861e+00 3.192350100799999646e-02 0.000000000000000000e+00 0.000000000000000000e+00
2.604680777000000003e+00 3.194042731600000434e-02 0.000000000000000000e+00 0.000000000000000000e+00
2.599316597000000062e+00 3.195721006800000125e-02 0.000000000000000000e+00 0.000000000000000000e+00
2.593952417000000121e+00 3.197407961999999826e-02 0.000000000000000000e+00 0.000000000000000000e+00
2.588588237999999819e+00 3.198877953600000323e-02 0.000000000000000000e+00 0.000000000000000000e+00
2.583224057999999879e+00 3.200229454800000012e-02 0.000000000000000000e+00 0.000000000000000000e+00
2.577859879000000021e+00 3.201564265199999954e-02 0.000000000000000000e+00 0.000000000000000000e+00
2.572495699000000080e+00 3.202886724800000501e-02 0.000000000000000000e+00 0.000000000000000000e+00
2.567131519000000139e+00 3.203947163200000087e-02 0.000000000000000000e+00 0.000000000000000000e+00
2.561767339999999837e+00 3.204969549600000106e-02 0.000000000000000000e+00 0.000000000000000000e+00
2.556403159999999897e+00 3.206011961599999904e-02 0.000000000000000000e+00 0.000000000000000000e+00
2.551038979999999956e+00 3.206940220400000124e-02 0.000000000000000000e+00 0.000000000000000000e+00
2.545674801000000098e+00 3.207702923599999728e-02 0.000000000000000000e+00 0.000000000000000000e+00
2.540310621000000157e+00 3.208435582800000380e-02 0.000000000000000000e+00 0.000000000000000000e+00
2.534946441999999855e+00 3.209196950399999942e-02 0.000000000000000000e+00 0.000000000000000000e+00
2.529582261999999915e+00 3.209778404000000057e-02 0.000000000000000000e+00 0.000000000000000000e+00
2.524218081999999974e+00 3.210240697999999782e-02 0.000000000000000000e+00 0.000000000000000000e+00
2.518853903000000116e+00 3.210692643199999918e-02 0.000000000000000000e+00 0.000000000000000000e+00
2.513489723000000176e+00 3.211172294399999849e-02 0.000000000000000000e+00 0.000000000000000000e+00
2.508125543999999874e+00 3.211430644800000039e-02 0.000000000000000000e+00 0.000000000000000000e+00
2.502761125999999781e+00 3.211619902400000143e-02 0.000000000000000000e+00 0.000000000000000000e+00
2.497396945999999840e+00 3.211809157200000431e-02 0.000000000000000000e+00 0.000000000000000000e+00
2.492032765999999899e+00 3.212015772000000047e-02 0.000000000000000000e+00 0.000000000000000000e+00
2.486668587000000041e+00 3.211974049200000403e-02 0.000000000000000000e+00 0.000000000000000000e+00
2.481304407000000101e+00 3.211901282800000423e-02 0.000000000000000000e+00 0.000000000000000000e+00
2.475940227999999799e+00 3.211828183200000214e-02 0.000000000000000000e+00 0.000000000000000000e+00
2.470576047999999858e+00 3.211763097200000250e-02 0.000000000000000000e+00 0.000000000000000000e+00
2.465211867999999917e+00 3.211462021599999911e-02 0.000000000000000000e+00 0.000000000000000000e+00
2.459847689000000059e+00 3.211153268400000066e-02 0.000000000000000000e+00 0.000000000000000000e+00
2.454483509000000119e+00 3.210843848799999761e-02 0.000000000000000000e+00 0.000000000000000000e+00
2.449119329000000178e+00 3.210529089600000496e-02 0.000000000000000000e+00 0.000000000000000000e+00
2.443755149999999876e+00 3.209982680799999821e-02 0.000000000000000000e+00 0.000000000000000000e+00
2.438390969999999935e+00 3.209439276400000152e-02 0.000000000000000000e+00 0.000000000000000000e+00
2.433026791000000078e+00 3.208895541600000068e-02 0.000000000000000000e+00 0.000000000000000000e+00
2.427662611000000137e+00 3.208340788800000121e-02 0.000000000000000000e+00 0.000000000000000000e+00
2.422298431000000196e+00 3.207602787200000000e-02 0.000000000000000000e+00 0.000000000000000000e+00
2.416934251999999894e+00 3.206869791999999997e-02 0.000000000000000000e+00 0.000000000000000000e+00
2.411570071999999954e+00 3.206136466400000273e-02 0.000000000000000000e+00 0.000000000000000000e+00
2.406205893000000096e+00 3.205386780399999830e-02 0.000000000000000000e+00 0.000000000000000000e+00
2.400841713000000155e+00 3.204481887599999745e-02 0.000000000000000000e+00 0.000000000000000000e+00
2.395477533000000214e+00 3.203586341200000132e-02 0.000000000000000000e+00 0.000000000000000000e+00
2.390113353999999912e+00 3.202690792000000009e-02 0.000000000000000000e+00 0.000000000000000000e+00
2.384749173999999972e+00 3.201768542000000412e-02 0.000000000000000000e+00 0.000000000000000000e+00
2.379384995000000114e+00 3.200711441199999979e-02 0.000000000000000000e+00 0.000000000000000000e+00
2.374020815000000173e+00 3.199652671599999970e-02 0.000000000000000000e+00 0.000000000000000000e+00
2.368656634999999788e+00 3.198602581999999972e-02 0.000000000000000000e+00 0.000000000000000000e+00
2.363292455999999930e+00 3.197514437599999898e-02 0.000000000000000000e+00 0.000000000000000000e+00
2.357928275999999990e+00 3.196281432399999956e-02 0.000000000000000000e+00 0.000000000000000000e+00
2.352564096000000049e+00 3.195014382000000569e-02 0.000000000000000000e+00 0.000000000000000000e+00
2.347199917000000191e+00 3.193761681599999874e-02 0.000000000000000000e+00 0.000000000000000000e+00
2.341835736999999806e+00 3.192481277999999895e-02 0.000000000000000000e+00 0.000000000000000000e+00
2.336471557999999948e+00 3.191096067600000113e-02 0.000000000000000000e+00 0.000000000000000000e+00
2.331107378000000008e+00 3.189654112400000519e-02 0.000000000000000000e+00 0.000000000000000000e+00
2.325742959999999915e+00 3.188217830000000114e-02 0.000000000000000000e+00 0.000000000000000000e+00
2.320378779999999974e+00 3.186769199600000130e-02 0.000000000000000000e+00 0.000000000000000000e+00
2.315014601000000116e+00 3.185244132000000089e-02 0.000000000000000000e+00 0.000000000000000000e+00
2.309650421000000176e+00 3.183616923200000004e-02 0.000000000000000000e+00 0.000000000000000000e+00
2.304286241999999874e+00 3.181970358000000415e-02 0.000000000000000000e+00 0.000000000000000000e+00
2.298922061999999933e+00 3.180336140800000405e-02 0.000000000000000000e+00 0.000000000000000000e+00
2.293557881999999992e+00 3.178679562799999886e-02 0.000000000000000000e+00 0.000000000000000000e+00
2.288193703000000134e+00 3.176905821599999846e-02 0.000000000000000000e+00 0.000000000000000000e+00
2.282829523000000194e+00 3.175114392799999880e-02 0.000000000000000000e+00 0.000000000000000000e+00
2.277465342999999809e+00 3.173317957599999795e-02 0.000000000000000000e+00 0.000000000000000000e+00
2.272101163999999951e+00 3.171539210000000331e-02 0.000000000000000000e+00 0.000000000000000000e+00
2.266736984000000010e+00 3.169644643200000139e-02 0.000000000000000000e+00 0.000000000000000000e+00
2.261372805000000152e+00 3.167703341600000555e-02 0.000000000000000000e+00 0.000000000000000000e+00
2.256008625000000212e+00 3.165753029599999852e-02 0.000000000000000000e+00 0.000000000000000000e+00
2.250644444999999827e+00 3.163813732799999889e-02 0.000000000000000000e+00 0.000000000000000000e+00
2.245280265999999969e+00 3.161816691600000118e-02 0.000000000000000000e+00 0.000000000000000000e+00
2.239916086000000028e+00 3.159719849999999969e-02 0.000000000000000000e+00 0.000000000000000000e+00
2.234551907000000170e+00 3.157616330400000310e-02 0.000000000000000000e+00 0.000000000000000000e+00
2.229187726999999786e+00 3.155512810799999956e-02 0.000000000000000000e+00 0.000000000000000000e+00
2.223823546999999845e+00 3.153406620000000216e-02 0.000000000000000000e+00 0.000000000000000000e+00
2.218459367999999987e+00 3.151173925200000114e-02 0.000000000000000000e+00 0.000000000000000000e+00
2.213095188000000046e+00 3.148935557600000129e-02 0.000000000000000000e+00 0.000000000000000000e+00
2.207731009000000189e+00 3.146694182800000017e-02 0.000000000000000000e+00 0.000000000000000000e+00
2.202366828999999804e+00 3.144446802000000485e-02 0.000000000000000000e+00 0.000000000000000000e+00
2.197002648999999863e+00 3.142111635599999925e-02 0.000000000000000000e+00 0.000000000000000000e+00
2.191638470000000005e+00 3.139748763200000264e-02 0.000000000000000000e+00 0.000000000000000000e+00
2.186274290000000065e+00 3.137386226799999955e-02 0.000000000000000000e+00 0.000000000000000000e+00
2.180910110000000124e+00 3.135023354399999601e-02 0.000000000000000000e+00 0.000000000000000000e+00
2.175545930999999822e+00 3.132634114400000003e-02 0.000000000000000000e+00 0.000000000000000000e+00
2.170181750999999881e+00 3.130207491600000419e-02 0.000000000000000000e+00 0.000000000000000000e+00
2.164817572000000023e+00 3.127786541600000025e-02 0.000000000000000000e+00 0.000000000000000000e+00
2.159453392000000083e+00 3.125365591599999632e-02 0.000000000000000000e+00 0.000000000000000000e+00
2.154089212000000142e+00 3.122935295200000155e-02 0.000000000000000000e+00 0.000000000000000000e+00
2.148724794000000049e+00 3.120481968800000241e-02 0.000000000000000000e+00 0.000000000000000000e+00
2.143360615000000191e+00 3.118019296000000204e-02 0.000000000000000000e+00 0.000000000000000000e+00
2.137996434999999806e+00 3.115555953999999891e-02 0.000000000000000000e+00 0.000000000000000000e+00
2.132632255999999948e+00 3.113093281200000201e-02 0.000000000000000000e+00 0.000000000000000000e+00
2.127268076000000008e+00 3.110628939599999893e-02 0.000000000000000000e+00 0.000000000000000000e+00
2.121903896000000067e+00 3.108152913600000303e-02 0.000000000000000000e+00 0.000000000000000000e+00
2.116539717000000209e+00 3.105677223600000064e-02 0.000000000000000000e+00 0.000000000000000000e+00
2.111175536999999824e+00 3.103201533600000173e-02 0.000000000000000000e+00 0.000000000000000000e+00
2.105811356999999884e+00 3.100726843200000277e-02 0.000000000000000000e+00 0.000000000000000000e+00
2.100447178000000026e+00 3.098244811199999879e-02 0.000000000000000000e+00 0.000000000000000000e+00
2.095082998000000085e+00 3.095755434799999858e-02 0.000000000000000000e+00 0.000000000000000000e+00
2.089718818999999783e+00 3.093269396000000032e-02 0.000000000000000000e+00 0.000000000000000000e+00
2.084354638999999842e+00 3.090783024000000323e-02 0.000000000000000000e+00 0.000000000000000000e+00
2.078990458999999902e+00 3.088294649999999766e-02 0.000000000000000000e+00 0.000000000000000000e+00
2.073626280000000044e+00 3.085786580800000192e-02 0.000000000000000000e+00 0.000000000000000000e+00
2.068262100000000103e+00 3.083267499199999692e-02 0.000000000000000000e+00 0.000000000000000000e+00
2.062897920999999801e+00 3.080743408399999952e-02 0.000000000000000000e+00 0.000000000000000000e+00
2.057533740999999861e+00 3.078218984400000330e-02 0.000000000000000000e+00 0.000000000000000000e+00
2.052169560999999920e+00 3.075697898000000208e-02 0.000000000000000000e+00 0.000000000000000000e+00
2.046805382000000062e+00 3.073110723199999963e-02 0.000000000000000000e+00 0.000000000000000000e+00
2.041441202000000121e+00 3.070508526400000243e-02 0.000000000000000000e+00 0.000000000000000000e+00
2.036077022999999819e+00 3.067906332400000338e-02 0.000000000000000000e+00 0.000000000000000000e+00
2.030712842999999879e+00 3.065304135599999924e-02 0.000000000000000000e+00 0.000000000000000000e+00
2.025348662999999938e+00 3.062683248800000119e-02 0.000000000000000000e+00 0.000000000000000000e+00
2.019984484000000080e+00 3.060015296799999812e-02 0.000000000000000000e+00 0.000000000000000000e+00
2.014620304000000139e+00 3.057347678000000082e-02 0.000000000000000000e+00 0.000000000000000000e+00
2.009256124000000199e+00 3.054680062000000168e-02 0.000000000000000000e+00 0.000000000000000000e+00
2.003891944999999897e+00 3.052012110000000208e-02 0.000000000000000000e+00 0.000000000000000000e+00
1.998527646000000102e+00 3.049332809600000319e-02 0.000000000000000000e+00 0.000000000000000000e+00
1.993163465999999939e+00 3.046649502399999959e-02 0.000000000000000000e+00 0.000000000000000000e+00
1.987799287000000081e+00 3.043966864399999875e-02 0.000000000000000000e+00 0.000000000000000000e+00
1.982435106999999919e+00 3.041284562399999836e-02 0.000000000000000000e+00 0.000000000000000000e+00
1.977070928000000061e+00 3.038599586399999899e-02 0.000000000000000000e+00 0.000000000000000000e+00
1.971706747999999898e+00 3.035912275200000274e-02 0.000000000000000000e+00 0.000000000000000000e+00
1.966342567999999957e+00 3.033222962000000147e-02 0.000000000000000000e+00 0.000000000000000000e+00
1.960978389000000099e+00 3.030536650399999823e-02 0.000000000000000000e+00 0.000000000000000000e+00
1.955614208999999937e+00 3.027847670399999927e-02 0.000000000000000000e+00 0.000000000000000000e+00
1.950250030000000079e+00 3.025156355200000341e-02 0.000000000000000000e+00 0.000000000000000000e+00
1.944885849999999916e+00 3.022450017999999891e-02 0.000000000000000000e+00 0.000000000000000000e+00
1.939521669999999975e+00 3.019732665600000088e-02 0.000000000000000000e+00 0.000000000000000000e+00
1.934157490999999895e+00 3.017012308799999973e-02 0.000000000000000000e+00 0.000000000000000000e+00
1.928793192000000101e+00 3.014290286000000443e-02 0.000000000000000000e+00 0.000000000000000000e+00
1.923429011999999938e+00 3.011570595599999747e-02 0.000000000000000000e+00 0.000000000000000000e+00
1.918064833000000080e+00 3.008835552799999855e-02 0.000000000000000000e+00 0.000000000000000000e+00
1.912700652999999917e+00 3.006087828800000153e-02 0.000000000000000000e+00 0.000000000000000000e+00
1.907336472999999977e+00 3.003332757599999972e-02 0.000000000000000000e+00 0.000000000000000000e+00
1.901972293999999897e+00 3.000577353200000255e-02 0.000000000000000000e+00 0.000000000000000000e+00
1.896608113999999956e+00 2.997824620000000273e-02 0.000000000000000000e+00 0.000000000000000000e+00
1.891243935000000098e+00 2.995061207599999942e-02 0.000000000000000000e+00 0.000000000000000000e+00
1.885879754999999935e+00 2.992267418000000082e-02 0.000000000000000000e+00 0.000000000000000000e+00
1.880515574999999995e+00 2.989469624400000261e-02 0.000000000000000000e+00 0.000000000000000000e+00
1.875151395999999915e+00 2.986672163999999630e-02 0.000000000000000000e+00 0.000000000000000000e+00
1.869787215999999974e+00 2.983874367600000341e-02 0.000000000000000000e+00 0.000000000000000000e+00
1.864423036999999894e+00 2.981066227999999707e-02 0.000000000000000000e+00 0.000000000000000000e+00
1.859058856999999954e+00 2.978235722000000321e-02 0.000000000000000000e+00 0.000000000000000000e+00
1.853694677000000013e+00 2.975405549200000124e-02 0.000000000000000000e+00 0.000000000000000000e+00
1.848330497999999933e+00 2.972575379199999743e-02 0.000000000000000000e+00 0.000000000000000000e+00
1.842966317999999992e+00 2.969743870800000199e-02 0.000000000000000000e+00 0.000000000000000000e+00
1.837602018999999975e+00 2.966900683599999963e-02 0.000000000000000000e+00 0.000000000000000000e+00
1.832237839999999895e+00 2.963982725200000473e-02 0.000000000000000000e+00 0.000000000000000000e+00
1.826873659999999955e+00 2.961066771599999911e-02 0.000000000000000000e+00 0.000000000000000000e+00
1.821509480000000014e+00 2.958154821999999656e-02 0.000000000000000000e+00 0.000000000000000000e+00
1.816145300999999934e+00 2.955236197200000400e-02 0.000000000000000000e+00 0.000000000000000000e+00
1.810781120999999994e+00 2.952315234399999905e-02 0.000000000000000000e+00 0.000000000000000000e+00
1.805416941999999914e+00 2.949346542800000345e-02 0.000000000000000000e+00 0.000000000000000000e+00
1.800052761999999973e+00 2.946358489200000264e-02 0.000000000000000000e+00 0.000000000000000000e+00
1.794688582000000032e+00 2.943372107199999921e-02 0.000000000000000000e+00 0.000000000000000000e+00
1.789324402999999952e+00 2.940387727199999732e-02 0.000000000000000000e+00 0.000000000000000000e+00
1.783960223000000012e+00 2.937402008800000380e-02 0.000000000000000000e+00 0.000000000000000000e+00
1.778596043999999932e+00 2.934407282800000419e-02 0.000000000000000000e+00 0.000000000000000000e+00
1.773231863999999991e+00 2.931393194799999935e-02 0.000000000000000000e+00 0.000000000000000000e+00
1.767867684000000050e+00 2.928399801600000199e-02 0.000000000000000000e+00 0.000000000000000000e+00
1.762503504999999970e+00 2.925410079199999847e-02 0.000000000000000000e+00 0.000000000000000000e+00
1.757139325000000030e+00 2.922420359600000003e-02 0.000000000000000000e+00 0.000000000000000000e+00
1.751775026000000013e+00 2.919422959600000145e-02 0.000000000000000000e+00 0.000000000000000000e+00
1.746410846999999933e+00 2.916462278799999974e-02 0.000000000000000000e+00 0.000000000000000000e+00
1.741046666999999992e+00 2.913531969599999702e-02 0.000000000000000000e+00 0.000000000000000000e+00
1.735682487000000052e+00 2.910569620000000302e-02 0.000000000000000000e+00 0.000000000000000000e+00
1.730318307999999972e+00 2.907581233199999990e-02 0.000000000000000000e+00 0.000000000000000000e+00
1.724954128000000031e+00 2.904592849200000187e-02 0.000000000000000000e+00 0.000000000000000000e+00
1.719589948999999951e+00 2.901625157199999930e-02 0.000000000000000000e+00 0.000000000000000000e+00
1.714225769000000010e+00 2.898695184000000050e-02 0.000000000000000000e+00 0.000000000000000000e+00
1.708861589000000070e+00 2.895761204000000394e-02 0.000000000000000000e+00 0.000000000000000000e+00
1.703497409999999990e+00 2.892827557199999927e-02 0.000000000000000000e+00 0.000000000000000000e+00
1.698133230000000049e+00 2.889896584400000051e-02 0.000000000000000000e+00 0.000000000000000000e+00
1.692769050999999969e+00 2.886969948800000019e-02 0.000000000000000000e+00 0.000000000000000000e+00
1.687404871000000028e+00 2.884079693600000160e-02 0.000000000000000000e+00 0.000000000000000000e+00
1.682040691000000088e+00 2.881218146799999907e-02 0.000000000000000000e+00 0.000000000000000000e+00
1.676676512000000008e+00 2.878356600000000348e-02 0.000000000000000000e+00 0.000000000000000000e+00
1.671312332000000067e+00 2.875496052800000091e-02 0.000000000000000000e+00 0.000000000000000000e+00
1.665948152999999987e+00 2.872635172399999604e-02 0.000000000000000000e+00 0.000000000000000000e+00
1.660583853999999970e+00 2.869774294800000319e-02 0.000000000000000000e+00 0.000000000000000000e+00
1.655219674000000030e+00 2.866860343199999911e-02 0.000000000000000000e+00 0.000000000000000000e+00
1.649855494000000089e+00 2.863942717999999957e-02 0.000000000000000000e+00 0.000000000000000000e+00
1.644491315000000009e+00 2.861043119200000137e-02 0.000000000000000000e+00 0.000000000000000000e+00
1.639127135000000068e+00 2.858143187199999741e-02 0.000000000000000000e+00 0.000000000000000000e+00
1.633762955999999988e+00 2.855243588400000268e-02 0.000000000000000000e+00 0.000000000000000000e+00
1.628398776000000048e+00 2.852431105999999814e-02 0.000000000000000000e+00 0.000000000000000000e+00
1.623034596000000107e+00 2.850007820800000077e-02 0.000000000000000000e+00 0.000000000000000000e+00
1.617670417000000027e+00 2.847595214799999996e-02 0.000000000000000000e+00 0.000000000000000000e+00
1.612306237000000086e+00 2.845182275600000033e-02 0.000000000000000000e+00 0.000000000000000000e+00
1.606942058000000007e+00 2.842778682800000192e-02 0.000000000000000000e+00 0.000000000000000000e+00
1.601577878000000066e+00 2.840362406000000381e-02 0.000000000000000000e+00 0.000000000000000000e+00
1.596213697999999903e+00 2.837729168400000140e-02 0.000000000000000000e+00 0.000000000000000000e+00
1.590849519000000045e+00 2.835095930800000247e-02 0.000000000000000000e+00 0.000000000000000000e+00
1.585485339000000105e+00 2.832476376799999973e-02 0.000000000000000000e+00 0.000000000000000000e+00
1.580121160000000025e+00 2.829859494000000128e-02 0.000000000000000000e+00 0.000000000000000000e+00
1.574756861000000008e+00 2.827242947199999981e-02 0.000000000000000000e+00 0.000000000000000000e+00
1.569392681000000067e+00 2.824921131200000199e-02 0.000000000000000000e+00 0.000000000000000000e+00
1.564028501999999987e+00 2.822628020800000206e-02 0.000000000000000000e+00 0.000000000000000000e+00
1.558664322000000046e+00 2.820339250400000219e-02 0.000000000000000000e+00 0.000000000000000000e+00
1.553300142000000106e+00 2.818050146800000003e-02 0.000000000000000000e+00 0.000000000000000000e+00
1.547935963000000026e+00 2.815694618799999965e-02 0.000000000000000000e+00 0.000000000000000000e+00
1.542571783000000085e+00 2.813167190399999684e-02 0.000000000000000000e+00 0.000000000000000000e+00
1.537207602999999922e+00 2.810620736000000314e-02 0.000000000000000000e+00 0.000000000000000000e+00
1.531843424000000065e+00 2.808073951200000182e-02 0.000000000000000000e+00 0.000000000000000000e+00
1.526479243999999902e+00 2.805532836399999772e-02 0.000000000000000000e+00 0.000000000000000000e+00
1.521115065000000044e+00 2.803000068400000183e-02 0.000000000000000000e+00 0.000000000000000000e+00
1.515750885000000103e+00 2.800617170400000050e-02 0.000000000000000000e+00 0.000000000000000000e+00
1.510386704999999941e+00 2.798256635720000260e-02 0.000000000000000000e+00 0.000000000000000000e+00
1.505022526000000083e+00 2.795934653400000344e-02 0.000000000000000000e+00 0.000000000000000000e+00
1.499658345999999920e+00 2.793610334479999791e-02 0.000000000000000000e+00 0.000000000000000000e+00
1.494294167000000062e+00 2.791278672280000234e-02 0.000000000000000000e+00 0.000000000000000000e+00
1.488929986999999899e+00 2.788928151240000278e-02 0.000000000000000000e+00 0.000000000000000000e+00
1.483565688000000105e+00 2.786637377719999864e-02 0.000000000000000000e+00 0.000000000000000000e+00
1.478201509000000025e+00 2.784346771360000222e-02 0.000000000000000000e+00 0.000000000000000000e+00
1.472837329000000084e+00 2.782110571800000196e-02 0.000000000000000000e+00 0.000000000000000000e+00
1.467473148999999921e+00 2.779932784999999962e-02 0.000000000000000000e+00 0.000000000000000000e+00
1.462108970000000063e+00 2.777857971280000074e-02 0.000000000000000000e+00 0.000000000000000000e+00
1.456744789999999901e+00 2.775799679799999947e-02 0.000000000000000000e+00 0.000000000000000000e+00
1.451380609999999960e+00 2.773741388319999820e-02 0.000000000000000000e+00 0.000000000000000000e+00
1.446016431000000102e+00 2.771662235160000237e-02 0.000000000000000000e+00 0.000000000000000000e+00
1.440652250999999939e+00 2.769570398279999970e-02 0.000000000000000000e+00 0.000000000000000000e+00
1.435288072000000081e+00 2.767418479839999987e-02 0.000000000000000000e+00 0.000000000000000000e+00
1.429923891999999919e+00 2.765256214280000305e-02 0.000000000000000000e+00 0.000000000000000000e+00
1.424559711999999978e+00 2.763038539800000137e-02 0.000000000000000000e+00 0.000000000000000000e+00
1.419195532999999898e+00 2.760843896999999950e-02 0.000000000000000000e+00 0.000000000000000000e+00
1.413831352999999957e+00 2.758650255200000012e-02 0.000000000000000000e+00 0.000000000000000000e+00
1.408467174000000099e+00 2.756360149479999966e-02 0.000000000000000000e+00 0.000000000000000000e+00
1.403102993999999937e+00 2.754015469519999898e-02 0.000000000000000000e+00 0.000000000000000000e+00
1.397738694999999920e+00 2.751582336440000151e-02 0.000000000000000000e+00 0.000000000000000000e+00
1.392374516000000062e+00 2.749057412079999874e-02 0.000000000000000000e+00 0.000000000000000000e+00
1.387010335999999899e+00 2.746171331400000179e-02 0.000000000000000000e+00 0.000000000000000000e+00
1.381646155999999959e+00 2.743203306200000038e-02 0.000000000000000000e+00 0.000000000000000000e+00
1.376281977000000101e+00 2.740298867319999887e-02 0.000000000000000000e+00 0.000000000000000000e+00
1.370917796999999938e+00 2.737244391559999837e-02 0.000000000000000000e+00 0.000000000000000000e+00
1.365553616999999997e+00 2.734070753959999892e-02 0.000000000000000000e+00 0.000000000000000000e+00
1.360189437999999917e+00 2.730598545079999939e-02 0.000000000000000000e+00 0.000000000000000000e+00
1.354825257999999977e+00 2.727051568079999835e-02 0.000000000000000000e+00 0.000000000000000000e+00
1.349461078999999897e+00 2.723206687040000129e-02 0.000000000000000000e+00 0.000000000000000000e+00
1.344096898999999956e+00 2.719455766720000126e-02 0.000000000000000000e+00 0.000000000000000000e+00
1.338732719000000015e+00 2.715637755320000207e-02 0.000000000000000000e+00 0.000000000000000000e+00
1.333368539999999935e+00 2.711188387880000134e-02 0.000000000000000000e+00 0.000000000000000000e+00
1.328004359999999995e+00 2.706587481360000005e-02 0.000000000000000000e+00 0.000000000000000000e+00
1.322640180999999915e+00 2.701746582920000125e-02 0.000000000000000000e+00 0.000000000000000000e+00
1.317276000999999974e+00 2.696621966360000094e-02 0.000000000000000000e+00 0.000000000000000000e+00
1.311911821000000034e+00 2.690351629279999837e-02 0.000000000000000000e+00 0.000000000000000000e+00
1.306547523000000099e+00 2.684293413200000006e-02 0.000000000000000000e+00 0.000000000000000000e+00
1.301183342999999937e+00 2.678286600080000135e-02 0.000000000000000000e+00 0.000000000000000000e+00
1.295819162999999996e+00 2.671487879760000086e-02 0.000000000000000000e+00 0.000000000000000000e+00
1.290454983999999916e+00 2.664231371760000106e-02 0.000000000000000000e+00 0.000000000000000000e+00
1.285090803999999975e+00 2.656350183479999974e-02 0.000000000000000000e+00 0.000000000000000000e+00
1.279726624000000035e+00 2.647807264200000010e-02 0.000000000000000000e+00 0.000000000000000000e+00
1.274362444999999955e+00 2.639155531040000141e-02 0.000000000000000000e+00 0.000000000000000000e+00
1.268998265000000014e+00 2.630670523600000046e-02 0.000000000000000000e+00 0.000000000000000000e+00
1.263634085999999934e+00 2.620581173839999986e-02 0.000000000000000000e+00 0.000000000000000000e+00
1.258269905999999994e+00 2.609719943880000129e-02 0.000000000000000000e+00 0.000000000000000000e+00
1.252905726000000053e+00 2.598773098039999785e-02 0.000000000000000000e+00 0.000000000000000000e+00
1.247541546999999973e+00 2.586830067639999883e-02 0.000000000000000000e+00 0.000000000000000000e+00
1.242177367000000032e+00 2.572290515760000326e-02 0.000000000000000000e+00 0.000000000000000000e+00
1.236813187999999952e+00 2.558127808599999775e-02 0.000000000000000000e+00 0.000000000000000000e+00
1.231449008000000012e+00 2.543912530039999995e-02 0.000000000000000000e+00 0.000000000000000000e+00
1.226084828000000071e+00 2.528025317160000063e-02 0.000000000000000000e+00 0.000000000000000000e+00
1.220720529999999915e+00 2.510442805360000099e-02 0.000000000000000000e+00 0.000000000000000000e+00
1.215356349999999974e+00 2.492374134040000258e-02 0.000000000000000000e+00 0.000000000000000000e+00
1.209992170000000034e+00 2.473020887400000090e-02 0.000000000000000000e+00 0.000000000000000000e+00
1.204627990999999954e+00 2.454053163520000108e-02 0.000000000000000000e+00 0.000000000000000000e+00
1.199263811000000013e+00 2.433209228520000211e-02 0.000000000000000000e+00 0.000000000000000000e+00
1.193899631999999933e+00 2.409939003079999975e-02 0.000000000000000000e+00 0.000000000000000000e+00
1.188535451999999992e+00 2.386377882840000006e-02 0.000000000000000000e+00 0.000000000000000000e+00
1.183171272000000052e+00 2.362816762880000018e-02 0.000000000000000000e+00 0.000000000000000000e+00
1.177807092999999972e+00 2.335028910760000159e-02 0.000000000000000000e+00 0.000000000000000000e+00
1.172442913000000031e+00 2.306347012479999931e-02 0.000000000000000000e+00 0.000000000000000000e+00
1.167078733000000090e+00 2.277665114480000030e-02 0.000000000000000000e+00 0.000000000000000000e+00
1.161714554000000010e+00 2.246638870280000255e-02 0.000000000000000000e+00 0.000000000000000000e+00
1.156350374000000070e+00 2.212738394720000293e-02 0.000000000000000000e+00 0.000000000000000000e+00
1.150986194999999990e+00 2.179558229520000071e-02 0.000000000000000000e+00 0.000000000000000000e+00
1.145622015000000049e+00 2.144700622680000349e-02 0.000000000000000000e+00 0.000000000000000000e+00
1.140257835000000108e+00 2.108786249080000022e-02 0.000000000000000000e+00 0.000000000000000000e+00
1.134893656000000028e+00 2.070935749960000141e-02 0.000000000000000000e+00 0.000000000000000000e+00
1.129529357000000012e+00 2.031468892040000015e-02 0.000000000000000000e+00 0.000000000000000000e+00
1.124165177000000071e+00 1.992688631920000106e-02 0.000000000000000000e+00 0.000000000000000000e+00
1.118800997999999991e+00 1.951605916120000006e-02 0.000000000000000000e+00 0.000000000000000000e+00
1.113436818000000050e+00 1.909052872720000057e-02 0.000000000000000000e+00 0.000000000000000000e+00
1.108072638999999970e+00 1.866279530640000198e-02 0.000000000000000000e+00 0.000000000000000000e+00
1.102708459000000030e+00 1.822116303560000067e-02 0.000000000000000000e+00 0.000000000000000000e+00
1.097344279000000089e+00 1.776796174159999894e-02 0.000000000000000000e+00 0.000000000000000000e+00
1.091980100000000009e+00 1.731531286239999801e-02 0.000000000000000000e+00 0.000000000000000000e+00
1.086615920000000068e+00 1.685572624120000237e-02 0.000000000000000000e+00 0.000000000000000000e+00
1.081251739999999906e+00 1.638356924120000155e-02 0.000000000000000000e+00 0.000000000000000000e+00
1.075887561000000048e+00 1.591082811360000279e-02 0.000000000000000000e+00 0.000000000000000000e+00
1.070523381000000107e+00 1.543730592599999903e-02 0.000000000000000000e+00 0.000000000000000000e+00
1.065159202000000027e+00 1.495491838400000127e-02 0.000000000000000000e+00 0.000000000000000000e+00
1.059795022000000086e+00 1.446943664600000047e-02 0.000000000000000000e+00 0.000000000000000000e+00
1.054430841999999924e+00 1.398391652000000041e-02 0.000000000000000000e+00 0.000000000000000000e+00
1.049066663000000066e+00 1.349498009720000169e-02 0.000000000000000000e+00 0.000000000000000000e+00
1.043702364000000049e+00 1.300607621599999923e-02 0.000000000000000000e+00 0.000000000000000000e+00
1.038338184000000108e+00 1.252471005800000030e-02 0.000000000000000000e+00 0.000000000000000000e+00
1.032974005000000028e+00 1.204750621200000038e-02 0.000000000000000000e+00 0.000000000000000000e+00
1.027609825000000088e+00 1.156586051039999903e-02 0.000000000000000000e+00 0.000000000000000000e+00
1.022245646000000008e+00 1.108849310799999918e-02 0.000000000000000000e+00 0.000000000000000000e+00
1.016881466000000067e+00 1.061625349400000147e-02 0.000000000000000000e+00 0.000000000000000000e+00
1.011517285999999904e+00 1.014468479080000117e-02 0.000000000000000000e+00 0.000000000000000000e+00
1.006153107000000047e+00 9.676754354400001618e-03 0.000000000000000000e+00 0.000000000000000000e+00
1.000788927000000106e+00 9.215151668800001042e-03 0.000000000000000000e+00 0.000000000000000000e+00
9.954247474999999845e-01 8.765514374400000877e-03 0.000000000000000000e+00 0.000000000000000000e+00
9.900605678999999659e-01 8.312033534000000390e-03 0.000000000000000000e+00 0.000000000000000000e+00
9.846963882000000501e-01 7.852085589600000734e-03 0.000000000000000000e+00 0.000000000000000000e+00
9.793321489999999852e-01 7.400153518799999948e-03 0.000000000000000000e+00 0.000000000000000000e+00
9.739679693999999666e-01 6.951860129200000335e-03 0.000000000000000000e+00 0.000000000000000000e+00
9.686037897999999480e-01 6.544563174799999765e-03 0.000000000000000000e+00 0.000000000000000000e+00
9.632396102000000404e-01 6.137592493199999812e-03 0.000000000000000000e+00 0.000000000000000000e+00
9.578754306000000218e-01 5.742978990000000526e-03 0.000000000000000000e+00 0.000000000000000000e+00
9.525112510000000032e-01 5.345276297199999353e-03 0.000000000000000000e+00 0.000000000000000000e+00
9.471470713999999846e-01 4.950476706000000310e-03 0.000000000000000000e+00 0.000000000000000000e+00
9.417828917999999661e-01 4.579476476400000037e-03 0.000000000000000000e+00 0.000000000000000000e+00
9.364187121000000502e-01 4.215785742000000176e-03 0.000000000000000000e+00 0.000000000000000000e+00
9.310544728999999853e-01 3.861167312799999862e-03 0.000000000000000000e+00 0.000000000000000000e+00
9.256902932999999667e-01 3.515288649599999753e-03 0.000000000000000000e+00 0.000000000000000000e+00
9.203261136999999481e-01 3.185207457600000222e-03 0.000000000000000000e+00 0.000000000000000000e+00
9.149619341000000405e-01 2.848852336400000112e-03 0.000000000000000000e+00 0.000000000000000000e+00
9.095977545000000219e-01 2.538616806319999968e-03 0.000000000000000000e+00 0.000000000000000000e+00
9.042335749000000034e-01 2.238948941319999966e-03 0.000000000000000000e+00 0.000000000000000000e+00
8.988693952999999848e-01 1.938486874239999953e-03 0.000000000000000000e+00 0.000000000000000000e+00
8.935052155999999579e-01 1.659428000439999934e-03 0.000000000000000000e+00 0.000000000000000000e+00
8.881409764000000040e-01 1.386334300120000166e-03 0.000000000000000000e+00 0.000000000000000000e+00
8.827767967999999854e-01 1.137375101520000020e-03 0.000000000000000000e+00 0.000000000000000000e+00
8.774126171999999668e-01 8.893297464800000015e-04 0.000000000000000000e+00 0.000000000000000000e+00
8.720484375999999482e-01 6.548857019600000167e-04 0.000000000000000000e+00 0.000000000000000000e+00
8.666842580000000407e-01 4.321214816800000229e-04 0.000000000000000000e+00 0.000000000000000000e+00
8.613200784000000221e-01 2.119346242439999913e-04 0.000000000000000000e+00 0.000000000000000000e+00
8.559558988000000035e-01 9.346448350400000558e-06 0.000000000000000000e+00 0.000000000000000000e+00
8.505917191999999849e-01 -1.873403582679999892e-04 0.000000000000000000e+00 0.000000000000000000e+00
8.452274799000000227e-01 -3.777915500799999848e-04 0.000000000000000000e+00 0.000000000000000000e+00
8.398633003000000041e-01 -5.523358433599999352e-04 0.000000000000000000e+00 0.000000000000000000e+00
8.344991206999999855e-01 -7.231259047600000194e-04 0.000000000000000000e+00 0.000000000000000000e+00
8.291349410999999670e-01 -8.835845589199999928e-04 0.000000000000000000e+00 0.000000000000000000e+00
8.237707614999999484e-01 -1.031800776719999984e-03 0.000000000000000000e+00 0.000000000000000000e+00
8.184065819000000408e-01 -1.178357765200000037e-03 0.000000000000000000e+00 0.000000000000000000e+00
8.130424023000000222e-01 -1.310408726200000193e-03 0.000000000000000000e+00 0.000000000000000000e+00
8.076782227000000036e-01 -1.438632413679999996e-03 0.000000000000000000e+00 0.000000000000000000e+00
8.023139834000000414e-01 -1.554203003640000072e-03 0.000000000000000000e+00 0.000000000000000000e+00
7.969498038000000228e-01 -1.668308481560000067e-03 0.000000000000000000e+00 0.000000000000000000e+00
7.915856242000000043e-01 -1.769340813239999753e-03 0.000000000000000000e+00 0.000000000000000000e+00
7.862214445999999857e-01 -1.869885712800000181e-03 0.000000000000000000e+00 0.000000000000000000e+00
7.808572649999999671e-01 -1.959630131760000012e-03 0.000000000000000000e+00 0.000000000000000000e+00
7.754930853999999485e-01 -2.046486467200000180e-03 0.000000000000000000e+00 0.000000000000000000e+00
7.701289058000000409e-01 -2.126668333999999928e-03 0.000000000000000000e+00 0.000000000000000000e+00
7.647647262000000223e-01 -2.200399369000000278e-03 0.000000000000000000e+00 0.000000000000000000e+00
7.594005466000000037e-01 -2.271306782919999944e-03 0.000000000000000000e+00 0.000000000000000000e+00
7.540363073000000416e-01 -2.333936721199999891e-03 0.000000000000000000e+00 0.000000000000000000e+00
7.486721277000000230e-01 -2.395301401640000192e-03 0.000000000000000000e+00 0.000000000000000000e+00
7.433079481000000044e-01 -2.449110418440000100e-03 0.000000000000000000e+00 0.000000000000000000e+00
7.379437684999999858e-01 -2.500237047559999981e-03 0.000000000000000000e+00 0.000000000000000000e+00
7.325795888999999672e-01 -2.545334875720000212e-03 0.000000000000000000e+00 0.000000000000000000e+00
7.272154092999999486e-01 -2.585394412160000113e-03 0.000000000000000000e+00 0.000000000000000000e+00
7.218512297000000411e-01 -2.623038589919999847e-03 0.000000000000000000e+00 0.000000000000000000e+00
7.164870501000000225e-01 -2.655342400200000081e-03 0.000000000000000000e+00 0.000000000000000000e+00
7.111228107999999493e-01 -2.686323374560000213e-03 0.000000000000000000e+00 0.000000000000000000e+00
7.057586312000000417e-01 -2.711892634640000310e-03 0.000000000000000000e+00 0.000000000000000000e+00
7.003944516000000231e-01 -2.735488385000000092e-03 0.000000000000000000e+00 0.000000000000000000e+00
6.950302720000000045e-01 -2.755475282559999989e-03 0.000000000000000000e+00 0.000000000000000000e+00
6.896660923999999859e-01 -2.772581189840000147e-03 0.000000000000000000e+00 0.000000000000000000e+00
6.843019127999999673e-01 -2.787463247800000144e-03 0.000000000000000000e+00 0.000000000000000000e+00
6.789377331999999488e-01 -2.798158586160000121e-03 0.000000000000000000e+00 0.000000000000000000e+00
6.735735536000000412e-01 -2.806791335600000367e-03 0.000000000000000000e+00 0.000000000000000000e+00
6.682093142999999680e-01 -2.813157051600000038e-03 0.000000000000000000e+00 0.000000000000000000e+00
6.628451346999999494e-01 -2.817070275599999930e-03 0.000000000000000000e+00 0.000000000000000000e+00
6.574809551000000418e-01 -2.818875432800000032e-03 0.000000000000000000e+00 0.000000000000000000e+00
6.521167755000000232e-01 -2.818417517999999809e-03 0.000000000000000000e+00 0.000000000000000000e+00
6.467525959000000046e-01 -2.815143704800000032e-03 0.000000000000000000e+00 0.000000000000000000e+00
6.413884162999999861e-01 -2.808789253199999933e-03 0.000000000000000000e+00 0.000000000000000000e+00
6.360242366999999675e-01 -2.800053656399999723e-03 0.000000000000000000e+00 0.000000000000000000e+00
6.306600570999999489e-01 -2.788754373720000318e-03 0.000000000000000000e+00 0.000000000000000000e+00
6.252958178999999950e-01 -2.774852395000000117e-03 0.000000000000000000e+00 0.000000000000000000e+00
6.199316381999999681e-01 -2.757992446439999894e-03 0.000000000000000000e+00 0.000000000000000000e+00
6.145674585999999495e-01 -2.737918972880000294e-03 0.000000000000000000e+00 0.000000000000000000e+00
6.092032790000000420e-01 -2.714863956000000168e-03 0.000000000000000000e+00 0.000000000000000000e+00
6.038390994000000234e-01 -2.687968313800000088e-03 0.000000000000000000e+00 0.000000000000000000e+00
5.984749198000000048e-01 -2.656915992359999874e-03 0.000000000000000000e+00 0.000000000000000000e+00
5.931107401999999862e-01 -2.622505158280000453e-03 0.000000000000000000e+00 0.000000000000000000e+00
5.877465605999999676e-01 -2.584534704640000305e-03 0.000000000000000000e+00 0.000000000000000000e+00
5.823823809999999490e-01 -2.542823553200000176e-03 0.000000000000000000e+00 0.000000000000000000e+00
5.770181416999999868e-01 -2.497225046119999799e-03 0.000000000000000000e+00 0.000000000000000000e+00
5.716539620999999682e-01 -2.447625696600000053e-03 0.000000000000000000e+00 0.000000000000000000e+00
5.662897824999999496e-01 -2.393768280680000186e-03 0.000000000000000000e+00 0.000000000000000000e+00
5.609256029000000421e-01 -2.335337996599999837e-03 0.000000000000000000e+00 0.000000000000000000e+00
5.555614233000000235e-01 -2.272106409160000017e-03 0.000000000000000000e+00 0.000000000000000000e+00
5.501972437000000049e-01 -2.203503578920000365e-03 0.000000000000000000e+00 0.000000000000000000e+00
5.448330640999999863e-01 -2.131401628160000360e-03 0.000000000000000000e+00 0.000000000000000000e+00
5.394688844999999677e-01 -2.054157287000000186e-03 0.000000000000000000e+00 0.000000000000000000e+00
5.341046453000000138e-01 -1.970669686720000289e-03 0.000000000000000000e+00 0.000000000000000000e+00
5.287404655999999870e-01 -1.881097793680000171e-03 0.000000000000000000e+00 0.000000000000000000e+00
5.233762859999999684e-01 -1.785353153919999949e-03 0.000000000000000000e+00 0.000000000000000000e+00
5.180121063999999498e-01 -1.682943954999999983e-03 0.000000000000000000e+00 0.000000000000000000e+00
5.126479268000000422e-01 -1.574155479679999973e-03 0.000000000000000000e+00 0.000000000000000000e+00
5.072837472000000236e-01 -1.458960294679999834e-03 0.000000000000000000e+00 0.000000000000000000e+00
5.019195676000000050e-01 -1.337332323320000000e-03 0.000000000000000000e+00 0.000000000000000000e+00
4.965553582000000188e-01 -1.209545373960000140e-03 0.000000000000000000e+00 0.000000000000000000e+00
4.911911786000000002e-01 -1.074494406719999967e-03 0.000000000000000000e+00 0.000000000000000000e+00
4.858269988999999733e-01 -9.352241754800001217e-04 0.000000000000000000e+00 0.000000000000000000e+00
4.804627894999999871e-01 -7.928699181200000307e-04 0.000000000000000000e+00 0.000000000000000000e+00
4.750986099000000240e-01 -6.487942635999999642e-04 0.000000000000000000e+00 0.000000000000000000e+00
4.697344303000000054e-01 -5.049966947200000209e-04 0.000000000000000000e+00 0.000000000000000000e+00
4.643702506999999868e-01 -3.629066235200000337e-04 0.000000000000000000e+00 0.000000000000000000e+00
4.590060413000000006e-01 -2.249884866040000357e-04 0.000000000000000000e+00 0.000000000000000000e+00
4.536418616999999820e-01 -9.326951205599999582e-05 0.000000000000000000e+00 0.000000000000000000e+00
