3.033407926999999837e+00 6.507262588400000150e-04 0.000000000000000000e+00 0.000000000000000000e+00
3.027219296000000170e+00 3.174475819200000323e-03 0.000000000000000000e+00 0.000000000000000000e+00
3.021030425999999824e+00 5.678169845600000015e-03 0.000000000000000000e+00 0.000000000000000000e+00
3.014841557000000005e+00 8.134748935599999189e-03 0.000000000000000000e+00 0.000000000000000000e+00
3.008652924999999811e+00 1.049848127439999973e-02 0.000000000000000000e+00 0.000000000000000000e+00
3.002464055999999992e+00 1.272869920839999995e-02 0.000000000000000000e+00 0.000000000000000000e+00
2.996275424999999881e+00 1.478202891480000052e-02 0.000000000000000000e+00 0.000000000000000000e+00
2.990086554999999979e+00 1.664550280680000133e-02 0.000000000000000000e+00 0.000000000000000000e+00
2.983897923999999868e+00 1.831834149320000008e-02 0.000000000000000000e+00 0.000000000000000000e+00
2.977709055000000049e+00 1.979030609080000003e-02 0.000000000000000000e+00 0.000000000000000000e+00
2.971520423999999938e+00 2.108770394359999953e-02 0.000000000000000000e+00 0.000000000000000000e+00
2.965331554000000036e+00 2.222269988120000039e-02 0.000000000000000000e+00 0.000000000000000000e+00
2.959142922999999925e+00 2.320250201360000292e-02 0.000000000000000000e+00 0.000000000000000000e+00
2.952954054000000106e+00 2.406260180519999986e-02 0.000000000000000000e+00 0.000000000000000000e+00
2.946765422999999995e+00 2.481372380200000047e-02 0.000000000000000000e+00 0.000000000000000000e+00
2.940576553000000093e+00 2.546067786079999826e-02 0.000000000000000000e+00 0.000000000000000000e+00
2.934387921999999982e+00 2.602945089360000214e-02 0.000000000000000000e+00 0.000000000000000000e+00
2.928199053000000163e+00 2.653049373520000032e-02 0.000000000000000000e+00 0.000000000000000000e+00
2.922010422000000052e+00 2.697333598120000078e-02 0.000000000000000000e+00 0.000000000000000000e+00
2.915821552000000150e+00 2.736560130079999931e-02 0.000000000000000000e+00 0.000000000000000000e+00
2.909632682999999886e+00 2.771325945920000144e-02 0.000000000000000000e+00 0.000000000000000000e+00
2.903444052000000219e+00 2.802266740000000297e-02 0.000000000000000000e+00 0.000000000000000000e+00
2.897255181999999873e+00 2.830181597600000404e-02 0.000000000000000000e+00 0.000000000000000000e+00
2.891066551000000207e+00 2.855456209200000345e-02 0.000000000000000000e+00 0.000000000000000000e+00
2.884877681999999943e+00 2.878402662800000344e-02 0.000000000000000000e+00 0.000000000000000000e+00
2.878689050999999832e+00 2.899227906399999902e-02 0.000000000000000000e+00 0.000000000000000000e+00
2.872500180999999930e+00 2.918191290000000243e-02 0.000000000000000000e+00 0.000000000000000000e+00
2.866311549999999819e+00 2.935610579999999720e-02 0.000000000000000000e+00 0.000000000000000000e+00
2.860122681000000000e+00 2.951651001600000268e-02 0.000000000000000000e+00 0.000000000000000000e+00
2.853934049999999889e+00 2.966490125200000119e-02 0.000000000000000000e+00 0.000000000000000000e+00
2.847745179999999987e+00 2.980248784799999912e-02 0.000000000000000000e+00 0.000000000000000000e+00
2.841556548999999876e+00 2.993046473200000265e-02 0.000000000000000000e+00 0.000000000000000000e+00
2.835367680000000057e+00 3.004938935600000305e-02 0.000000000000000000e+00 0.000000000000000000e+00
2.829179048999999946e+00 3.016046000800000348e-02 0.000000000000000000e+00 0.000000000000000000e+00
2.822990179000000044e+00 3.026488827600000431e-02 0.000000000000000000e+00 0.000000000000000000e+00
2.816801547999999933e+00 3.036336850399999968e-02 0.000000000000000000e+00 0.000000000000000000e+00
2.810612679000000114e+00 3.045642804400000223e-02 0.000000000000000000e+00 0.000000000000000000e+00
2.804423809000000212e+00 3.054458094800000315e-02 0.000000000000000000e+00 0.000000000000000000e+00
2.798235178000000101e+00 3.062709952400000102e-02 0.000000000000000000e+00 0.000000000000000000e+00
2.792046308999999837e+00 3.070538567600000421e-02 0.000000000000000000e+00 0.000000000000000000e+00
2.785857677000000088e+00 3.078027391599999843e-02 0.000000000000000000e+00 0.000000000000000000e+00
2.779668807999999824e+00 3.085212468800000232e-02 0.000000000000000000e+00 0.000000000000000000e+00
2.773480177000000158e+00 3.091958951200000222e-02 0.000000000000000000e+00 0.000000000000000000e+00
2.767291306999999811e+00 3.098433399600000401e-02 0.000000000000000000e+00 0.000000000000000000e+00
2.761102676000000145e+00 3.104674196400000058e-02 0.000000000000000000e+00 0.000000000000000000e+00
2.754913806999999881e+00 3.110564517200000226e-02 0.000000000000000000e+00 0.000000000000000000e+00
2.748725176000000214e+00 3.116212511999999837e-02 0.000000000000000000e+00 0.000000000000000000e+00
2.742536305999999868e+00 3.121711636399999990e-02 0.000000000000000000e+00 0.000000000000000000e+00
2.736347675000000201e+00 3.126840925600000293e-02 0.000000000000000000e+00 0.000000000000000000e+00
2.730158805999999938e+00 3.131849716799999656e-02 0.000000000000000000e+00 0.000000000000000000e+00
2.723970174999999827e+00 3.136571788000000471e-02 0.000000000000000000e+00 0.000000000000000000e+00
2.717781304999999925e+00 3.141154337999999685e-02 0.000000000000000000e+00 0.000000000000000000e+00
2.711592673999999814e+00 3.145518255600000118e-02 0.000000000000000000e+00 0.000000000000000000e+00
2.705403804999999995e+00 3.149762344400000580e-02 0.000000000000000000e+00 0.000000000000000000e+00
2.699215173999999884e+00 3.153759764399999971e-02 0.000000000000000000e+00 0.000000000000000000e+00
2.693026303999999982e+00 3.157728481600000081e-02 0.000000000000000000e+00 0.000000000000000000e+00
2.686837435000000163e+00 3.161340714000000079e-02 0.000000000000000000e+00 0.000000000000000000e+00
2.680648804000000052e+00 3.164956283999999925e-02 0.000000000000000000e+00 0.000000000000000000e+00
2.674459934000000150e+00 3.168328858799999981e-02 0.000000000000000000e+00 0.000000000000000000e+00
2.668271303000000039e+00 3.171580935600000484e-02 0.000000000000000000e+00 0.000000000000000000e+00
2.662082434000000219e+00 3.174799633599999921e-02 0.000000000000000000e+00 0.000000000000000000e+00
2.655893803000000108e+00 3.177644825599999778e-02 0.000000000000000000e+00 0.000000000000000000e+00
2.649704933000000207e+00 3.180490684000000096e-02 0.000000000000000000e+00 0.000000000000000000e+00
2.643516302000000096e+00 3.183233071200000652e-02 0.000000000000000000e+00 0.000000000000000000e+00
2.637327432999999832e+00 3.185690068400000297e-02 0.000000000000000000e+00 0.000000000000000000e+00
2.631138802000000165e+00 3.188135719999999479e-02 0.000000000000000000e+00 0.000000000000000000e+00
2.624949931999999819e+00 3.190471552799999805e-02 0.000000000000000000e+00 0.000000000000000000e+00
2.618761301000000152e+00 3.192521668000000007e-02 0.000000000000000000e+00 0.000000000000000000e+00
2.612572431999999889e+00 3.194553090399999962e-02 0.000000000000000000e+00 0.000000000000000000e+00
2.606383800999999778e+00 3.196547127200000116e-02 0.000000000000000000e+00 0.000000000000000000e+00
2.600194930999999876e+00 3.198199701200000328e-02 0.000000000000000000e+00 0.000000000000000000e+00
2.594006300000000209e+00 3.199835920400000144e-02 0.000000000000000000e+00 0.000000000000000000e+00
2.587817429999999863e+00 3.201479817200000161e-02 0.000000000000000000e+00 0.000000000000000000e+00
2.581628561000000044e+00 3.202802276800000014e-02 0.000000000000000000e+00 0.000000000000000000e+00
2.575439929999999933e+00 3.204030608800000068e-02 0.000000000000000000e+00 0.000000000000000000e+00
2.569251060000000031e+00 3.205258940800000123e-02 0.000000000000000000e+00 0.000000000000000000e+00
2.563062428999999920e+00 3.206386136799999759e-02 0.000000000000000000e+00 0.000000000000000000e+00
2.556873560000000101e+00 3.207256651200000169e-02 0.000000000000000000e+00 0.000000000000000000e+00
2.550684928999999990e+00 3.208128165200000576e-02 0.000000000000000000e+00 0.000000000000000000e+00
2.544496059000000088e+00 3.209000015200000333e-02 0.000000000000000000e+00 0.000000000000000000e+00
2.538307427999999977e+00 3.209656573200000279e-02 0.000000000000000000e+00 0.000000000000000000e+00
2.532118559000000158e+00 3.210194635200000479e-02 0.000000000000000000e+00 0.000000000000000000e+00
2.525929928000000046e+00 3.210732697199999985e-02 0.000000000000000000e+00 0.000000000000000000e+00
2.519741058000000145e+00 3.211256409200000106e-02 0.000000000000000000e+00 0.000000000000000000e+00
2.513552427000000034e+00 3.211536120800000116e-02 0.000000000000000000e+00 0.000000000000000000e+00
2.507363558000000214e+00 3.211740064400000344e-02 0.000000000000000000e+00 0.000000000000000000e+00
2.501174927000000103e+00 3.211947345599999726e-02 0.000000000000000000e+00 0.000000000000000000e+00
2.494986057000000201e+00 3.212140940400000366e-02 0.000000000000000000e+00 0.000000000000000000e+00
2.488797426000000090e+00 3.212111901600000347e-02 0.000000000000000000e+00 0.000000000000000000e+00
2.482608556999999827e+00 3.212000083600000111e-02 0.000000000000000000e+00 0.000000000000000000e+00
2.476419926000000160e+00 3.211885261200000258e-02 0.000000000000000000e+00 0.000000000000000000e+00
2.470231055999999814e+00 3.211769103199999670e-02 0.000000000000000000e+00 0.000000000000000000e+00
2.464042186999999995e+00 3.211488056000000313e-02 0.000000000000000000e+00 0.000000000000000000e+00
2.457853555999999884e+00 3.211083506400000398e-02 0.000000000000000000e+00 0.000000000000000000e+00
2.451664685999999982e+00 3.210665606400000399e-02 0.000000000000000000e+00 0.000000000000000000e+00
2.445476054999999871e+00 3.210252712800000519e-02 0.000000000000000000e+00 0.000000000000000000e+00
2.439287186000000052e+00 3.209759044800000044e-02 0.000000000000000000e+00 0.000000000000000000e+00
2.433098554999999941e+00 3.209052420000000488e-02 0.000000000000000000e+00 0.000000000000000000e+00
2.426909685000000039e+00 3.208336448800000462e-02 0.000000000000000000e+00 0.000000000000000000e+00
2.420721053999999928e+00 3.207620477600000436e-02 0.000000000000000000e+00 0.000000000000000000e+00
2.414532185000000108e+00 3.206906175199999987e-02 0.000000000000000000e+00 0.000000000000000000e+00
2.408343553999999997e+00 3.205934191600000316e-02 0.000000000000000000e+00 0.000000000000000000e+00
2.402154684000000096e+00 3.204920149200000262e-02 0.000000000000000000e+00 0.000000000000000000e+00
2.395966052999999985e+00 3.203903435600000127e-02 0.000000000000000000e+00 0.000000000000000000e+00
2.389777184000000165e+00 3.202886724800000501e-02 0.000000000000000000e+00 0.000000000000000000e+00
2.383588551999999972e+00 3.201723145600000181e-02 0.000000000000000000e+00 0.000000000000000000e+00
2.377399683000000152e+00 3.200416041200000034e-02 0.000000000000000000e+00 0.000000000000000000e+00
2.371211052000000041e+00 3.199114609599999770e-02 0.000000000000000000e+00 0.000000000000000000e+00
2.365022182000000139e+00 3.197807835600000037e-02 0.000000000000000000e+00 0.000000000000000000e+00
2.358833312999999876e+00 3.196484373599999679e-02 0.000000000000000000e+00 0.000000000000000000e+00
2.352644682000000209e+00 3.194930600399999848e-02 0.000000000000000000e+00 0.000000000000000000e+00
2.346455811999999863e+00 3.193358470400000509e-02 0.000000000000000000e+00 0.000000000000000000e+00
2.340267181000000196e+00 3.191787337199999963e-02 0.000000000000000000e+00 0.000000000000000000e+00
2.334078311999999933e+00 3.190210867200000272e-02 0.000000000000000000e+00 0.000000000000000000e+00
2.327889680999999822e+00 3.188551282000000320e-02 0.000000000000000000e+00 0.000000000000000000e+00
2.321700810999999920e+00 3.186752508800000383e-02 0.000000000000000000e+00 0.000000000000000000e+00
2.315512179999999809e+00 3.184941387599999479e-02 0.000000000000000000e+00 0.000000000000000000e+00
2.309323310999999990e+00 3.183126592800000071e-02 0.000000000000000000e+00 0.000000000000000000e+00
2.303134679999999879e+00 3.181321810800000205e-02 0.000000000000000000e+00 0.000000000000000000e+00
2.296945809999999977e+00 3.179362488399999770e-02 0.000000000000000000e+00 0.000000000000000000e+00
2.290757178999999866e+00 3.177355098400000410e-02 0.000000000000000000e+00 0.000000000000000000e+00
2.284568310000000047e+00 3.175347375199999433e-02 0.000000000000000000e+00 0.000000000000000000e+00
2.278379678999999935e+00 3.173339651999999844e-02 0.000000000000000000e+00 0.000000000000000000e+00
2.272190809000000034e+00 3.171286201999999610e-02 0.000000000000000000e+00 0.000000000000000000e+00
2.266002177999999923e+00 3.169114589199999860e-02 0.000000000000000000e+00 0.000000000000000000e+00
2.259813309000000103e+00 3.166943312400000154e-02 0.000000000000000000e+00 0.000000000000000000e+00
2.253624439000000201e+00 3.164771699599999710e-02 0.000000000000000000e+00 0.000000000000000000e+00
2.247435808000000090e+00 3.162595416399999887e-02 0.000000000000000000e+00 0.000000000000000000e+00
2.241246938999999827e+00 3.160304307999999701e-02 0.000000000000000000e+00 0.000000000000000000e+00
2.235058308000000160e+00 3.157984160800000190e-02 0.000000000000000000e+00 0.000000000000000000e+00
2.228869437999999814e+00 3.155666684800000066e-02 0.000000000000000000e+00 0.000000000000000000e+00
2.222680807000000147e+00 3.153341198000000206e-02 0.000000000000000000e+00 0.000000000000000000e+00
2.216491937999999884e+00 3.150974988000000004e-02 0.000000000000000000e+00 0.000000000000000000e+00
2.210303307000000217e+00 3.148535347999999873e-02 0.000000000000000000e+00 0.000000000000000000e+00
2.204114436999999871e+00 3.146095038800000160e-02 0.000000000000000000e+00 0.000000000000000000e+00
2.197925806000000204e+00 3.143655062799999983e-02 0.000000000000000000e+00 0.000000000000000000e+00
2.191736936999999941e+00 3.141213082000000184e-02 0.000000000000000000e+00 0.000000000000000000e+00
2.185548305999999830e+00 3.138704346400000150e-02 0.000000000000000000e+00 0.000000000000000000e+00
2.179359435999999928e+00 3.136198282000000198e-02 0.000000000000000000e+00 0.000000000000000000e+00
2.173170804999999817e+00 3.133692550799999782e-02 0.000000000000000000e+00 0.000000000000000000e+00
2.166981935999999997e+00 3.131185817199999555e-02 0.000000000000000000e+00 0.000000000000000000e+00
2.160793303999999804e+00 3.128640698400000225e-02 0.000000000000000000e+00 0.000000000000000000e+00
2.154604434999999985e+00 3.126087904800000511e-02 0.000000000000000000e+00 0.000000000000000000e+00
2.148415803999999873e+00 3.123521757999999857e-02 0.000000000000000000e+00 0.000000000000000000e+00
2.142226933999999972e+00 3.120944929200000079e-02 0.000000000000000000e+00 0.000000000000000000e+00
2.136038065000000152e+00 3.118348741200000288e-02 0.000000000000000000e+00 0.000000000000000000e+00
2.129849434000000041e+00 3.115704488400000000e-02 0.000000000000000000e+00 0.000000000000000000e+00
2.123660564000000139e+00 3.113062573599999910e-02 0.000000000000000000e+00 0.000000000000000000e+00
2.117471933000000028e+00 3.110420322799999776e-02 0.000000000000000000e+00 0.000000000000000000e+00
2.111283064000000209e+00 3.107772399200000105e-02 0.000000000000000000e+00 0.000000000000000000e+00
2.105094433000000098e+00 3.105089092000000092e-02 0.000000000000000000e+00 0.000000000000000000e+00
2.098905563000000196e+00 3.102342700799999922e-02 0.000000000000000000e+00 0.000000000000000000e+00
2.092716932000000085e+00 3.099595976400000216e-02 0.000000000000000000e+00 0.000000000000000000e+00
2.086528062999999822e+00 3.096846247600000199e-02 0.000000000000000000e+00 0.000000000000000000e+00
2.080339432000000155e+00 3.094097518399999830e-02 0.000000000000000000e+00 0.000000000000000000e+00
2.074150561999999809e+00 3.091312742000000210e-02 0.000000000000000000e+00 0.000000000000000000e+00
2.067961931000000142e+00 3.088458872799999810e-02 0.000000000000000000e+00 0.000000000000000000e+00
2.061773061999999879e+00 3.085596656800000323e-02 0.000000000000000000e+00 0.000000000000000000e+00
2.055584431000000212e+00 3.082734776799999840e-02 0.000000000000000000e+00 0.000000000000000000e+00
2.049395560999999866e+00 3.079872560799999659e-02 0.000000000000000000e+00 0.000000000000000000e+00
2.043206930000000199e+00 3.076992987600000312e-02 0.000000000000000000e+00 0.000000000000000000e+00
2.037018060999999935e+00 3.074072694000000092e-02 0.000000000000000000e+00 0.000000000000000000e+00
2.030829191000000034e+00 3.071162413200000108e-02 0.000000000000000000e+00 0.000000000000000000e+00
2.024640559999999923e+00 3.068252135200000286e-02 0.000000000000000000e+00 0.000000000000000000e+00
2.018451691000000103e+00 3.065343190000000342e-02 0.000000000000000000e+00 0.000000000000000000e+00
2.012263059999999992e+00 3.062446595599999793e-02 0.000000000000000000e+00 0.000000000000000000e+00
2.006074190000000090e+00 3.059583377200000148e-02 0.000000000000000000e+00 0.000000000000000000e+00
1.999885558999999979e+00 3.056719495200000206e-02 0.000000000000000000e+00 0.000000000000000000e+00
1.993696809000000014e+00 3.053852939200000019e-02 0.000000000000000000e+00 0.000000000000000000e+00
1.987508059000000049e+00 3.050994063600000195e-02 0.000000000000000000e+00 0.000000000000000000e+00
1.981319308000000001e+00 3.048135185200000208e-02 0.000000000000000000e+00 0.000000000000000000e+00
1.975130438999999960e+00 3.045293330799999851e-02 0.000000000000000000e+00 0.000000000000000000e+00
1.968941688999999995e+00 3.042454480800000152e-02 0.000000000000000000e+00 0.000000000000000000e+00
1.962752937999999947e+00 3.039620970399999761e-02 0.000000000000000000e+00 0.000000000000000000e+00
1.956564187999999982e+00 3.036787129599999996e-02 0.000000000000000000e+00 0.000000000000000000e+00
1.950375438000000017e+00 3.033951617200000145e-02 0.000000000000000000e+00 0.000000000000000000e+00
1.944186686999999969e+00 3.031086730000000229e-02 0.000000000000000000e+00 0.000000000000000000e+00
1.937997937000000004e+00 3.028200817600000191e-02 0.000000000000000000e+00 0.000000000000000000e+00
1.931809187000000039e+00 3.025291203200000320e-02 0.000000000000000000e+00 0.000000000000000000e+00
1.925620437000000074e+00 3.022368907600000293e-02 0.000000000000000000e+00 0.000000000000000000e+00
1.919431686000000026e+00 3.019446945199999802e-02 0.000000000000000000e+00 0.000000000000000000e+00
1.913242936000000061e+00 3.016512965200000146e-02 0.000000000000000000e+00 0.000000000000000000e+00
1.907054186000000096e+00 3.013541269199999928e-02 0.000000000000000000e+00 0.000000000000000000e+00
1.900865435999999908e+00 3.010569240000000174e-02 0.000000000000000000e+00 0.000000000000000000e+00
1.894676685000000083e+00 3.007596541599999798e-02 0.000000000000000000e+00 0.000000000000000000e+00
1.888487934999999895e+00 3.004625845199999923e-02 0.000000000000000000e+00 0.000000000000000000e+00
1.882299184999999930e+00 3.001655148799999701e-02 0.000000000000000000e+00 0.000000000000000000e+00
1.876110434999999965e+00 2.998656416000000310e-02 0.000000000000000000e+00 0.000000000000000000e+00
1.869921683999999917e+00 2.995651341200000067e-02 0.000000000000000000e+00 0.000000000000000000e+00
1.863732815000000098e+00 2.992647599200000050e-02 0.000000000000000000e+00 0.000000000000000000e+00
1.857544064999999911e+00 2.989644193200000077e-02 0.000000000000000000e+00 0.000000000000000000e+00
1.851355314000000085e+00 2.986640453999999875e-02 0.000000000000000000e+00 0.000000000000000000e+00
1.845166563999999898e+00 2.983629370399999703e-02 0.000000000000000000e+00 0.000000000000000000e+00
1.838977813999999933e+00 2.980601932000000176e-02 0.000000000000000000e+00 0.000000000000000000e+00
1.832789063000000107e+00 2.977597856799999929e-02 0.000000000000000000e+00 0.000000000000000000e+00
1.826600312999999920e+00 2.974611472000000117e-02 0.000000000000000000e+00 0.000000000000000000e+00
1.820411562999999955e+00 2.971625090000000122e-02 0.000000000000000000e+00 0.000000000000000000e+00
1.814222812999999990e+00 2.968638705200000311e-02 0.000000000000000000e+00 0.000000000000000000e+00
1.808034061999999942e+00 2.965607596000000359e-02 0.000000000000000000e+00 0.000000000000000000e+00
1.801845311999999977e+00 2.962561131600000008e-02 0.000000000000000000e+00 0.000000000000000000e+00
1.795656562000000012e+00 2.959515333600000117e-02 0.000000000000000000e+00 0.000000000000000000e+00
1.789467812000000047e+00 2.956468199999999838e-02 0.000000000000000000e+00 0.000000000000000000e+00
1.783279060999999999e+00 2.953420066800000257e-02 0.000000000000000000e+00 0.000000000000000000e+00
1.777090311000000034e+00 2.950365258400000287e-02 0.000000000000000000e+00 0.000000000000000000e+00
1.770901561000000068e+00 2.947256373599999729e-02 0.000000000000000000e+00 0.000000000000000000e+00
1.764712811000000103e+00 2.944149493600000181e-02 0.000000000000000000e+00 0.000000000000000000e+00
1.758524060000000055e+00 2.941044282400000209e-02 0.000000000000000000e+00 0.000000000000000000e+00
1.752335191000000014e+00 2.937939071199999891e-02 0.000000000000000000e+00 0.000000000000000000e+00
1.746146441000000049e+00 2.934833860000000266e-02 0.000000000000000000e+00 0.000000000000000000e+00
1.739957690000000001e+00 2.931730986799999800e-02 0.000000000000000000e+00 0.000000000000000000e+00
1.733768940000000036e+00 2.928605414000000351e-02 0.000000000000000000e+00 0.000000000000000000e+00
1.727580190000000071e+00 2.925479507999999632e-02 0.000000000000000000e+00 0.000000000000000000e+00
1.721391439000000023e+00 2.922353601999999953e-02 0.000000000000000000e+00 0.000000000000000000e+00
1.715202689000000058e+00 2.919228695600000270e-02 0.000000000000000000e+00 0.000000000000000000e+00
1.709013939000000093e+00 2.916108465199999944e-02 0.000000000000000000e+00 0.000000000000000000e+00
1.702825188999999906e+00 2.912985563599999883e-02 0.000000000000000000e+00 0.000000000000000000e+00
1.696636438000000080e+00 2.909860659999999669e-02 0.000000000000000000e+00 0.000000000000000000e+00
1.690447687999999893e+00 2.906736086800000216e-02 0.000000000000000000e+00 0.000000000000000000e+00
1.684258937999999928e+00 2.903612851999999925e-02 0.000000000000000000e+00 0.000000000000000000e+00
1.678070187999999963e+00 2.900488948000000053e-02 0.000000000000000000e+00 0.000000000000000000e+00
1.671881436999999915e+00 2.897365380000000226e-02 0.000000000000000000e+00 0.000000000000000000e+00
1.665692686999999950e+00 2.894223119200000152e-02 0.000000000000000000e+00 0.000000000000000000e+00
1.659503936999999985e+00 2.891075182800000379e-02 0.000000000000000000e+00 0.000000000000000000e+00
1.653315187000000019e+00 2.887926577199999983e-02 0.000000000000000000e+00 0.000000000000000000e+00
1.647126316999999895e+00 2.884785652000000297e-02 0.000000000000000000e+00 0.000000000000000000e+00
1.640937566999999930e+00 2.881659079599999812e-02 0.000000000000000000e+00 0.000000000000000000e+00
1.634748816000000105e+00 2.878529835999999939e-02 0.000000000000000000e+00 0.000000000000000000e+00
1.628560065999999917e+00 2.875380563999999778e-02 0.000000000000000000e+00 0.000000000000000000e+00
1.622371315999999952e+00 2.872229956399999923e-02 0.000000000000000000e+00 0.000000000000000000e+00
1.616182565999999987e+00 2.869091033199999696e-02 0.000000000000000000e+00 0.000000000000000000e+00
1.609993814999999939e+00 2.865940428400000003e-02 0.000000000000000000e+00 0.000000000000000000e+00
1.603805064999999974e+00 2.862769795200000023e-02 0.000000000000000000e+00 0.000000000000000000e+00
1.597616315000000009e+00 2.859599161999999695e-02 0.000000000000000000e+00 0.000000000000000000e+00
1.591427565000000044e+00 2.856296349200000001e-02 0.000000000000000000e+00 0.000000000000000000e+00
1.585238813999999996e+00 2.852966499600000094e-02 0.000000000000000000e+00 0.000000000000000000e+00
1.579050064000000031e+00 2.849583912000000496e-02 0.000000000000000000e+00 0.000000000000000000e+00
1.572861314000000066e+00 2.846201324400000204e-02 0.000000000000000000e+00 0.000000000000000000e+00
1.566672564000000101e+00 2.842819070000000142e-02 0.000000000000000000e+00 0.000000000000000000e+00
1.560483813000000053e+00 2.839434813599999927e-02 0.000000000000000000e+00 0.000000000000000000e+00
1.554295063000000088e+00 2.835704754400000110e-02 0.000000000000000000e+00 0.000000000000000000e+00
1.548106312999999901e+00 2.831914948799999984e-02 0.000000000000000000e+00 0.000000000000000000e+00
1.541917562000000075e+00 2.828125143200000205e-02 0.000000000000000000e+00 0.000000000000000000e+00
1.535728693000000034e+00 2.824335337599999732e-02 0.000000000000000000e+00 0.000000000000000000e+00
1.529539943000000068e+00 2.820494126799999793e-02 0.000000000000000000e+00 0.000000000000000000e+00
1.523351192000000021e+00 2.816621208800000262e-02 0.000000000000000000e+00 0.000000000000000000e+00
1.517162442000000055e+00 2.812422846800000098e-02 0.000000000000000000e+00 0.000000000000000000e+00
1.510973692000000090e+00 2.808069944400000059e-02 0.000000000000000000e+00 0.000000000000000000e+00
1.504784941999999903e+00 2.803675652400000259e-02 0.000000000000000000e+00 0.000000000000000000e+00
1.498596191000000077e+00 2.799207591879999957e-02 0.000000000000000000e+00 0.000000000000000000e+00
1.492407440999999890e+00 2.794739532480000274e-02 0.000000000000000000e+00 0.000000000000000000e+00
1.486218690999999925e+00 2.790293669800000126e-02 0.000000000000000000e+00 0.000000000000000000e+00
1.480029940999999960e+00 2.785558581400000150e-02 0.000000000000000000e+00 0.000000000000000000e+00
1.473841189999999912e+00 2.780330991760000120e-02 0.000000000000000000e+00 0.000000000000000000e+00
1.467652439999999947e+00 2.775061511880000040e-02 0.000000000000000000e+00 0.000000000000000000e+00
1.461463689999999982e+00 2.769792199160000037e-02 0.000000000000000000e+00 0.000000000000000000e+00
1.455274940000000017e+00 2.764522886160000054e-02 0.000000000000000000e+00 0.000000000000000000e+00
1.449086188999999969e+00 2.759094357600000089e-02 0.000000000000000000e+00 0.000000000000000000e+00
1.442897439000000004e+00 2.753385114759999974e-02 0.000000000000000000e+00 0.000000000000000000e+00
1.436708689000000039e+00 2.746841239800000209e-02 0.000000000000000000e+00 0.000000000000000000e+00
1.430519937999999991e+00 2.740297532000000175e-02 0.000000000000000000e+00 0.000000000000000000e+00
1.424331068999999950e+00 2.733614802239999961e-02 0.000000000000000000e+00 0.000000000000000000e+00
1.418142318999999985e+00 2.726808237999999926e-02 0.000000000000000000e+00 0.000000000000000000e+00
1.411953567999999937e+00 2.720075774080000022e-02 0.000000000000000000e+00 0.000000000000000000e+00
1.405764817999999972e+00 2.713363170560000037e-02 0.000000000000000000e+00 0.000000000000000000e+00
1.399576068000000006e+00 2.705120992560000256e-02 0.000000000000000000e+00 0.000000000000000000e+00
1.393387318000000041e+00 2.696489953920000113e-02 0.000000000000000000e+00 0.000000000000000000e+00
1.387198566999999993e+00 2.687912154200000278e-02 0.000000000000000000e+00 0.000000000000000000e+00
1.381009817000000028e+00 2.679343199679999968e-02 0.000000000000000000e+00 0.000000000000000000e+00
1.374821067000000063e+00 2.670774245160000004e-02 0.000000000000000000e+00 0.000000000000000000e+00
1.368632317000000098e+00 2.661931419279999975e-02 0.000000000000000000e+00 0.000000000000000000e+00
1.362443566000000050e+00 2.651926517520000054e-02 0.000000000000000000e+00 0.000000000000000000e+00
1.356254816000000085e+00 2.640995526400000126e-02 0.000000000000000000e+00 0.000000000000000000e+00
1.350066065999999898e+00 2.630064535279999852e-02 0.000000000000000000e+00 0.000000000000000000e+00
1.343877315999999933e+00 2.618917083720000150e-02 0.000000000000000000e+00 0.000000000000000000e+00
1.337688565000000107e+00 2.607704877960000112e-02 0.000000000000000000e+00 0.000000000000000000e+00
1.331499814999999920e+00 2.596561264920000181e-02 0.000000000000000000e+00 0.000000000000000000e+00
1.325311064999999955e+00 2.585115242080000125e-02 0.000000000000000000e+00 0.000000000000000000e+00
1.319122313999999907e+00 2.571633958879999959e-02 0.000000000000000000e+00 0.000000000000000000e+00
1.312933445000000088e+00 2.557965421760000080e-02 0.000000000000000000e+00 0.000000000000000000e+00
1.306744694999999901e+00 2.544016504400000225e-02 0.000000000000000000e+00 0.000000000000000000e+00
1.300555944000000075e+00 2.530040717119999907e-02 0.000000000000000000e+00 0.000000000000000000e+00
1.294367194000000110e+00 2.516030883799999854e-02 0.000000000000000000e+00 0.000000000000000000e+00
1.288178443999999923e+00 2.501684594079999976e-02 0.000000000000000000e+00 0.000000000000000000e+00
1.281989693999999957e+00 2.485787534719999942e-02 0.000000000000000000e+00 0.000000000000000000e+00
1.275800942999999910e+00 2.469058680480000142e-02 0.000000000000000000e+00 0.000000000000000000e+00
1.269612192999999944e+00 2.452329993120000093e-02 0.000000000000000000e+00 0.000000000000000000e+00
1.263423442999999979e+00 2.435319590480000337e-02 0.000000000000000000e+00 0.000000000000000000e+00
1.257234693000000014e+00 2.418239593560000261e-02 0.000000000000000000e+00 0.000000000000000000e+00
1.251045941999999966e+00 2.401266407959999974e-02 0.000000000000000000e+00 0.000000000000000000e+00
1.244857192000000001e+00 2.384047055319999872e-02 0.000000000000000000e+00 0.000000000000000000e+00
1.238668442000000036e+00 2.364369535359999927e-02 0.000000000000000000e+00 0.000000000000000000e+00
1.232479692000000071e+00 2.344649291040000125e-02 0.000000000000000000e+00 0.000000000000000000e+00
1.226290941000000023e+00 2.325142002120000190e-02 0.000000000000000000e+00 0.000000000000000000e+00
1.220102191000000058e+00 2.305634546320000158e-02 0.000000000000000000e+00 0.000000000000000000e+00
1.213913441000000093e+00 2.286086201559999961e-02 0.000000000000000000e+00 0.000000000000000000e+00
1.207724690000000045e+00 2.266364455320000332e-02 0.000000000000000000e+00 0.000000000000000000e+00
1.201535821000000004e+00 2.245514845840000315e-02 0.000000000000000000e+00 0.000000000000000000e+00
1.195347071000000039e+00 2.223505997719999946e-02 0.000000000000000000e+00 0.000000000000000000e+00
1.189158319999999991e+00 2.201495981160000309e-02 0.000000000000000000e+00 0.000000000000000000e+00
1.182969570000000026e+00 2.179354619960000017e-02 0.000000000000000000e+00 0.000000000000000000e+00
1.176780820000000061e+00 2.157213258760000071e-02 0.000000000000000000e+00 0.000000000000000000e+00
1.170592070000000096e+00 2.135092425480000083e-02 0.000000000000000000e+00 0.000000000000000000e+00
1.164403319000000048e+00 2.112434363480000105e-02 0.000000000000000000e+00 0.000000000000000000e+00
1.158214569000000083e+00 2.088273429760000022e-02 0.000000000000000000e+00 0.000000000000000000e+00
1.152025818999999895e+00 2.063779544960000004e-02 0.000000000000000000e+00 0.000000000000000000e+00
1.145837068999999930e+00 2.039285659880000004e-02 0.000000000000000000e+00 0.000000000000000000e+00
1.139648318000000105e+00 2.014788603799999925e-02 0.000000000000000000e+00 0.000000000000000000e+00
1.133459567999999917e+00 1.990261507079999978e-02 0.000000000000000000e+00 0.000000000000000000e+00
1.127270817999999952e+00 1.964916133880000026e-02 0.000000000000000000e+00 0.000000000000000000e+00
1.121082066999999904e+00 1.939125490120000017e-02 0.000000000000000000e+00 0.000000000000000000e+00
1.114893316999999939e+00 1.913349533200000077e-02 0.000000000000000000e+00 0.000000000000000000e+00
1.108704566999999974e+00 1.887602448480000042e-02 0.000000000000000000e+00 0.000000000000000000e+00
1.102515817000000009e+00 1.861842680040000017e-02 0.000000000000000000e+00 0.000000000000000000e+00
1.096327065999999961e+00 1.835856604680000115e-02 0.000000000000000000e+00 0.000000000000000000e+00
1.090138196999999920e+00 1.809055256960000191e-02 0.000000000000000000e+00 0.000000000000000000e+00
1.083949446999999955e+00 1.782578015399999966e-02 0.000000000000000000e+00 0.000000000000000000e+00
1.077760695999999907e+00 1.756566238279999928e-02 0.000000000000000000e+00 0.000000000000000000e+00
1.071571945999999942e+00 1.730558800599999933e-02 0.000000000000000000e+00 0.000000000000000000e+00
1.065383195999999977e+00 1.704705405200000051e-02 0.000000000000000000e+00 0.000000000000000000e+00
1.059194446000000012e+00 1.678132367240000103e-02 0.000000000000000000e+00 0.000000000000000000e+00
1.053005694999999964e+00 1.651530289639999843e-02 0.000000000000000000e+00 0.000000000000000000e+00
1.046816944999999999e+00 1.624999141639999964e-02 0.000000000000000000e+00 0.000000000000000000e+00
1.040628195000000034e+00 1.598507547280000191e-02 0.000000000000000000e+00 0.000000000000000000e+00
1.034439445000000068e+00 1.572015953200000052e-02 0.000000000000000000e+00 0.000000000000000000e+00
1.028250694000000021e+00 1.545139169559999956e-02 0.000000000000000000e+00 0.000000000000000000e+00
1.022061944000000056e+00 1.518466830160000031e-02 0.000000000000000000e+00 0.000000000000000000e+00
1.015873194000000090e+00 1.491794490759999932e-02 0.000000000000000000e+00 0.000000000000000000e+00
1.009684443000000043e+00 1.464116787840000211e-02 0.000000000000000000e+00 0.000000000000000000e+00
1.003495693000000077e+00 1.436564755359999966e-02 0.000000000000000000e+00 0.000000000000000000e+00
9.973068832999999467e-01 1.408903908720000181e-02 0.000000000000000000e+00 0.000000000000000000e+00
9.911181330999999650e-01 1.381191909440000060e-02 0.000000000000000000e+00 0.000000000000000000e+00
9.849293827999999751e-01 1.353505611360000110e-02 0.000000000000000000e+00 0.000000000000000000e+00
9.787406324999999851e-01 1.325979948160000040e-02 0.000000000000000000e+00 0.000000000000000000e+00
9.725518823000000035e-01 1.298453700600000170e-02 0.000000000000000000e+00 0.000000000000000000e+00
9.663631320000000136e-01 1.270929539319999926e-02 0.000000000000000000e+00 0.000000000000000000e+00
9.601743817000000236e-01 1.243616914680000136e-02 0.000000000000000000e+00 0.000000000000000000e+00
9.539855718999999956e-01 1.216304373760000029e-02 0.000000000000000000e+00 0.000000000000000000e+00
9.477968216000000057e-01 1.188991749400000048e-02 0.000000000000000000e+00 0.000000000000000000e+00
9.416080713000000157e-01 1.162717032399999961e-02 0.000000000000000000e+00 0.000000000000000000e+00
9.354193211000000341e-01 1.136536109519999983e-02 0.000000000000000000e+00 0.000000000000000000e+00
9.292305708000000442e-01 1.110355102919999976e-02 0.000000000000000000e+00 0.000000000000000000e+00
9.230418205000000542e-01 1.084307944719999951e-02 0.000000000000000000e+00 0.000000000000000000e+00
9.168530702999999615e-01 1.058566367600000113e-02 0.000000000000000000e+00 0.000000000000000000e+00
9.106643199999999716e-01 1.033208060360000027e-02 0.000000000000000000e+00 0.000000000000000000e+00
9.044755696999999817e-01 1.007969832520000039e-02 0.000000000000000000e+00 0.000000000000000000e+00
8.982867598999999537e-01 9.827563048800001463e-03 0.000000000000000000e+00 0.000000000000000000e+00
8.920980095999999637e-01 9.576292275200000079e-03 0.000000000000000000e+00 0.000000000000000000e+00
8.859092592999999738e-01 9.331175686000000441e-03 0.000000000000000000e+00 0.000000000000000000e+00
8.797205090999999921e-01 9.086223481999999851e-03 0.000000000000000000e+00 0.000000000000000000e+00
8.735317588000000022e-01 8.840800642800000081e-03 0.000000000000000000e+00 0.000000000000000000e+00
8.673430085000000123e-01 8.597569108799999610e-03 0.000000000000000000e+00 0.000000000000000000e+00
8.611542583000000306e-01 8.358088494000000257e-03 0.000000000000000000e+00 0.000000000000000000e+00
8.549655080000000407e-01 8.117970347200000047e-03 0.000000000000000000e+00 0.000000000000000000e+00
8.487767577000000507e-01 7.879471062400000836e-03 0.000000000000000000e+00 0.000000000000000000e+00
8.425879478000000145e-01 7.642336965200001095e-03 0.000000000000000000e+00 0.000000000000000000e+00
8.363991976000000328e-01 7.407945750800000277e-03 0.000000000000000000e+00 0.000000000000000000e+00
8.302104473000000429e-01 7.174933077200000391e-03 0.000000000000000000e+00 0.000000000000000000e+00
8.240216970000000529e-01 6.941920400800000689e-03 0.000000000000000000e+00 0.000000000000000000e+00
8.178329467999999602e-01 6.711771189199999474e-03 0.000000000000000000e+00 0.000000000000000000e+00
8.116441964999999703e-01 6.482005835200000191e-03 0.000000000000000000e+00 0.000000000000000000e+00
8.054554461999999804e-01 6.252258003600000627e-03 0.000000000000000000e+00 0.000000000000000000e+00
7.992666959999999987e-01 6.024518312399999506e-03 0.000000000000000000e+00 0.000000000000000000e+00
7.930779457000000088e-01 5.800140262000000324e-03 0.000000000000000000e+00 0.000000000000000000e+00
7.868891357999999725e-01 5.576034248399999900e-03 0.000000000000000000e+00 0.000000000000000000e+00
7.807003855999999908e-01 5.352177740000000142e-03 0.000000000000000000e+00 0.000000000000000000e+00
7.745116353000000009e-01 5.130662322799999647e-03 0.000000000000000000e+00 0.000000000000000000e+00
7.683228850000000110e-01 4.910376906400000345e-03 0.000000000000000000e+00 0.000000000000000000e+00
7.621341348000000293e-01 4.690107346400000481e-03 0.000000000000000000e+00 0.000000000000000000e+00
7.559453845000000394e-01 4.472579420400000366e-03 0.000000000000000000e+00 0.000000000000000000e+00
7.497566342000000494e-01 4.258297562400000132e-03 0.000000000000000000e+00 0.000000000000000000e+00
7.435678839999999568e-01 4.044089971599999951e-03 0.000000000000000000e+00 0.000000000000000000e+00
7.373790741000000315e-01 3.831968963200000061e-03 0.000000000000000000e+00 0.000000000000000000e+00
7.311903238000000416e-01 3.624742091600000396e-03 0.000000000000000000e+00 0.000000000000000000e+00
7.250015735999999489e-01 3.417683362800000030e-03 0.000000000000000000e+00 0.000000000000000000e+00
7.188128232999999589e-01 3.211928277600000024e-03 0.000000000000000000e+00 0.000000000000000000e+00
7.126240729999999690e-01 3.012217014800000394e-03 0.000000000000000000e+00 0.000000000000000000e+00
7.064353227999999874e-01 2.812564372800000108e-03 0.000000000000000000e+00 0.000000000000000000e+00
7.002465724999999974e-01 2.613349616639999966e-03 0.000000000000000000e+00 0.000000000000000000e+00
6.940578222000000075e-01 2.418396472800000280e-03 0.000000000000000000e+00 0.000000000000000000e+00
6.878690720000000258e-01 2.223371773839999919e-03 0.000000000000000000e+00 0.000000000000000000e+00
6.816802620999999895e-01 2.030599713240000166e-03 0.000000000000000000e+00 0.000000000000000000e+00
6.754915117999999996e-01 1.841575026480000076e-03 0.000000000000000000e+00 0.000000000000000000e+00
6.693027616000000179e-01 1.652377188279999893e-03 0.000000000000000000e+00 0.000000000000000000e+00
6.631140113000000280e-01 1.466906800799999905e-03 0.000000000000000000e+00 0.000000000000000000e+00
6.569252610000000381e-01 1.282612591959999930e-03 0.000000000000000000e+00 0.000000000000000000e+00
6.507365107999999454e-01 1.098789021400000017e-03 0.000000000000000000e+00 0.000000000000000000e+00
6.445477604999999555e-01 9.223555773599998982e-04 0.000000000000000000e+00 0.000000000000000000e+00
6.383590101999999655e-01 7.465779706000000076e-04 0.000000000000000000e+00 0.000000000000000000e+00
6.321702599999999839e-01 5.738485082400000652e-04 0.000000000000000000e+00 0.000000000000000000e+00
6.259814500999999476e-01 4.037427864399999937e-04 0.000000000000000000e+00 0.000000000000000000e+00
6.197926997999999577e-01 2.345504388080000364e-04 0.000000000000000000e+00 0.000000000000000000e+00
6.136039494999999677e-01 7.054788991600000883e-05 0.000000000000000000e+00 0.000000000000000000e+00
6.074151992999999861e-01 -9.377499577600000079e-05 0.000000000000000000e+00 0.000000000000000000e+00
6.012264489999999961e-01 -2.527656108039999993e-04 0.000000000000000000e+00 0.000000000000000000e+00
5.950376987000000062e-01 -4.142664075200000527e-04 0.000000000000000000e+00 0.000000000000000000e+00
5.888489485000000245e-01 -5.741458385599999478e-04 0.000000000000000000e+00 0.000000000000000000e+00
5.826601982000000346e-01 -7.312699183999999243e-04 0.000000000000000000e+00 0.000000000000000000e+00
5.764714479000000447e-01 -8.861107976000000015e-04 0.000000000000000000e+00 0.000000000000000000e+00
5.702826381000000167e-01 -1.037653714440000142e-03 0.000000000000000000e+00 0.000000000000000000e+00
5.640938878000000267e-01 -1.186636805480000001e-03 0.000000000000000000e+00 0.000000000000000000e+00
5.579051375000000368e-01 -1.332705631879999931e-03 0.000000000000000000e+00 0.000000000000000000e+00
5.517163873000000551e-01 -1.476028650879999959e-03 0.000000000000000000e+00 0.000000000000000000e+00
5.455276369999999542e-01 -1.613174751440000056e-03 0.000000000000000000e+00 0.000000000000000000e+00
5.393388866999999642e-01 -1.747927606039999899e-03 0.000000000000000000e+00 0.000000000000000000e+00
5.331501364999999826e-01 -1.879011631000000173e-03 0.000000000000000000e+00 0.000000000000000000e+00
5.269613861999999926e-01 -2.009203821519999801e-03 0.000000000000000000e+00 0.000000000000000000e+00
5.207726359000000027e-01 -2.137031346519999934e-03 0.000000000000000000e+00 0.000000000000000000e+00
5.145838260999999747e-01 -2.262750178639999932e-03 0.000000000000000000e+00 0.000000000000000000e+00
5.083950757999999848e-01 -2.386614829199999906e-03 0.000000000000000000e+00 0.000000000000000000e+00
5.022063254999999948e-01 -2.510896503920000220e-03 0.000000000000000000e+00 0.000000000000000000e+00
4.960175753000000132e-01 -2.632823318159999929e-03 0.000000000000000000e+00 0.000000000000000000e+00
4.898288250000000232e-01 -2.755312979159999821e-03 0.000000000000000000e+00 0.000000000000000000e+00
4.836400746999999778e-01 -2.873773425600000160e-03 0.000000000000000000e+00 0.000000000000000000e+00
4.774513244999999961e-01 -2.992921679999999834e-03 0.000000000000000000e+00 0.000000000000000000e+00
4.712625443999999830e-01 -3.108262897600000060e-03 0.000000000000000000e+00 0.000000000000000000e+00
4.650737940999999931e-01 -3.223922461199999791e-03 0.000000000000000000e+00 0.000000000000000000e+00
4.588850439000000114e-01 -3.335469365199999776e-03 0.000000000000000000e+00 0.000000000000000000e+00
4.526962936000000215e-01 -3.444324494799999928e-03 0.000000000000000000e+00 0.000000000000000000e+00
4.465075135000000084e-01 -3.552708566399999726e-03 0.000000000000000000e+00 0.000000000000000000e+00
4.403187633000000267e-01 -3.657435597200000069e-03 0.000000000000000000e+00 0.000000000000000000e+00
4.341300129999999813e-01 -3.762590705999999900e-03 0.000000000000000000e+00 0.000000000000000000e+00
4.279412626999999913e-01 -3.862572551600000365e-03 0.000000000000000000e+00 0.000000000000000000e+00
4.217525125000000097e-01 -3.963498176399999837e-03 0.000000000000000000e+00 0.000000000000000000e+00
4.155637323999999966e-01 -4.061085520800000216e-03 0.000000000000000000e+00 0.000000000000000000e+00
4.093749821000000066e-01 -4.157136619999999769e-03 0.000000000000000000e+00 0.000000000000000000e+00
4.031862319000000250e-01 -4.252057014799999826e-03 0.000000000000000000e+00 0.000000000000000000e+00
3.969974815999999795e-01 -4.344978033200000249e-03 0.000000000000000000e+00 0.000000000000000000e+00
3.908087015000000219e-01 -4.437156379600000131e-03 0.000000000000000000e+00 0.000000000000000000e+00
3.846199511999999765e-01 -4.527046621999999965e-03 0.000000000000000000e+00 0.000000000000000000e+00
3.784312009999999948e-01 -4.617872296799999804e-03 0.000000000000000000e+00 0.000000000000000000e+00
3.722424507000000049e-01 -4.705575823200000389e-03 0.000000000000000000e+00 0.000000000000000000e+00
3.660537004000000150e-01 -4.793829678399999690e-03 0.000000000000000000e+00 0.000000000000000000e+00
3.598649204000000101e-01 -4.879411577600000112e-03 0.000000000000000000e+00 0.000000000000000000e+00
3.536761701000000202e-01 -4.965721546799999574e-03 0.000000000000000000e+00 0.000000000000000000e+00
3.474874197999999748e-01 -5.049056650400000033e-03 0.000000000000000000e+00 0.000000000000000000e+00
3.412986695999999931e-01 -5.130303085600000298e-03 0.000000000000000000e+00 0.000000000000000000e+00
3.351098894999999800e-01 -5.211332560000000308e-03 0.000000000000000000e+00 0.000000000000000000e+00
3.289211391999999901e-01 -5.290748595999999852e-03 0.000000000000000000e+00 0.000000000000000000e+00
3.227323890000000084e-01 -5.368529499200000270e-03 0.000000000000000000e+00 0.000000000000000000e+00
3.165436387000000185e-01 -5.445392489600000586e-03 0.000000000000000000e+00 0.000000000000000000e+00
3.103548883999999730e-01 -5.521370111600000345e-03 0.000000000000000000e+00 0.000000000000000000e+00
3.041661084000000237e-01 -5.594452976000000195e-03 0.000000000000000000e+00 0.000000000000000000e+00
2.979773580999999782e-01 -5.667234182400000646e-03 0.000000000000000000e+00 0.000000000000000000e+00
2.917886077999999883e-01 -5.739117921599999617e-03 0.000000000000000000e+00 0.000000000000000000e+00
2.855998576000000067e-01 -5.808116078799999832e-03 0.000000000000000000e+00 0.000000000000000000e+00
2.794110774999999935e-01 -5.875329314399999406e-03 0.000000000000000000e+00 0.000000000000000000e+00
2.732223272000000036e-01 -5.938674806399999416e-03 0.000000000000000000e+00 0.000000000000000000e+00
2.670335770000000220e-01 -6.001510023600000257e-03 0.000000000000000000e+00 0.000000000000000000e+00
2.608448266999999765e-01 -6.061694979200000014e-03 0.000000000000000000e+00 0.000000000000000000e+00
2.546560466000000189e-01 -6.118914664800000243e-03 0.000000000000000000e+00 0.000000000000000000e+00
2.484673112999999933e-01 -6.175338685600000217e-03 0.000000000000000000e+00 0.000000000000000000e+00
2.422785460999999918e-01 -6.228235006000000344e-03 0.000000000000000000e+00 0.000000000000000000e+00
2.360897958000000019e-01 -6.278728066799999473e-03 0.000000000000000000e+00 0.000000000000000000e+00
2.299010307000000086e-01 -6.326960981599999596e-03 0.000000000000000000e+00 0.000000000000000000e+00
2.237122803999999909e-01 -6.372290372000000321e-03 0.000000000000000000e+00 0.000000000000000000e+00
2.175235151999999894e-01 -6.414502620400000348e-03 0.000000000000000000e+00 0.000000000000000000e+00
2.113347650000000078e-01 -6.452058969999999692e-03 0.000000000000000000e+00 0.000000000000000000e+00
2.051459998000000062e-01 -6.484677791199999937e-03 0.000000000000000000e+00 0.000000000000000000e+00
1.989572494999999885e-01 -6.513328732399999675e-03 0.000000000000000000e+00 0.000000000000000000e+00
1.927684843999999953e-01 -6.537666321199999894e-03 0.000000000000000000e+00 0.000000000000000000e+00
1.865797341000000054e-01 -6.557285011200000499e-03 0.000000000000000000e+00 0.000000000000000000e+00
1.803909837999999877e-01 -6.571208893200000331e-03 0.000000000000000000e+00 0.000000000000000000e+00
1.742022186999999944e-01 -6.579132974400000479e-03 0.000000000000000000e+00 0.000000000000000000e+00
1.680134684000000045e-01 -6.580613314800000217e-03 0.000000000000000000e+00 0.000000000000000000e+00
1.618247032000000030e-01 -6.575020729199999858e-03 0.000000000000000000e+00 0.000000000000000000e+00
1.556359529000000130e-01 -6.561737716800000210e-03 0.000000000000000000e+00 0.000000000000000000e+00
1.494471877999999920e-01 -6.539523841200000492e-03 0.000000000000000000e+00 0.000000000000000000e+00
1.432584375000000021e-01 -6.507729888800000036e-03 0.000000000000000000e+00 0.000000000000000000e+00
1.370696723000000006e-01 -6.465873540000000030e-03 0.000000000000000000e+00 0.000000000000000000e+00
1.308809220999999912e-01 -6.412781535999999803e-03 0.000000000000000000e+00 0.000000000000000000e+00
1.246921643999999996e-01 -6.345852018799999668e-03 0.000000000000000000e+00 0.000000000000000000e+00
1.185034065999999997e-01 -6.264680265200000750e-03 0.000000000000000000e+00 0.000000000000000000e+00
1.123146488999999942e-01 -6.169131516799999937e-03 0.000000000000000000e+00 0.000000000000000000e+00
1.061258912000000026e-01 -6.056299745999999852e-03 0.000000000000000000e+00 0.000000000000000000e+00
9.993714094000000214e-02 -5.923896848800000448e-03 0.000000000000000000e+00 0.000000000000000000e+00
9.374838321999999502e-02 -5.772821129600000031e-03 0.000000000000000000e+00 0.000000000000000000e+00
8.755962551000000260e-02 -5.596983492800000279e-03 0.000000000000000000e+00 0.000000000000000000e+00
8.137086778999999548e-02 -5.398006557999999837e-03 0.000000000000000000e+00 0.000000000000000000e+00
7.518211007000000223e-02 -5.171670019600000182e-03 0.000000000000000000e+00 0.000000000000000000e+00
6.899335234999999511e-02 -4.915565191599999967e-03 0.000000000000000000e+00 0.000000000000000000e+00
6.280459464000000269e-02 -4.628456652399999885e-03 0.000000000000000000e+00 0.000000000000000000e+00
5.661583692000000251e-02 -4.308175622800000833e-03 0.000000000000000000e+00 0.000000000000000000e+00
5.042708292999999869e-02 -3.952451109600000137e-03 0.000000000000000000e+00 0.000000000000000000e+00
4.423832520999999851e-02 -3.560290098399999763e-03 0.000000000000000000e+00 0.000000000000000000e+00
3.804956748999999833e-02 -3.131612478399999934e-03 0.000000000000000000e+00 0.000000000000000000e+00
3.186080976999999814e-02 -2.667407721159999884e-03 0.000000000000000000e+00 0.000000000000000000e+00
2.567205392000000003e-02 -2.172816336039999803e-03 0.000000000000000000e+00 0.000000000000000000e+00
1.948329619999999984e-02 -1.651533231040000016e-03 0.000000000000000000e+00 0.000000000000000000e+00
1.329454034999999999e-02 -1.117307052120000048e-03 0.000000000000000000e+00 0.000000000000000000e+00
7.105783093999999689e-03 -5.843748153599999211e-04 0.000000000000000000e+00 0.000000000000000000e+00
9.170261327999999854e-04 -7.240806241199999503e-05 0.000000000000000000e+00 0.000000000000000000e+00
