3.033407927E+00	2.324022353E-02	0	0
3.027219296E+00	1.133741364E-01	0	0
3.021030426E+00	2.027917802E-01	0	0
3.014841557E+00	2.905267477E-01	0	0
3.008652925E+00	3.749457598E-01	0	0
3.002464056E+00	4.545964003E-01	0	0
2.996275425E+00	5.279296041E-01	0	0
2.990086555E+00	5.944822431E-01	0	0
2.983897924E+00	6.542264819E-01	0	0
2.977709055E+00	7.067966461E-01	0	0
2.971520424E+00	7.531322837E-01	0	0
2.965331554E+00	7.936678529E-01	0	0
2.959142923E+00	8.286607862E-01	0	0
2.952954054E+00	8.593786359E-01	0	0
2.946765423E+00	8.862044215E-01	0	0
2.940576553E+00	9.093099236E-01	0	0
2.934387922E+00	9.296232462E-01	0	0
2.928199053E+00	9.475176334E-01	0	0
2.922010422E+00	9.633334279E-01	0	0
2.915821552E+00	9.773429036E-01	0	0
2.909632683E+00	9.897592664E-01	0	0
2.903444052E+00	1.000809550E+00	0	0
2.897255182E+00	1.010779142E+00	0	0
2.891066551E+00	1.019805789E+00	0	0
2.884877682E+00	1.028000951E+00	0	0
2.878689051E+00	1.035438538E+00	0	0
2.872500181E+00	1.042211175E+00	0	0
2.866311550E+00	1.048432350E+00	0	0
2.860122681E+00	1.054161072E+00	0	0
2.853934050E+00	1.059460759E+00	0	0
2.847745180E+00	1.064374566E+00	0	0
2.841556549E+00	1.068945169E+00	0	0
2.835367680E+00	1.073192477E+00	0	0
2.829179049E+00	1.077159286E+00	0	0
2.822990179E+00	1.080888867E+00	0	0
2.816801548E+00	1.084406018E+00	0	0
2.810612679E+00	1.087729573E+00	0	0
2.804423809E+00	1.090877891E+00	0	0
2.798235178E+00	1.093824983E+00	0	0
2.792046309E+00	1.096620917E+00	0	0
2.785857677E+00	1.099295497E+00	0	0
2.779668808E+00	1.101861596E+00	0	0
2.773480177E+00	1.104271054E+00	0	0
2.767291307E+00	1.106583357E+00	0	0
2.761102676E+00	1.108812213E+00	0	0
2.754913807E+00	1.110915899E+00	0	0
2.748725176E+00	1.112933040E+00	0	0
2.742536306E+00	1.114897013E+00	0	0
2.736347675E+00	1.116728902E+00	0	0
2.730158806E+00	1.118517756E+00	0	0
2.723970175E+00	1.120204210E+00	0	0
2.717781305E+00	1.121840835E+00	0	0
2.711592674E+00	1.123399377E+00	0	0
2.705403805E+00	1.124915123E+00	0	0
2.699215174E+00	1.126342773E+00	0	0
2.693026304E+00	1.127760172E+00	0	0
2.686837435E+00	1.129050255E+00	0	0
2.680648804E+00	1.130341530E+00	0	0
2.674459934E+00	1.131546021E+00	0	0
2.668271303E+00	1.132707477E+00	0	0
2.662082434E+00	1.133857012E+00	0	0
2.655893803E+00	1.134873152E+00	0	0
2.649704933E+00	1.135889530E+00	0	0
2.643516302E+00	1.136868954E+00	0	0
2.637327433E+00	1.137746453E+00	0	0
2.631138802E+00	1.138619900E+00	0	0
2.624949932E+00	1.139454126E+00	0	0
2.618761301E+00	1.140186310E+00	0	0
2.612572432E+00	1.140911818E+00	0	0
2.606383801E+00	1.141623974E+00	0	0
2.600194931E+00	1.142214179E+00	0	0
2.594006300E+00	1.142798543E+00	0	0
2.587817430E+00	1.143385649E+00	0	0
2.581628561E+00	1.143857956E+00	0	0
2.575439930E+00	1.144296646E+00	0	0
2.569251060E+00	1.144735336E+00	0	0
2.563062429E+00	1.145137906E+00	0	0
2.556873560E+00	1.145448804E+00	0	0
2.550684929E+00	1.145760059E+00	0	0
2.544496059E+00	1.146071434E+00	0	0
2.538307428E+00	1.146305919E+00	0	0
2.532118559E+00	1.146498084E+00	0	0
2.525929928E+00	1.146690249E+00	0	0
2.519741058E+00	1.146877289E+00	0	0
2.513552427E+00	1.146977186E+00	0	0
2.507363558E+00	1.147050023E+00	0	0
2.501174927E+00	1.147124052E+00	0	0
2.494986057E+00	1.147193193E+00	0	0
2.488797426E+00	1.147182822E+00	0	0
2.482608557E+00	1.147142887E+00	0	0
2.476419926E+00	1.147101879E+00	0	0
2.470231056E+00	1.147060394E+00	0	0
2.464042187E+00	1.146960020E+00	0	0
2.457853556E+00	1.146815538E+00	0	0
2.451664686E+00	1.146666288E+00	0	0
2.445476055E+00	1.146518826E+00	0	0
2.439287186E+00	1.146342516E+00	0	0
2.433098555E+00	1.146090150E+00	0	0
2.426909685E+00	1.145834446E+00	0	0
2.420721054E+00	1.145578742E+00	0	0
2.414532185E+00	1.145323634E+00	0	0
2.408343554E+00	1.144976497E+00	0	0
2.402154684E+00	1.144614339E+00	0	0
2.395966053E+00	1.144251227E+00	0	0
2.389777184E+00	1.143888116E+00	0	0
2.383588552E+00	1.143472552E+00	0	0
2.377399683E+00	1.143005729E+00	0	0
2.371211052E+00	1.142540932E+00	0	0
2.365022182E+00	1.142074227E+00	0	0
2.358833313E+00	1.141601562E+00	0	0
2.352644682E+00	1.141046643E+00	0	0
2.346455812E+00	1.140485168E+00	0	0
2.340267181E+00	1.139924049E+00	0	0
2.334078312E+00	1.139361024E+00	0	0
2.327889681E+00	1.138768315E+00	0	0
2.321700811E+00	1.138125896E+00	0	0
2.315512180E+00	1.137479067E+00	0	0
2.309323311E+00	1.136830926E+00	0	0
2.303134680E+00	1.136186361E+00	0	0
2.296945810E+00	1.135486603E+00	0	0
2.290757179E+00	1.134769678E+00	0	0
2.284568310E+00	1.134052634E+00	0	0
2.278379679E+00	1.133335590E+00	0	0
2.272190809E+00	1.132602215E+00	0	0
2.266002178E+00	1.131826639E+00	0	0
2.259813309E+00	1.131051183E+00	0	0
2.253624439E+00	1.130275607E+00	0	0
2.247435808E+00	1.129498363E+00	0	0
2.241246939E+00	1.128680110E+00	0	0
2.235058308E+00	1.127851486E+00	0	0
2.228869438E+00	1.127023816E+00	0	0
2.222680807E+00	1.126193285E+00	0	0
2.216491938E+00	1.125348210E+00	0	0
2.210303307E+00	1.124476910E+00	0	0
2.204114437E+00	1.123605371E+00	0	0
2.197925806E+00	1.122733951E+00	0	0
2.191736937E+00	1.121861815E+00	0	0
2.185548306E+00	1.120965838E+00	0	0
2.179359436E+00	1.120070815E+00	0	0
2.173170805E+00	1.119175911E+00	0	0
2.166981936E+00	1.118280649E+00	0	0
2.160793304E+00	1.117371678E+00	0	0
2.154604435E+00	1.116459966E+00	0	0
2.148415804E+00	1.115543485E+00	0	0
2.142226934E+00	1.114623189E+00	0	0
2.136038065E+00	1.113695979E+00	0	0
2.129849434E+00	1.112751603E+00	0	0
2.123660564E+00	1.111808062E+00	0	0
2.117471933E+00	1.110864401E+00	0	0
2.111283064E+00	1.109918714E+00	0	0
2.105094433E+00	1.108960390E+00	0	0
2.098905563E+00	1.107979536E+00	0	0
2.092716932E+00	1.106998563E+00	0	0
2.086528063E+00	1.106016517E+00	0	0
2.080339432E+00	1.105034828E+00	0	0
2.074150562E+00	1.104040265E+00	0	0
2.067961931E+00	1.103021026E+00	0	0
2.061773062E+00	1.101998806E+00	0	0
2.055584431E+00	1.100976706E+00	0	0
2.049395561E+00	1.099954486E+00	0	0
2.043206930E+00	1.098926067E+00	0	0
2.037018061E+00	1.097883105E+00	0	0
2.030829191E+00	1.096843719E+00	0	0
2.024640560E+00	1.095804334E+00	0	0
2.018451691E+00	1.094765425E+00	0	0
2.012263060E+00	1.093730927E+00	0	0
2.006074190E+00	1.092708349E+00	0	0
1.999885559E+00	1.091685534E+00	0	0
1.993696809E+00	1.090661764E+00	0	0
1.987508059E+00	1.089640737E+00	0	0
1.981319308E+00	1.088619709E+00	0	0
1.975130439E+00	1.087604761E+00	0	0
1.968941689E+00	1.086590886E+00	0	0
1.962752938E+00	1.085578918E+00	0	0
1.956564188E+00	1.084566832E+00	0	0
1.950375438E+00	1.083554149E+00	0	0
1.944186687E+00	1.082530975E+00	0	0
1.937997937E+00	1.081500292E+00	0	0
1.931809187E+00	1.080461144E+00	0	0
1.925620437E+00	1.079417467E+00	0	0
1.919431686E+00	1.078373909E+00	0	0
1.913242936E+00	1.077326059E+00	0	0
1.907054186E+00	1.076264739E+00	0	0
1.900865436E+00	1.075203300E+00	0	0
1.894676685E+00	1.074141622E+00	0	0
1.888487935E+00	1.073080659E+00	0	0
1.882299185E+00	1.072019696E+00	0	0
1.876110435E+00	1.070948720E+00	0	0
1.869921684E+00	1.069875479E+00	0	0
1.863732815E+00	1.068802714E+00	0	0
1.857544065E+00	1.067730069E+00	0	0
1.851355314E+00	1.066657305E+00	0	0
1.845166564E+00	1.065581918E+00	0	0
1.838977814E+00	1.064500690E+00	0	0
1.832789063E+00	1.063427806E+00	0	0
1.826600313E+00	1.062361240E+00	0	0
1.820411563E+00	1.061294675E+00	0	0
1.814222813E+00	1.060228109E+00	0	0
1.808034062E+00	1.059145570E+00	0	0
1.801845312E+00	1.058057547E+00	0	0
1.795656562E+00	1.056969762E+00	0	0
1.789467812E+00	1.055881500E+00	0	0
1.783279061E+00	1.054792881E+00	0	0
1.777090311E+00	1.053701878E+00	0	0
1.770901561E+00	1.052591562E+00	0	0
1.764712811E+00	1.051481962E+00	0	0
1.758524060E+00	1.050372958E+00	0	0
1.752335191E+00	1.049263954E+00	0	0
1.746146441E+00	1.048154950E+00	0	0
1.739957690E+00	1.047046781E+00	0	0
1.733768940E+00	1.045930505E+00	0	0
1.727580190E+00	1.044814110E+00	0	0
1.721391439E+00	1.043697715E+00	0	0
1.715202689E+00	1.042581677E+00	0	0
1.709013939E+00	1.041467309E+00	0	0
1.702825189E+00	1.040351987E+00	0	0
1.696636438E+00	1.039235950E+00	0	0
1.690447688E+00	1.038120031E+00	0	0
1.684258938E+00	1.037004590E+00	0	0
1.678070188E+00	1.035888910E+00	0	0
1.671881437E+00	1.034773350E+00	0	0
1.665692687E+00	1.033651114E+00	0	0
1.659503937E+00	1.032526851E+00	0	0
1.653315187E+00	1.031402349E+00	0	0
1.647126317E+00	1.030280590E+00	0	0
1.640937567E+00	1.029163957E+00	0	0
1.634748816E+00	1.028046370E+00	0	0
1.628560066E+00	1.026921630E+00	0	0
1.622371316E+00	1.025796413E+00	0	0
1.616182566E+00	1.024675369E+00	0	0
1.609993815E+00	1.023550153E+00	0	0
1.603805065E+00	1.022417784E+00	0	0
1.597616315E+00	1.021285415E+00	0	0
1.591427565E+00	1.020105839E+00	0	0
1.585238814E+00	1.018916607E+00	0	0
1.579050064E+00	1.017708540E+00	0	0
1.572861314E+00	1.016500473E+00	0	0
1.566672564E+00	1.015292525E+00	0	0
1.560483813E+00	1.014083862E+00	0	0
1.554295063E+00	1.012751698E+00	0	0
1.548106313E+00	1.011398196E+00	0	0
1.541917562E+00	1.010044694E+00	0	0
1.535728693E+00	1.008691192E+00	0	0
1.529539943E+00	1.007319331E+00	0	0
1.523351192E+00	1.005936146E+00	0	0
1.517162442E+00	1.004436731E+00	0	0
1.510973692E+00	1.002882123E+00	0	0
1.504784942E+00	1.001312733E+00	0	0
1.498596191E+00	9.997169971E-01	0	0
1.492407441E+00	9.981212616E-01	0	0
1.486218691E+00	9.965334535E-01	0	0
1.480029941E+00	9.948423505E-01	0	0
1.473841190E+00	9.929753542E-01	0	0
1.467652440E+00	9.910933971E-01	0	0
1.461463690E+00	9.892114997E-01	0	0
1.455274940E+00	9.873296022E-01	0	0
1.449086189E+00	9.853908420E-01	0	0
1.442897439E+00	9.833518267E-01	0	0
1.436708689E+00	9.810147285E-01	0	0
1.430519938E+00	9.786776900E-01	0	0
1.424331069E+00	9.762910008E-01	0	0
1.418142319E+00	9.738600850E-01	0	0
1.411953568E+00	9.714556336E-01	0	0
1.405764818E+00	9.690582752E-01	0	0
1.399576068E+00	9.661146402E-01	0	0
1.393387318E+00	9.630321264E-01	0	0
1.387198567E+00	9.599686265E-01	0	0
1.381009817E+00	9.569082856E-01	0	0
1.374821067E+00	9.538479447E-01	0	0
1.368632317E+00	9.506897926E-01	0	0
1.362443566E+00	9.471166134E-01	0	0
1.356254816E+00	9.432126880E-01	0	0
1.350066066E+00	9.393087626E-01	0	0
1.343877316E+00	9.353275299E-01	0	0
1.337688565E+00	9.313231707E-01	0	0
1.331499815E+00	9.273433089E-01	0	0
1.325311065E+00	9.232554436E-01	0	0
1.319122314E+00	9.184406996E-01	0	0
1.312933445E+00	9.135590792E-01	0	0
1.306744695E+00	9.085773230E-01	0	0
1.300555944E+00	9.035859704E-01	0	0
1.294367194E+00	8.985824585E-01	0	0
1.288178444E+00	8.934587836E-01	0	0
1.281989694E+00	8.877812624E-01	0	0
1.275800943E+00	8.818066716E-01	0	0
1.269612193E+00	8.758321404E-01	0	0
1.263423443E+00	8.697569966E-01	0	0
1.257234693E+00	8.636569977E-01	0	0
1.251045942E+00	8.575951457E-01	0	0
1.244857192E+00	8.514453769E-01	0	0
1.238668442E+00	8.444176912E-01	0	0
1.232479692E+00	8.373747468E-01	0	0
1.226290941E+00	8.304078579E-01	0	0
1.220102191E+00	8.234409094E-01	0	0
1.213913441E+00	8.164593577E-01	0	0
1.207724690E+00	8.094158769E-01	0	0
1.201535821E+00	8.019695878E-01	0	0
1.195347071E+00	7.941092849E-01	0	0
1.189158320E+00	7.862485647E-01	0	0
1.182969570E+00	7.783409357E-01	0	0
1.176780820E+00	7.704333067E-01	0	0
1.170592070E+00	7.625330091E-01	0	0
1.164403319E+00	7.544408441E-01	0	0
1.158214569E+00	7.458119392E-01	0	0
1.152025819E+00	7.370641232E-01	0	0
1.145837069E+00	7.283163071E-01	0	0
1.139648318E+00	7.195673585E-01	0	0
1.133459568E+00	7.108076811E-01	0	0
1.127270818E+00	7.017557621E-01	0	0
1.121082067E+00	6.925448179E-01	0	0
1.114893317E+00	6.833391190E-01	0	0
1.108704567E+00	6.741437316E-01	0	0
1.102515817E+00	6.649438143E-01	0	0
1.096327066E+00	6.556630731E-01	0	0
1.090138197E+00	6.460911632E-01	0	0
1.083949447E+00	6.366350055E-01	0	0
1.077760696E+00	6.273450851E-01	0	0
1.071571946E+00	6.180567145E-01	0	0
1.065383196E+00	6.088233590E-01	0	0
1.059194446E+00	5.993329883E-01	0	0
1.053005695E+00	5.898322463E-01	0	0
1.046816945E+00	5.803568363E-01	0	0
1.040628195E+00	5.708955526E-01	0	0
1.034439445E+00	5.614342690E-01	0	0
1.028250694E+00	5.518354177E-01	0	0
1.022061944E+00	5.423095822E-01	0	0
1.015873194E+00	5.327837467E-01	0	0
1.009684443E+00	5.228988528E-01	0	0
1.003495693E+00	5.130588412E-01	0	0
9.973068833E-01	5.031799674E-01	0	0
9.911181331E-01	4.932828248E-01	0	0
9.849293828E-01	4.833948612E-01	0	0
9.787406325E-01	4.735642672E-01	0	0
9.725518823E-01	4.637334645E-01	0	0
9.663631320E-01	4.539034069E-01	0	0
9.601743817E-01	4.441488981E-01	0	0
9.539855719E-01	4.343944192E-01	0	0
9.477968216E-01	4.246399105E-01	0	0
9.416080713E-01	4.152560830E-01	0	0
9.354193211E-01	4.059057534E-01	0	0
9.292305708E-01	3.965553939E-01	0	0
9.230418205E-01	3.872528374E-01	0	0
9.168530703E-01	3.780594170E-01	0	0
9.106643200E-01	3.690028787E-01	0	0
9.044755697E-01	3.599892259E-01	0	0
8.982867599E-01	3.509843946E-01	0	0
8.920980096E-01	3.420104384E-01	0	0
8.859092593E-01	3.332562745E-01	0	0
8.797205091E-01	3.245079815E-01	0	0
8.735317588E-01	3.157428801E-01	0	0
8.673430085E-01	3.070560396E-01	0	0
8.611542583E-01	2.985031605E-01	0	0
8.549655080E-01	2.899275124E-01	0	0
8.487767577E-01	2.814096808E-01	0	0
8.425879478E-01	2.729406059E-01	0	0
8.363991976E-01	2.645694911E-01	0	0
8.302104473E-01	2.562476099E-01	0	0
8.240216970E-01	2.479257286E-01	0	0
8.178329468E-01	2.397061139E-01	0	0
8.116441965E-01	2.315002084E-01	0	0
8.054554462E-01	2.232949287E-01	0	0
7.992666960E-01	2.151613683E-01	0	0
7.930779457E-01	2.071478665E-01	0	0
7.868891358E-01	1.991440803E-01	0	0
7.807003856E-01	1.911492050E-01	0	0
7.745116353E-01	1.832379401E-01	0	0
7.683228850E-01	1.753706038E-01	0	0
7.621341348E-01	1.675038338E-01	0	0
7.559453845E-01	1.597349793E-01	0	0
7.497566342E-01	1.520820558E-01	0	0
7.435678840E-01	1.444317847E-01	0	0
7.373790741E-01	1.368560344E-01	0	0
7.311903238E-01	1.294550747E-01	0	0
7.250015736E-01	1.220601201E-01	0	0
7.188128233E-01	1.147117242E-01	0	0
7.126240730E-01	1.075791791E-01	0	0
7.064353228E-01	1.004487276E-01	0	0
7.002465725E-01	9.333391488E-02	0	0
6.940578222E-01	8.637130260E-02	0	0
6.878690720E-01	7.940613478E-02	0	0
6.816802621E-01	7.252141833E-02	0	0
6.754915118E-01	6.577053666E-02	0	0
6.693027616E-01	5.901347101E-02	0	0
6.631140113E-01	5.238952860E-02	0	0
6.569252610E-01	4.580759257E-02	0	0
6.507365108E-01	3.924246505E-02	0	0
6.445477605E-01	3.294127062E-02	0	0
6.383590102E-01	2.666349895E-02	0	0
6.321702600E-01	2.049458958E-02	0	0
6.259814501E-01	1.441938523E-02	0	0
6.197926998E-01	8.376801386E-03	0	0
6.136039495E-01	2.519567497E-03	0	0
6.074151993E-01	-3.349106992E-03	0	0
6.012264490E-01	-9.027343243E-03	0	0
5.950376987E-01	-1.479522884E-02	0	0
5.888489485E-01	-2.050520852E-02	0	0
5.826601982E-01	-2.611678280E-02	0	0
5.764714479E-01	-3.164681420E-02	0	0
5.702826381E-01	-3.705906123E-02	0	0
5.640938878E-01	-4.237988591E-02	0	0
5.579051375E-01	-4.759662971E-02	0	0
5.517163873E-01	-5.271530896E-02	0	0
5.455276370E-01	-5.761338398E-02	0	0
5.393388867E-01	-6.242598593E-02	0	0
5.331501365E-01	-6.710755825E-02	0	0
5.269613862E-01	-7.175727934E-02	0	0
5.207726359E-01	-7.632254809E-02	0	0
5.145838261E-01	-8.081250638E-02	0	0
5.083950758E-01	-8.523624390E-02	0	0
5.022063255E-01	-8.967487514E-02	0	0
4.960175753E-01	-9.402940422E-02	0	0
4.898288250E-01	-9.840403497E-02	0	0
4.836400747E-01	-1.026347652E-01	0	0
4.774513245E-01	-1.068900600E-01	0	0
4.712625444E-01	-1.110093892E-01	0	0
4.650737941E-01	-1.151400879E-01	0	0
4.588850439E-01	-1.191239059E-01	0	0
4.526962936E-01	-1.230115891E-01	0	0
4.465075135E-01	-1.268824488E-01	0	0
4.403187633E-01	-1.306226999E-01	0	0
4.341300130E-01	-1.343782395E-01	0	0
4.279412627E-01	-1.379490197E-01	0	0
4.217525125E-01	-1.415535063E-01	0	0
4.155637324E-01	-1.450387686E-01	0	0
4.093749821E-01	-1.484691650E-01	0	0
4.031862319E-01	-1.518591791E-01	0	0
3.969974816E-01	-1.551777869E-01	0	0
3.908087015E-01	-1.584698707E-01	0	0
3.846199512E-01	-1.616802365E-01	0	0
3.784312010E-01	-1.649240106E-01	0	0
3.722424507E-01	-1.680562794E-01	0	0
3.660537004E-01	-1.712082028E-01	0	0
3.598649204E-01	-1.742646992E-01	0	0
3.536761701E-01	-1.773471981E-01	0	0
3.474874198E-01	-1.803234518E-01	0	0
3.412986696E-01	-1.832251102E-01	0	0
3.351098895E-01	-1.861190200E-01	0	0
3.289211392E-01	-1.889553070E-01	0	0
3.227323890E-01	-1.917331964E-01	0	0
3.165436387E-01	-1.944783032E-01	0	0
3.103548884E-01	-1.971917897E-01	0	0
3.041661084E-01	-1.998018920E-01	0	0
2.979773581E-01	-2.024012208E-01	0	0
2.917886078E-01	-2.049684972E-01	0	0
2.855998576E-01	-2.074327171E-01	0	0
2.794110775E-01	-2.098331898E-01	0	0
2.732223272E-01	-2.120955288E-01	0	0
2.670335770E-01	-2.143396437E-01	0	0
2.608448267E-01	-2.164891064E-01	0	0
2.546560466E-01	-2.185326666E-01	0	0
2.484673113E-01	-2.205478102E-01	0	0
2.422785461E-01	-2.224369645E-01	0	0
2.360897958E-01	-2.242402881E-01	0	0
2.299010307E-01	-2.259628922E-01	0	0
2.237122804E-01	-2.275817990E-01	0	0
2.175235152E-01	-2.290893793E-01	0	0
2.113347650E-01	-2.304306775E-01	0	0
2.051459998E-01	-2.315956354E-01	0	0
1.989572495E-01	-2.326188833E-01	0	0
1.927684844E-01	-2.334880829E-01	0	0
1.865797341E-01	-2.341887504E-01	0	0
1.803909838E-01	-2.346860319E-01	0	0
1.742022187E-01	-2.349690348E-01	0	0
1.680134684E-01	-2.350219041E-01	0	0
1.618247032E-01	-2.348221689E-01	0	0
1.556359529E-01	-2.343477756E-01	0	0
1.494471878E-01	-2.335544229E-01	0	0
1.432584375E-01	-2.324189246E-01	0	0
1.370696723E-01	-2.309240550E-01	0	0
1.308809221E-01	-2.290279120E-01	0	0
1.246921644E-01	-2.266375721E-01	0	0
1.185034066E-01	-2.237385809E-01	0	0
1.123146489E-01	-2.203261256E-01	0	0
1.061258912E-01	-2.162964195E-01	0	0
9.993714094E-02	-2.115677446E-01	0	0
9.374838322E-02	-2.061721832E-01	0	0
8.755962551E-02	-1.998922676E-01	0	0
8.137086779E-02	-1.927859485E-01	0	0
7.518211007E-02	-1.847025007E-01	0	0
6.899335235E-02	-1.755558997E-01	0	0
6.280459464E-02	-1.653020233E-01	0	0
5.661583692E-02	-1.538634151E-01	0	0
5.042708293E-02	-1.411589682E-01	0	0
4.423832521E-02	-1.271532178E-01	0	0
3.804956749E-02	-1.118433028E-01	0	0
3.186080977E-02	-9.526456147E-02	0	0
2.567205392E-02	-7.760058343E-02	0	0
1.948329620E-02	-5.898332968E-02	0	0
1.329454035E-02	-3.990382329E-02	0	0
7.105783094E-03	-2.087052912E-02	0	0
9.170261328E-04	-2.586002229E-03	0	0
