3.033407926999999837e+00 4.735578596000000599e-04 0.000000000000000000e+00 0.000000000000000000e+00
3.027219296000000170e+00 2.372842818359999998e-03 0.000000000000000000e+00 0.000000000000000000e+00
3.021030425999999824e+00 4.327925742000000332e-03 0.000000000000000000e+00 0.000000000000000000e+00
3.014841557000000005e+00 6.313663364400000366e-03 0.000000000000000000e+00 0.000000000000000000e+00
3.008652924999999811e+00 8.293999909999998782e-03 0.000000000000000000e+00 0.000000000000000000e+00
3.002464055999999992e+00 1.022796607000000038e-02 0.000000000000000000e+00 0.000000000000000000e+00
2.996275424999999881e+00 1.208106171999999943e-02 0.000000000000000000e+00 0.000000000000000000e+00
2.990086554999999979e+00 1.382675087360000013e-02 0.000000000000000000e+00 0.000000000000000000e+00
2.983897923999999868e+00 1.544155502400000081e-02 0.000000000000000000e+00 0.000000000000000000e+00
2.977709055000000049e+00 1.692250347200000005e-02 0.000000000000000000e+00 0.000000000000000000e+00
2.971520423999999938e+00 1.827193355679999909e-02 0.000000000000000000e+00 0.000000000000000000e+00
2.965331554000000036e+00 1.947922587520000207e-02 0.000000000000000000e+00 0.000000000000000000e+00
2.959142922999999925e+00 2.056938433759999962e-02 0.000000000000000000e+00 0.000000000000000000e+00
2.952954054000000106e+00 2.154967212720000289e-02 0.000000000000000000e+00 0.000000000000000000e+00
2.946765422999999995e+00 2.241559815319999968e-02 0.000000000000000000e+00 0.000000000000000000e+00
2.940576553000000093e+00 2.319144201360000268e-02 0.000000000000000000e+00 0.000000000000000000e+00
2.934387921999999982e+00 2.388674998360000232e-02 0.000000000000000000e+00 0.000000000000000000e+00
2.928199053000000163e+00 2.450939941520000054e-02 0.000000000000000000e+00 0.000000000000000000e+00
2.922010422000000052e+00 2.506790518680000052e-02 0.000000000000000000e+00 0.000000000000000000e+00
2.915821552000000150e+00 2.556870770440000315e-02 0.000000000000000000e+00 0.000000000000000000e+00
2.909632682999999886e+00 2.601879143639999892e-02 0.000000000000000000e+00 0.000000000000000000e+00
2.903444052000000219e+00 2.642388748999999898e-02 0.000000000000000000e+00 0.000000000000000000e+00
2.897255181999999873e+00 2.678935980839999842e-02 0.000000000000000000e+00 0.000000000000000000e+00
2.891066551000000207e+00 2.712012171679999833e-02 0.000000000000000000e+00 0.000000000000000000e+00
2.884877681999999943e+00 2.741978311520000197e-02 0.000000000000000000e+00 0.000000000000000000e+00
2.878689050999999832e+00 2.769262313720000090e-02 0.000000000000000000e+00 0.000000000000000000e+00
2.872500180999999930e+00 2.794162583240000081e-02 0.000000000000000000e+00 0.000000000000000000e+00
2.866311549999999819e+00 2.816963004800000087e-02 0.000000000000000000e+00 0.000000000000000000e+00
2.860122681000000000e+00 2.837928771999999669e-02 0.000000000000000000e+00 0.000000000000000000e+00
2.853934049999999889e+00 2.857266997199999631e-02 0.000000000000000000e+00 0.000000000000000000e+00
2.847745179999999987e+00 2.875176620400000244e-02 0.000000000000000000e+00 0.000000000000000000e+00
2.841556548999999876e+00 2.891509104400000196e-02 0.000000000000000000e+00 0.000000000000000000e+00
2.835367680000000057e+00 2.906617593599999938e-02 0.000000000000000000e+00 0.000000000000000000e+00
2.829179048999999946e+00 2.920749426000000121e-02 0.000000000000000000e+00 0.000000000000000000e+00
2.822990179000000044e+00 2.934009741600000082e-02 0.000000000000000000e+00 0.000000000000000000e+00
2.816801547999999933e+00 2.946207952800000002e-02 0.000000000000000000e+00 0.000000000000000000e+00
2.810612679000000114e+00 2.957588051599999851e-02 0.000000000000000000e+00 0.000000000000000000e+00
2.804423809000000212e+00 2.968375681599999885e-02 0.000000000000000000e+00 0.000000000000000000e+00
2.798235178000000101e+00 2.978461026800000369e-02 0.000000000000000000e+00 0.000000000000000000e+00
2.792046308999999837e+00 2.987809706000000079e-02 0.000000000000000000e+00 0.000000000000000000e+00
2.785857677000000088e+00 2.996761179999999844e-02 0.000000000000000000e+00 0.000000000000000000e+00
2.779668807999999824e+00 3.005158567600000469e-02 0.000000000000000000e+00 0.000000000000000000e+00
2.773480177000000158e+00 3.013023901999999782e-02 0.000000000000000000e+00 0.000000000000000000e+00
2.767291306999999811e+00 3.020618535200000204e-02 0.000000000000000000e+00 0.000000000000000000e+00
2.761102676000000145e+00 3.027637051600000351e-02 0.000000000000000000e+00 0.000000000000000000e+00
2.754913806999999881e+00 3.034379529999999686e-02 0.000000000000000000e+00 0.000000000000000000e+00
2.748725176000000214e+00 3.040807915599999869e-02 0.000000000000000000e+00 0.000000000000000000e+00
2.742536305999999868e+00 3.046830416000000097e-02 0.000000000000000000e+00 0.000000000000000000e+00
2.736347675000000201e+00 3.052725743200000036e-02 0.000000000000000000e+00 0.000000000000000000e+00
2.730158805999999938e+00 3.058111047599999799e-02 0.000000000000000000e+00 0.000000000000000000e+00
2.723970174999999827e+00 3.063407897199999994e-02 0.000000000000000000e+00 0.000000000000000000e+00
2.717781304999999925e+00 3.068309210400000167e-02 0.000000000000000000e+00 0.000000000000000000e+00
2.711592673999999814e+00 3.073077011200000402e-02 0.000000000000000000e+00 0.000000000000000000e+00
2.705403804999999995e+00 3.077540732000000334e-02 0.000000000000000000e+00 0.000000000000000000e+00
2.699215173999999884e+00 3.081852244799999918e-02 0.000000000000000000e+00 0.000000000000000000e+00
2.693026303999999982e+00 3.085910416400000286e-02 0.000000000000000000e+00 0.000000000000000000e+00
2.686837435000000163e+00 3.089801024800000254e-02 0.000000000000000000e+00 0.000000000000000000e+00
2.680648804000000052e+00 3.093488025600000385e-02 0.000000000000000000e+00 0.000000000000000000e+00
2.674459934000000150e+00 3.097001124000000466e-02 0.000000000000000000e+00 0.000000000000000000e+00
2.668271303000000039e+00 3.100319958400000325e-02 0.000000000000000000e+00 0.000000000000000000e+00
2.662082434000000219e+00 3.103523970399999984e-02 0.000000000000000000e+00 0.000000000000000000e+00
2.655893803000000108e+00 3.106462956799999758e-02 0.000000000000000000e+00 0.000000000000000000e+00
2.649704933000000207e+00 3.109402276400000109e-02 0.000000000000000000e+00 0.000000000000000000e+00
2.643516302000000096e+00 3.111984444800000235e-02 0.000000000000000000e+00 0.000000000000000000e+00
2.637327432999999832e+00 3.114544249600000037e-02 0.000000000000000000e+00 0.000000000000000000e+00
2.631138802000000165e+00 3.116961861999999889e-02 0.000000000000000000e+00 0.000000000000000000e+00
2.624949931999999819e+00 3.119131803199999900e-02 0.000000000000000000e+00 0.000000000000000000e+00
2.618761301000000152e+00 3.121301411200000375e-02 0.000000000000000000e+00 0.000000000000000000e+00
2.612572431999999889e+00 3.123253727999999660e-02 0.000000000000000000e+00 0.000000000000000000e+00
2.606383800999999778e+00 3.125047158799999780e-02 0.000000000000000000e+00 0.000000000000000000e+00
2.600194930999999876e+00 3.126841925200000288e-02 0.000000000000000000e+00 0.000000000000000000e+00
2.594006300000000209e+00 3.128433753200000195e-02 0.000000000000000000e+00 0.000000000000000000e+00
2.587817429999999863e+00 3.129874372799999749e-02 0.000000000000000000e+00 0.000000000000000000e+00
2.581628561000000044e+00 3.131315661599999578e-02 0.000000000000000000e+00 0.000000000000000000e+00
2.575439929999999933e+00 3.132629777200000160e-02 0.000000000000000000e+00 0.000000000000000000e+00
2.569251060000000031e+00 3.133695888399999629e-02 0.000000000000000000e+00 0.000000000000000000e+00
2.563062428999999920e+00 3.134759331200000221e-02 0.000000000000000000e+00 0.000000000000000000e+00
2.556873560000000101e+00 3.135827447200000007e-02 0.000000000000000000e+00 0.000000000000000000e+00
2.550684928999999990e+00 3.136577796799999707e-02 0.000000000000000000e+00 0.000000000000000000e+00
2.544496059000000088e+00 3.137281417200000339e-02 0.000000000000000000e+00 0.000000000000000000e+00
2.538307427999999977e+00 3.137985037600000277e-02 0.000000000000000000e+00 0.000000000000000000e+00
2.532118559000000158e+00 3.138630913599999711e-02 0.000000000000000000e+00 0.000000000000000000e+00
2.525929928000000046e+00 3.138988733999999864e-02 0.000000000000000000e+00 0.000000000000000000e+00
2.519741058000000145e+00 3.139349555999999819e-02 0.000000000000000000e+00 0.000000000000000000e+00
2.513552427000000034e+00 3.139710044799999544e-02 0.000000000000000000e+00 0.000000000000000000e+00
2.507363558000000214e+00 3.140000105200000530e-02 0.000000000000000000e+00 0.000000000000000000e+00
2.501174927000000103e+00 3.140056180800000069e-02 0.000000000000000000e+00 0.000000000000000000e+00
2.494986057000000201e+00 3.140114258400000108e-02 0.000000000000000000e+00 0.000000000000000000e+00
2.488797426000000090e+00 3.140172338799999963e-02 0.000000000000000000e+00 0.000000000000000000e+00
2.482608556999999827e+00 3.140212726000000260e-02 0.000000000000000000e+00 0.000000000000000000e+00
2.476419926000000160e+00 3.139991425200000519e-02 0.000000000000000000e+00 0.000000000000000000e+00
2.470231055999999814e+00 3.139771795999999476e-02 0.000000000000000000e+00 0.000000000000000000e+00
2.464042186999999995e+00 3.139551830800000470e-02 0.000000000000000000e+00 0.000000000000000000e+00
2.457853555999999884e+00 3.139332198800000306e-02 0.000000000000000000e+00 0.000000000000000000e+00
2.451664685999999982e+00 3.138912296799999807e-02 0.000000000000000000e+00 0.000000000000000000e+00
2.445476054999999871e+00 3.138395262799999891e-02 0.000000000000000000e+00 0.000000000000000000e+00
2.439287186000000052e+00 3.137878226000000159e-02 0.000000000000000000e+00 0.000000000000000000e+00
2.433098554999999941e+00 3.137362194400000054e-02 0.000000000000000000e+00 0.000000000000000000e+00
2.426909685000000039e+00 3.136820458799999961e-02 0.000000000000000000e+00 0.000000000000000000e+00
2.420721053999999928e+00 3.136007691599999869e-02 0.000000000000000000e+00 0.000000000000000000e+00
2.414532185000000108e+00 3.135194255200000196e-02 0.000000000000000000e+00 0.000000000000000000e+00
2.408343553999999997e+00 3.134380149599999554e-02 0.000000000000000000e+00 0.000000000000000000e+00
2.402154684000000096e+00 3.133568382000000152e-02 0.000000000000000000e+00 0.000000000000000000e+00
2.395966052999999985e+00 3.132666157600000334e-02 0.000000000000000000e+00 0.000000000000000000e+00
2.389777184000000165e+00 3.131575680800000039e-02 0.000000000000000000e+00 0.000000000000000000e+00
2.383588551999999972e+00 3.130484867999999699e-02 0.000000000000000000e+00 0.000000000000000000e+00
2.377399683000000152e+00 3.129394055200000052e-02 0.000000000000000000e+00 0.000000000000000000e+00
2.371211052000000041e+00 3.128303575599999942e-02 0.000000000000000000e+00 0.000000000000000000e+00
2.365022182000000139e+00 3.127108622400000260e-02 0.000000000000000000e+00 0.000000000000000000e+00
2.358833312999999876e+00 3.125753117200000264e-02 0.000000000000000000e+00 0.000000000000000000e+00
2.352644682000000209e+00 3.124397945200000151e-02 0.000000000000000000e+00 0.000000000000000000e+00
2.346455811999999863e+00 3.123042440000000156e-02 0.000000000000000000e+00 0.000000000000000000e+00
2.340267181000000196e+00 3.121687268000000043e-02 0.000000000000000000e+00 0.000000000000000000e+00
2.334078311999999933e+00 3.120242644399999835e-02 0.000000000000000000e+00 0.000000000000000000e+00
2.327889680999999822e+00 3.118616771200000137e-02 0.000000000000000000e+00 0.000000000000000000e+00
2.321700810999999920e+00 3.116989898400000097e-02 0.000000000000000000e+00 0.000000000000000000e+00
2.315512179999999809e+00 3.115363358799999940e-02 0.000000000000000000e+00 0.000000000000000000e+00
2.309323310999999990e+00 3.113736819199999784e-02 0.000000000000000000e+00 0.000000000000000000e+00
2.303134679999999879e+00 3.112067890400000217e-02 0.000000000000000000e+00 0.000000000000000000e+00
2.296945809999999977e+00 3.110171318800000057e-02 0.000000000000000000e+00 0.000000000000000000e+00
2.290757178999999866e+00 3.108275080399999779e-02 0.000000000000000000e+00 0.000000000000000000e+00
2.284568310000000047e+00 3.106378508800000313e-02 0.000000000000000000e+00 0.000000000000000000e+00
2.278379678999999935e+00 3.104481934400000337e-02 0.000000000000000000e+00 0.000000000000000000e+00
2.272190809000000034e+00 3.102585362799999830e-02 0.000000000000000000e+00 0.000000000000000000e+00
2.266002177999999923e+00 3.100497531600000106e-02 0.000000000000000000e+00 0.000000000000000000e+00
2.259813309000000103e+00 3.098391007600000135e-02 0.000000000000000000e+00 0.000000000000000000e+00
2.253624439000000201e+00 3.096286152399999742e-02 0.000000000000000000e+00 0.000000000000000000e+00
2.247435808000000090e+00 3.094181299999999857e-02 0.000000000000000000e+00 0.000000000000000000e+00
2.241246938999999827e+00 3.092075778400000044e-02 0.000000000000000000e+00 0.000000000000000000e+00
2.235058308000000160e+00 3.089872455600000192e-02 0.000000000000000000e+00 0.000000000000000000e+00
2.228869437999999814e+00 3.087610052800000143e-02 0.000000000000000000e+00 0.000000000000000000e+00
2.222680807000000147e+00 3.085347986000000139e-02 0.000000000000000000e+00 0.000000000000000000e+00
2.216491937999999884e+00 3.083085919199999789e-02 0.000000000000000000e+00 0.000000000000000000e+00
2.210303307000000217e+00 3.080823849599999970e-02 0.000000000000000000e+00 0.000000000000000000e+00
2.204114436999999871e+00 3.078524733200000210e-02 0.000000000000000000e+00 0.000000000000000000e+00
2.197925806000000204e+00 3.076150179199999696e-02 0.000000000000000000e+00 0.000000000000000000e+00
2.191736936999999941e+00 3.073773623200000069e-02 0.000000000000000000e+00 0.000000000000000000e+00
2.185548305999999830e+00 3.071396731200000396e-02 0.000000000000000000e+00 0.000000000000000000e+00
2.179359435999999928e+00 3.069020175199999728e-02 0.000000000000000000e+00 0.000000000000000000e+00
2.173170804999999817e+00 3.066638612799999983e-02 0.000000000000000000e+00 0.000000000000000000e+00
2.166981935999999997e+00 3.064140223200000068e-02 0.000000000000000000e+00 0.000000000000000000e+00
2.160793303999999804e+00 3.061641503199999739e-02 0.000000000000000000e+00 0.000000000000000000e+00
2.154604434999999985e+00 3.059142780399999942e-02 0.000000000000000000e+00 0.000000000000000000e+00
2.148415803999999873e+00 3.056644390800000027e-02 0.000000000000000000e+00 0.000000000000000000e+00
2.142226933999999972e+00 3.054146003999999928e-02 0.000000000000000000e+00 0.000000000000000000e+00
2.136038065000000152e+00 3.051546478399999943e-02 0.000000000000000000e+00 0.000000000000000000e+00
2.129849434000000041e+00 3.048932600000000062e-02 0.000000000000000000e+00 0.000000000000000000e+00
2.123660564000000139e+00 3.046321392800000263e-02 0.000000000000000000e+00 0.000000000000000000e+00
2.117471933000000028e+00 3.043709516399999843e-02 0.000000000000000000e+00 0.000000000000000000e+00
2.111283064000000209e+00 3.041096973600000003e-02 0.000000000000000000e+00 0.000000000000000000e+00
2.105094433000000098e+00 3.038418006399999996e-02 0.000000000000000000e+00 0.000000000000000000e+00
2.098905563000000196e+00 3.035719680000000323e-02 0.000000000000000000e+00 0.000000000000000000e+00
2.092716932000000085e+00 3.033021020400000420e-02 0.000000000000000000e+00 0.000000000000000000e+00
2.086528062999999822e+00 3.030322694000000053e-02 0.000000000000000000e+00 0.000000000000000000e+00
2.080339432000000155e+00 3.027624034400000150e-02 0.000000000000000000e+00 0.000000000000000000e+00
2.074150561999999809e+00 3.024908686800000315e-02 0.000000000000000000e+00 0.000000000000000000e+00
2.067961931000000142e+00 3.022187327600000389e-02 0.000000000000000000e+00 0.000000000000000000e+00
2.061773061999999879e+00 3.019466304400000162e-02 0.000000000000000000e+00 0.000000000000000000e+00
2.055584431000000212e+00 3.016745281200000281e-02 0.000000000000000000e+00 0.000000000000000000e+00
2.049395560999999866e+00 3.014024924399999819e-02 0.000000000000000000e+00 0.000000000000000000e+00
2.043206930000000199e+00 3.011273526800000225e-02 0.000000000000000000e+00 0.000000000000000000e+00
2.037018060999999935e+00 3.008523131600000095e-02 0.000000000000000000e+00 0.000000000000000000e+00
2.030829191000000034e+00 3.005773066800000032e-02 0.000000000000000000e+00 0.000000000000000000e+00
2.024640559999999923e+00 3.003020000399999820e-02 0.000000000000000000e+00 0.000000000000000000e+00
2.018451691000000103e+00 3.000244570399999977e-02 0.000000000000000000e+00 0.000000000000000000e+00
2.012263059999999992e+00 2.997425746000000404e-02 0.000000000000000000e+00 0.000000000000000000e+00
2.006074190000000090e+00 2.994606255200000025e-02 0.000000000000000000e+00 0.000000000000000000e+00
1.999885558999999979e+00 2.991785431600000114e-02 0.000000000000000000e+00 0.000000000000000000e+00
1.993696809000000014e+00 2.988965607599999852e-02 0.000000000000000000e+00 0.000000000000000000e+00
1.987508059000000049e+00 2.986085367999999698e-02 0.000000000000000000e+00 0.000000000000000000e+00
1.981319308000000001e+00 2.983155394800000165e-02 0.000000000000000000e+00 0.000000000000000000e+00
1.975130438999999960e+00 2.980221081599999933e-02 0.000000000000000000e+00 0.000000000000000000e+00
1.968941688999999995e+00 2.977286768399999700e-02 0.000000000000000000e+00 0.000000000000000000e+00
1.962752937999999947e+00 2.974352455200000508e-02 0.000000000000000000e+00 0.000000000000000000e+00
1.956564187999999982e+00 2.971375083599999897e-02 0.000000000000000000e+00 0.000000000000000000e+00
1.950375438000000017e+00 2.968358327200000188e-02 0.000000000000000000e+00 0.000000000000000000e+00
1.944186686999999969e+00 2.965341234799999739e-02 0.000000000000000000e+00 0.000000000000000000e+00
1.937997937000000004e+00 2.962324475600000215e-02 0.000000000000000000e+00 0.000000000000000000e+00
1.931809187000000039e+00 2.959305714399999843e-02 0.000000000000000000e+00 0.000000000000000000e+00
1.925620437000000074e+00 2.956269265600000237e-02 0.000000000000000000e+00 0.000000000000000000e+00
1.919431686000000026e+00 2.953214787599999988e-02 0.000000000000000000e+00 0.000000000000000000e+00
1.913242936000000061e+00 2.950159979200000018e-02 0.000000000000000000e+00 0.000000000000000000e+00
1.907054186000000096e+00 2.947105503999999931e-02 0.000000000000000000e+00 0.000000000000000000e+00
1.900865435999999908e+00 2.944051026000000029e-02 0.000000000000000000e+00 0.000000000000000000e+00
1.894676685000000083e+00 2.940993546400000325e-02 0.000000000000000000e+00 0.000000000000000000e+00
1.888487934999999895e+00 2.937930727200000272e-02 0.000000000000000000e+00 0.000000000000000000e+00
1.882299184999999930e+00 2.934863234800000331e-02 0.000000000000000000e+00 0.000000000000000000e+00
1.876110434999999965e+00 2.931793737599999727e-02 0.000000000000000000e+00 0.000000000000000000e+00
1.869921683999999917e+00 2.928724909600000093e-02 0.000000000000000000e+00 0.000000000000000000e+00
1.863732815000000098e+00 2.925647401600000100e-02 0.000000000000000000e+00 0.000000000000000000e+00
1.857544064999999911e+00 2.922529506399999810e-02 0.000000000000000000e+00 0.000000000000000000e+00
1.851355314000000085e+00 2.919409609199999714e-02 0.000000000000000000e+00 0.000000000000000000e+00
1.845166563999999898e+00 2.916289042800000383e-02 0.000000000000000000e+00 0.000000000000000000e+00
1.838977813999999933e+00 2.913168479199999827e-02 0.000000000000000000e+00 0.000000000000000000e+00
1.832789063000000107e+00 2.910028553600000137e-02 0.000000000000000000e+00 0.000000000000000000e+00
1.826600312999999920e+00 2.906778478800000134e-02 0.000000000000000000e+00 0.000000000000000000e+00
1.820411562999999955e+00 2.903531741599999980e-02 0.000000000000000000e+00 0.000000000000000000e+00
1.814222812999999990e+00 2.900285340400000217e-02 0.000000000000000000e+00 0.000000000000000000e+00
1.808034061999999942e+00 2.897033596799999944e-02 0.000000000000000000e+00 0.000000000000000000e+00
1.801845311999999977e+00 2.893780184400000094e-02 0.000000000000000000e+00 0.000000000000000000e+00
1.795656562000000012e+00 2.890407942799999921e-02 0.000000000000000000e+00 0.000000000000000000e+00
1.789467812000000047e+00 2.887025022000000093e-02 0.000000000000000000e+00 0.000000000000000000e+00
1.783279060999999999e+00 2.883633088000000025e-02 0.000000000000000000e+00 0.000000000000000000e+00
1.777090311000000034e+00 2.880241490000000348e-02 0.000000000000000000e+00 0.000000000000000000e+00
1.770901561000000068e+00 2.876853562800000055e-02 0.000000000000000000e+00 0.000000000000000000e+00
1.764712811000000103e+00 2.873397875599999901e-02 0.000000000000000000e+00 0.000000000000000000e+00
1.758524060000000055e+00 2.869907140799999798e-02 0.000000000000000000e+00 0.000000000000000000e+00
1.752335191000000014e+00 2.866415739600000276e-02 0.000000000000000000e+00 0.000000000000000000e+00
1.746146441000000049e+00 2.862923002800000019e-02 0.000000000000000000e+00 0.000000000000000000e+00
1.739957690000000001e+00 2.859425259600000338e-02 0.000000000000000000e+00 0.000000000000000000e+00
1.733768940000000036e+00 2.855876444400000033e-02 0.000000000000000000e+00 0.000000000000000000e+00
1.727580190000000071e+00 2.852279900399999971e-02 0.000000000000000000e+00 0.000000000000000000e+00
1.721391439000000023e+00 2.848685361199999877e-02 0.000000000000000000e+00 0.000000000000000000e+00
1.715202689000000058e+00 2.845091152400000198e-02 0.000000000000000000e+00 0.000000000000000000e+00
1.709013939000000093e+00 2.841484595599999899e-02 0.000000000000000000e+00 0.000000000000000000e+00
1.702825188999999906e+00 2.837846995199999611e-02 0.000000000000000000e+00 0.000000000000000000e+00
1.696636438000000080e+00 2.834088563600000235e-02 0.000000000000000000e+00 0.000000000000000000e+00
1.690447687999999893e+00 2.830330134799999980e-02 0.000000000000000000e+00 0.000000000000000000e+00
1.684258937999999928e+00 2.826552677200000474e-02 0.000000000000000000e+00 0.000000000000000000e+00
1.678070187999999963e+00 2.822782230800000014e-02 0.000000000000000000e+00 0.000000000000000000e+00
1.671881436999999915e+00 2.819013120000000289e-02 0.000000000000000000e+00 0.000000000000000000e+00
1.665692686999999950e+00 2.815065430800000115e-02 0.000000000000000000e+00 0.000000000000000000e+00
1.659503936999999985e+00 2.811073683599999914e-02 0.000000000000000000e+00 0.000000000000000000e+00
1.653315187000000019e+00 2.807078265600000330e-02 0.000000000000000000e+00 0.000000000000000000e+00
1.647126316999999895e+00 2.803082847600000399e-02 0.000000000000000000e+00 0.000000000000000000e+00
1.640937566999999930e+00 2.799085927119999984e-02 0.000000000000000000e+00 0.000000000000000000e+00
1.634748816000000105e+00 2.794919109360000098e-02 0.000000000000000000e+00 0.000000000000000000e+00
1.628560065999999917e+00 2.790648150359999885e-02 0.000000000000000000e+00 0.000000000000000000e+00
1.622371315999999952e+00 2.786377859160000039e-02 0.000000000000000000e+00 0.000000000000000000e+00
1.616182565999999987e+00 2.782107400800000116e-02 0.000000000000000000e+00 0.000000000000000000e+00
1.609993814999999939e+00 2.777819752680000046e-02 0.000000000000000000e+00 0.000000000000000000e+00
1.603805064999999974e+00 2.773467850719999947e-02 0.000000000000000000e+00 0.000000000000000000e+00
1.597616315000000009e+00 2.768892812840000051e-02 0.000000000000000000e+00 0.000000000000000000e+00
1.591427565000000044e+00 2.764317941559999922e-02 0.000000000000000000e+00 0.000000000000000000e+00
1.585238813999999996e+00 2.759732055640000056e-02 0.000000000000000000e+00 0.000000000000000000e+00
1.579050064000000031e+00 2.755149841360000212e-02 0.000000000000000000e+00 0.000000000000000000e+00
1.572861314000000066e+00 2.750568461480000157e-02 0.000000000000000000e+00 0.000000000000000000e+00
1.566672564000000101e+00 2.745569348199999871e-02 0.000000000000000000e+00 0.000000000000000000e+00
1.560483813000000053e+00 2.740469598720000205e-02 0.000000000000000000e+00 0.000000000000000000e+00
1.554295063000000088e+00 2.735366344480000267e-02 0.000000000000000000e+00 0.000000000000000000e+00
1.548106312999999901e+00 2.730262923359999885e-02 0.000000000000000000e+00 0.000000000000000000e+00
1.541917562000000075e+00 2.725150489880000249e-02 0.000000000000000000e+00 0.000000000000000000e+00
1.535728693000000034e+00 2.719700264960000016e-02 0.000000000000000000e+00 0.000000000000000000e+00
1.529539943000000068e+00 2.713826799320000205e-02 0.000000000000000000e+00 0.000000000000000000e+00
1.523351192000000021e+00 2.707959008159999820e-02 0.000000000000000000e+00 0.000000000000000000e+00
1.517162442000000055e+00 2.702091050120000032e-02 0.000000000000000000e+00 0.000000000000000000e+00
1.510973692000000090e+00 2.696199059400000014e-02 0.000000000000000000e+00 0.000000000000000000e+00
1.504784941999999903e+00 2.690300059439999780e-02 0.000000000000000000e+00 0.000000000000000000e+00
1.498596191000000077e+00 2.683658885879999789e-02 0.000000000000000000e+00 0.000000000000000000e+00
1.492407440999999890e+00 2.677008867399999908e-02 0.000000000000000000e+00 0.000000000000000000e+00
1.486218690999999925e+00 2.670340991080000226e-02 0.000000000000000000e+00 0.000000000000000000e+00
1.480029940999999960e+00 2.663669443120000174e-02 0.000000000000000000e+00 0.000000000000000000e+00
1.473841189999999912e+00 2.657006740639999975e-02 0.000000000000000000e+00 0.000000000000000000e+00
1.467652439999999947e+00 2.649969196280000175e-02 0.000000000000000000e+00 0.000000000000000000e+00
1.461463689999999982e+00 2.642585349040000101e-02 0.000000000000000000e+00 0.000000000000000000e+00
1.455274940000000017e+00 2.635198497680000043e-02 0.000000000000000000e+00 0.000000000000000000e+00
1.449086188999999969e+00 2.627814984200000162e-02 0.000000000000000000e+00 0.000000000000000000e+00
1.442897439000000004e+00 2.620434808600000109e-02 0.000000000000000000e+00 0.000000000000000000e+00
1.436708689000000039e+00 2.613016915319999953e-02 0.000000000000000000e+00 0.000000000000000000e+00
1.430519937999999991e+00 2.604726171600000098e-02 0.000000000000000000e+00 0.000000000000000000e+00
1.424331068999999950e+00 2.596439433000000130e-02 0.000000000000000000e+00 0.000000000000000000e+00
1.418142318999999985e+00 2.588154697520000241e-02 0.000000000000000000e+00 0.000000000000000000e+00
1.411953567999999937e+00 2.579861950960000289e-02 0.000000000000000000e+00 0.000000000000000000e+00
1.405764817999999972e+00 2.571564364320000004e-02 0.000000000000000000e+00 0.000000000000000000e+00
1.399576068000000006e+00 2.562706685000000137e-02 0.000000000000000000e+00 0.000000000000000000e+00
1.393387318000000041e+00 2.553338479999999952e-02 0.000000000000000000e+00 0.000000000000000000e+00
1.387198566999999993e+00 2.543970275000000114e-02 0.000000000000000000e+00 0.000000000000000000e+00
1.381009817000000028e+00 2.534602236880000026e-02 0.000000000000000000e+00 0.000000000000000000e+00
1.374821067000000063e+00 2.525234198479999956e-02 0.000000000000000000e+00 0.000000000000000000e+00
1.368632317000000098e+00 2.515866160360000214e-02 0.000000000000000000e+00 0.000000000000000000e+00
1.362443566000000050e+00 2.505210375920000065e-02 0.000000000000000000e+00 0.000000000000000000e+00
1.356254816000000085e+00 2.494531226040000091e-02 0.000000000000000000e+00 0.000000000000000000e+00
1.350066065999999898e+00 2.483843731879999822e-02 0.000000000000000000e+00 0.000000000000000000e+00
1.343877315999999933e+00 2.473156237720000247e-02 0.000000000000000000e+00 0.000000000000000000e+00
1.337688565000000107e+00 2.462471580519999884e-02 0.000000000000000000e+00 0.000000000000000000e+00
1.331499814999999920e+00 2.451212811599999888e-02 0.000000000000000000e+00 0.000000000000000000e+00
1.325311064999999955e+00 2.439159631720000040e-02 0.000000000000000000e+00 0.000000000000000000e+00
1.319122313999999907e+00 2.427103614879999940e-02 0.000000000000000000e+00 0.000000000000000000e+00
1.312933445000000088e+00 2.415047764639999955e-02 0.000000000000000000e+00 0.000000000000000000e+00
1.306744694999999901e+00 2.403014445440000008e-02 0.000000000000000000e+00 0.000000000000000000e+00
1.300555944000000075e+00 2.390981125960000078e-02 0.000000000000000000e+00 0.000000000000000000e+00
1.294367194000000110e+00 2.377854323320000018e-02 0.000000000000000000e+00 0.000000000000000000e+00
1.288178443999999923e+00 2.364521074160000000e-02 0.000000000000000000e+00 0.000000000000000000e+00
1.281989693999999957e+00 2.351215028679999944e-02 0.000000000000000000e+00 0.000000000000000000e+00
1.275800942999999910e+00 2.337908983200000235e-02 0.000000000000000000e+00 0.000000000000000000e+00
1.269612192999999944e+00 2.324603104600000275e-02 0.000000000000000000e+00 0.000000000000000000e+00
1.263423442999999979e+00 2.311012172560000105e-02 0.000000000000000000e+00 0.000000000000000000e+00
1.257234693000000014e+00 2.296422553039999953e-02 0.000000000000000000e+00 0.000000000000000000e+00
1.251045941999999966e+00 2.281832933520000148e-02 0.000000000000000000e+00 0.000000000000000000e+00
1.244857192000000001e+00 2.267243313720000014e-02 0.000000000000000000e+00 0.000000000000000000e+00
1.238668442000000036e+00 2.252663540960000294e-02 0.000000000000000000e+00 0.000000000000000000e+00
1.232479692000000071e+00 2.238151359640000101e-02 0.000000000000000000e+00 0.000000000000000000e+00
1.226290941000000023e+00 2.222873139479999982e-02 0.000000000000000000e+00 0.000000000000000000e+00
1.220102191000000058e+00 2.207061028480000048e-02 0.000000000000000000e+00 0.000000000000000000e+00
1.213913441000000093e+00 2.191251254080000058e-02 0.000000000000000000e+00 0.000000000000000000e+00
1.207724690000000045e+00 2.175537610119999965e-02 0.000000000000000000e+00 0.000000000000000000e+00
1.201535821000000004e+00 2.159784746279999959e-02 0.000000000000000000e+00 0.000000000000000000e+00
1.195347071000000039e+00 2.144032049040000068e-02 0.000000000000000000e+00 0.000000000000000000e+00
1.189158319999999991e+00 2.126989769800000096e-02 0.000000000000000000e+00 0.000000000000000000e+00
1.182969570000000026e+00 2.109938812240000003e-02 0.000000000000000000e+00 0.000000000000000000e+00
1.176780820000000061e+00 2.092895698600000243e-02 0.000000000000000000e+00 0.000000000000000000e+00
1.170592070000000096e+00 2.075849413960000056e-02 0.000000000000000000e+00 0.000000000000000000e+00
1.164403319000000048e+00 2.058792781919999842e-02 0.000000000000000000e+00 0.000000000000000000e+00
1.158214569000000083e+00 2.041507005719999865e-02 0.000000000000000000e+00 0.000000000000000000e+00
1.152025818999999895e+00 2.023396110399999781e-02 0.000000000000000000e+00 0.000000000000000000e+00
1.145837068999999930e+00 2.005231976440000063e-02 0.000000000000000000e+00 0.000000000000000000e+00
1.139648318000000105e+00 1.987067675599999902e-02 0.000000000000000000e+00 0.000000000000000000e+00
1.133459567999999917e+00 1.968987989359999996e-02 0.000000000000000000e+00 0.000000000000000000e+00
1.127270817999999952e+00 1.950953030600000027e-02 0.000000000000000000e+00 0.000000000000000000e+00
1.121082066999999904e+00 1.932499003400000095e-02 0.000000000000000000e+00 0.000000000000000000e+00
1.114893316999999939e+00 1.913718366560000078e-02 0.000000000000000000e+00 0.000000000000000000e+00
1.108704566999999974e+00 1.895036029880000153e-02 0.000000000000000000e+00 0.000000000000000000e+00
1.102515817000000009e+00 1.876399087920000222e-02 0.000000000000000000e+00 0.000000000000000000e+00
1.096327065999999961e+00 1.857748627560000185e-02 0.000000000000000000e+00 0.000000000000000000e+00
1.090138196999999920e+00 1.838805103240000183e-02 0.000000000000000000e+00 0.000000000000000000e+00
1.083949446999999955e+00 1.819433665280000001e-02 0.000000000000000000e+00 0.000000000000000000e+00
1.077760695999999907e+00 1.800062561080000012e-02 0.000000000000000000e+00 0.000000000000000000e+00
1.071571945999999942e+00 1.780691290000000274e-02 0.000000000000000000e+00 0.000000000000000000e+00
1.065383195999999977e+00 1.761406469480000098e-02 0.000000000000000000e+00 0.000000000000000000e+00
1.059194446000000012e+00 1.741722774400000090e-02 0.000000000000000000e+00 0.000000000000000000e+00
1.053005694999999964e+00 1.721662068279999902e-02 0.000000000000000000e+00 0.000000000000000000e+00
1.046816944999999999e+00 1.701602530600000024e-02 0.000000000000000000e+00 0.000000000000000000e+00
1.040628195000000034e+00 1.681626772839999936e-02 0.000000000000000000e+00 0.000000000000000000e+00
1.034439445000000068e+00 1.661651015360000178e-02 0.000000000000000000e+00 0.000000000000000000e+00
1.028250694000000021e+00 1.640918564880000305e-02 0.000000000000000000e+00 0.000000000000000000e+00
1.022061944000000056e+00 1.620303273120000248e-02 0.000000000000000000e+00 0.000000000000000000e+00
1.015873194000000090e+00 1.599701500040000279e-02 0.000000000000000000e+00 0.000000000000000000e+00
1.009684443000000043e+00 1.579095888159999864e-02 0.000000000000000000e+00 0.000000000000000000e+00
1.003495693000000077e+00 1.558363270799999895e-02 0.000000000000000000e+00 0.000000000000000000e+00
9.973068832999999467e-01 1.537441730440000133e-02 0.000000000000000000e+00 0.000000000000000000e+00
9.911181330999999650e-01 1.516520357240000103e-02 0.000000000000000000e+00 0.000000000000000000e+00
9.849293827999999751e-01 1.495693778880000102e-02 0.000000000000000000e+00 0.000000000000000000e+00
9.787406324999999851e-01 1.474859023120000077e-02 0.000000000000000000e+00 0.000000000000000000e+00
9.725518823000000035e-01 1.453762579080000207e-02 0.000000000000000000e+00 0.000000000000000000e+00
9.663631320000000136e-01 1.432697844479999955e-02 0.000000000000000000e+00 0.000000000000000000e+00
9.601743817000000236e-01 1.411651301480000044e-02 0.000000000000000000e+00 0.000000000000000000e+00
9.539855718999999956e-01 1.390604758199999978e-02 0.000000000000000000e+00 0.000000000000000000e+00
9.477968216000000057e-01 1.369699239720000017e-02 0.000000000000000000e+00 0.000000000000000000e+00
9.416080713000000157e-01 1.348856389440000053e-02 0.000000000000000000e+00 0.000000000000000000e+00
9.354193211000000341e-01 1.328013706319999994e-02 0.000000000000000000e+00 0.000000000000000000e+00
9.292305708000000442e-01 1.307221841800000096e-02 0.000000000000000000e+00 0.000000000000000000e+00
9.230418205000000542e-01 1.286455261840000093e-02 0.000000000000000000e+00 0.000000000000000000e+00
9.168530702999999615e-01 1.265665984240000111e-02 0.000000000000000000e+00 0.000000000000000000e+00
9.106643199999999716e-01 1.244922602280000047e-02 0.000000000000000000e+00 0.000000000000000000e+00
9.044755696999999817e-01 1.224238383760000055e-02 0.000000000000000000e+00 0.000000000000000000e+00
8.982867598999999537e-01 1.203605651920000054e-02 0.000000000000000000e+00 0.000000000000000000e+00
8.920980095999999637e-01 1.183062541360000060e-02 0.000000000000000000e+00 0.000000000000000000e+00
8.859092592999999738e-01 1.162509667760000011e-02 0.000000000000000000e+00 0.000000000000000000e+00
8.797205090999999921e-01 1.141824030760000067e-02 0.000000000000000000e+00 0.000000000000000000e+00
8.735317588000000022e-01 1.121182286839999924e-02 0.000000000000000000e+00 0.000000000000000000e+00
8.673430085000000123e-01 1.100567161960000137e-02 0.000000000000000000e+00 0.000000000000000000e+00
8.611542583000000306e-01 1.079956877160000162e-02 0.000000000000000000e+00 0.000000000000000000e+00
8.549655080000000407e-01 1.059467005799999938e-02 0.000000000000000000e+00 0.000000000000000000e+00
8.487767577000000507e-01 1.038948845760000010e-02 0.000000000000000000e+00 0.000000000000000000e+00
8.425879478000000145e-01 1.018485176520000056e-02 0.000000000000000000e+00 0.000000000000000000e+00
8.363991976000000328e-01 9.980373619999999973e-03 0.000000000000000000e+00 0.000000000000000000e+00
8.302104473000000429e-01 9.775040984799998958e-03 0.000000000000000000e+00 0.000000000000000000e+00
8.240216970000000529e-01 9.570384264000000168e-03 0.000000000000000000e+00 0.000000000000000000e+00
8.178329467999999602e-01 9.365696667600001066e-03 0.000000000000000000e+00 0.000000000000000000e+00
8.116441964999999703e-01 9.162295819599999835e-03 0.000000000000000000e+00 0.000000000000000000e+00
8.054554461999999804e-01 8.960004807599999607e-03 0.000000000000000000e+00 0.000000000000000000e+00
7.992666959999999987e-01 8.757712961200000631e-03 0.000000000000000000e+00 0.000000000000000000e+00
7.930779457000000088e-01 8.555641413199999504e-03 0.000000000000000000e+00 0.000000000000000000e+00
7.868891357999999725e-01 8.353982089600000410e-03 0.000000000000000000e+00 0.000000000000000000e+00
7.807003855999999908e-01 8.152637362800000884e-03 0.000000000000000000e+00 0.000000000000000000e+00
7.745116353000000009e-01 7.952851415599999224e-03 0.000000000000000000e+00 0.000000000000000000e+00
7.683228850000000110e-01 7.753049611999999861e-03 0.000000000000000000e+00 0.000000000000000000e+00
7.621341348000000293e-01 7.553833604800000261e-03 0.000000000000000000e+00 0.000000000000000000e+00
7.559453845000000394e-01 7.354995608800000452e-03 0.000000000000000000e+00 0.000000000000000000e+00
7.497566342000000494e-01 7.156513095200000424e-03 0.000000000000000000e+00 0.000000000000000000e+00
7.435678839999999568e-01 6.958159924800000687e-03 0.000000000000000000e+00 0.000000000000000000e+00
7.373790741000000315e-01 6.760643721999999925e-03 0.000000000000000000e+00 0.000000000000000000e+00
7.311903238000000416e-01 6.563992442000000233e-03 0.000000000000000000e+00 0.000000000000000000e+00
7.250015735999999489e-01 6.367284834399999580e-03 0.000000000000000000e+00 0.000000000000000000e+00
7.188128232999999589e-01 6.173106909200000263e-03 0.000000000000000000e+00 0.000000000000000000e+00
7.126240729999999690e-01 5.979508936800000118e-03 0.000000000000000000e+00 0.000000000000000000e+00
7.064353227999999874e-01 5.786291895999999720e-03 0.000000000000000000e+00 0.000000000000000000e+00
7.002465724999999974e-01 5.595627069199999616e-03 0.000000000000000000e+00 0.000000000000000000e+00
6.940578222000000075e-01 5.404939293599999445e-03 0.000000000000000000e+00 0.000000000000000000e+00
6.878690720000000258e-01 5.215549110800000131e-03 0.000000000000000000e+00 0.000000000000000000e+00
6.816802620999999895e-01 5.028310179200000569e-03 0.000000000000000000e+00 0.000000000000000000e+00
6.754915117999999996e-01 4.841171801199999590e-03 0.000000000000000000e+00 0.000000000000000000e+00
6.693027616000000179e-01 4.656622768000000419e-03 0.000000000000000000e+00 0.000000000000000000e+00
6.631140113000000280e-01 4.472900272399999398e-03 0.000000000000000000e+00 0.000000000000000000e+00
6.569252610000000381e-01 4.290313064800000027e-03 0.000000000000000000e+00 0.000000000000000000e+00
6.507365107999999454e-01 4.109999776400000311e-03 0.000000000000000000e+00 0.000000000000000000e+00
6.445477604999999555e-01 3.929801226399999570e-03 0.000000000000000000e+00 0.000000000000000000e+00
6.383590101999999655e-01 3.752355574799999885e-03 0.000000000000000000e+00 0.000000000000000000e+00
6.321702599999999839e-01 3.575078068799999748e-03 0.000000000000000000e+00 0.000000000000000000e+00
6.259814500999999476e-01 3.399710445600000273e-03 0.000000000000000000e+00 0.000000000000000000e+00
6.197926997999999577e-01 3.225464969999999962e-03 0.000000000000000000e+00 0.000000000000000000e+00
6.136039494999999677e-01 3.051999717200000028e-03 0.000000000000000000e+00 0.000000000000000000e+00
6.074151992999999861e-01 2.879815786400000219e-03 0.000000000000000000e+00 0.000000000000000000e+00
6.012264489999999961e-01 2.708292543879999795e-03 0.000000000000000000e+00 0.000000000000000000e+00
5.950376987000000062e-01 2.539059907160000091e-03 0.000000000000000000e+00 0.000000000000000000e+00
5.888489485000000245e-01 2.370727241120000259e-03 0.000000000000000000e+00 0.000000000000000000e+00
5.826601982000000346e-01 2.204606533079999861e-03 0.000000000000000000e+00 0.000000000000000000e+00
5.764714479000000447e-01 2.039164870960000295e-03 0.000000000000000000e+00 0.000000000000000000e+00
5.702826381000000167e-01 1.875024139800000227e-03 0.000000000000000000e+00 0.000000000000000000e+00
5.640938878000000267e-01 1.712632656000000154e-03 0.000000000000000000e+00 0.000000000000000000e+00
5.579051375000000368e-01 1.556633382919999937e-03 0.000000000000000000e+00 0.000000000000000000e+00
5.517163873000000551e-01 1.398998141239999986e-03 0.000000000000000000e+00 0.000000000000000000e+00
5.455276369999999542e-01 1.237847402680000057e-03 0.000000000000000000e+00 0.000000000000000000e+00
5.393388866999999642e-01 1.079204231559999965e-03 0.000000000000000000e+00 0.000000000000000000e+00
5.331501364999999826e-01 9.240569472400000104e-04 0.000000000000000000e+00 0.000000000000000000e+00
5.269613861999999926e-01 7.695519924400000180e-04 0.000000000000000000e+00 0.000000000000000000e+00
5.207726359000000027e-01 6.162595675599999434e-04 0.000000000000000000e+00 0.000000000000000000e+00
5.145838260999999747e-01 4.651360736400000223e-04 0.000000000000000000e+00 0.000000000000000000e+00
5.083950757999999848e-01 3.160961605200000466e-04 0.000000000000000000e+00 0.000000000000000000e+00
5.022063254999999948e-01 1.681321337920000031e-04 0.000000000000000000e+00 0.000000000000000000e+00
4.960175753000000132e-01 2.071236237000000145e-05 0.000000000000000000e+00 0.000000000000000000e+00
4.898288250000000232e-01 -1.248354856000000233e-04 0.000000000000000000e+00 0.000000000000000000e+00
4.836400746999999778e-01 -2.672477252759999813e-04 0.000000000000000000e+00 0.000000000000000000e+00
4.774513244999999961e-01 -4.091131164400000145e-04 0.000000000000000000e+00 0.000000000000000000e+00
4.712625443999999830e-01 -5.484195948000000201e-04 0.000000000000000000e+00 0.000000000000000000e+00
4.650737940999999931e-01 -6.876875832400000015e-04 0.000000000000000000e+00 0.000000000000000000e+00
4.588850439000000114e-01 -8.240898624000000082e-04 0.000000000000000000e+00 0.000000000000000000e+00
4.526962936000000215e-01 -9.593300967600000692e-04 0.000000000000000000e+00 0.000000000000000000e+00
4.465075135000000084e-01 -1.093669265640000035e-03 0.000000000000000000e+00 0.000000000000000000e+00
4.403187633000000267e-01 -1.226310297799999924e-03 0.000000000000000000e+00 0.000000000000000000e+00
4.341300129999999813e-01 -1.358744800000000110e-03 0.000000000000000000e+00 0.000000000000000000e+00
4.279412626999999913e-01 -1.488599762439999979e-03 0.000000000000000000e+00 0.000000000000000000e+00
4.217525125000000097e-01 -1.618314117280000202e-03 0.000000000000000000e+00 0.000000000000000000e+00
4.155637323999999966e-01 -1.745884627200000117e-03 0.000000000000000000e+00 0.000000000000000000e+00
4.093749821000000066e-01 -1.872918993119999974e-03 0.000000000000000000e+00 0.000000000000000000e+00
4.031862319000000250e-01 -1.997995912919999818e-03 0.000000000000000000e+00 0.000000000000000000e+00
3.969974815999999795e-01 -2.122042059760000099e-03 0.000000000000000000e+00 0.000000000000000000e+00
3.908087015000000219e-01 -2.244677960840000056e-03 0.000000000000000000e+00 0.000000000000000000e+00
3.846199511999999765e-01 -2.365769475720000056e-03 0.000000000000000000e+00 0.000000000000000000e+00
3.784312009999999948e-01 -2.486439376960000117e-03 0.000000000000000000e+00 0.000000000000000000e+00
3.722424507000000049e-01 -2.604521185279999942e-03 0.000000000000000000e+00 0.000000000000000000e+00
3.660537004000000150e-01 -2.722689151840000134e-03 0.000000000000000000e+00 0.000000000000000000e+00
3.598649204000000101e-01 -2.838301776799999863e-03 0.000000000000000000e+00 0.000000000000000000e+00
3.536761701000000202e-01 -2.953829289600000060e-03 0.000000000000000000e+00 0.000000000000000000e+00
3.474874197999999748e-01 -3.067298382400000106e-03 0.000000000000000000e+00 0.000000000000000000e+00
3.412986695999999931e-01 -3.180482715200000018e-03 0.000000000000000000e+00 0.000000000000000000e+00
3.351098894999999800e-01 -3.292031080799999888e-03 0.000000000000000000e+00 0.000000000000000000e+00
3.289211391999999901e-01 -3.403050392000000080e-03 0.000000000000000000e+00 0.000000000000000000e+00
3.227323890000000084e-01 -3.513028086399999639e-03 0.000000000000000000e+00 0.000000000000000000e+00
3.165436387000000185e-01 -3.622433541999999992e-03 0.000000000000000000e+00 0.000000000000000000e+00
3.103548883999999730e-01 -3.730946539599999841e-03 0.000000000000000000e+00 0.000000000000000000e+00
3.041661084000000237e-01 -3.838776944800000295e-03 0.000000000000000000e+00 0.000000000000000000e+00
2.979773580999999782e-01 -3.945430756399999697e-03 0.000000000000000000e+00 0.000000000000000000e+00
2.917886077999999883e-01 -4.051469564800000422e-03 0.000000000000000000e+00 0.000000000000000000e+00
2.855998576000000067e-01 -4.155774355600000067e-03 0.000000000000000000e+00 0.000000000000000000e+00
2.794110774999999935e-01 -4.259543419599999894e-03 0.000000000000000000e+00 0.000000000000000000e+00
2.732223272000000036e-01 -4.361647306800000082e-03 0.000000000000000000e+00 0.000000000000000000e+00
2.670335770000000220e-01 -4.462872089200000357e-03 0.000000000000000000e+00 0.000000000000000000e+00
2.608448266999999765e-01 -4.563020826000000266e-03 0.000000000000000000e+00 0.000000000000000000e+00
2.546560466000000189e-01 -4.661932469600000087e-03 0.000000000000000000e+00 0.000000000000000000e+00
2.484673112999999933e-01 -4.760334252800000297e-03 0.000000000000000000e+00 0.000000000000000000e+00
2.422785460999999918e-01 -4.858462333200000600e-03 0.000000000000000000e+00 0.000000000000000000e+00
2.360897958000000019e-01 -4.955990849600000123e-03 0.000000000000000000e+00 0.000000000000000000e+00
2.299010307000000086e-01 -5.053290306400000202e-03 0.000000000000000000e+00 0.000000000000000000e+00
2.237122803999999909e-01 -5.150482117200000202e-03 0.000000000000000000e+00 0.000000000000000000e+00
2.175235151999999894e-01 -5.247491180400000454e-03 0.000000000000000000e+00 0.000000000000000000e+00
2.113347650000000078e-01 -5.344301222399999544e-03 0.000000000000000000e+00 0.000000000000000000e+00
2.051459998000000062e-01 -5.440835058399999882e-03 0.000000000000000000e+00 0.000000000000000000e+00
1.989572494999999885e-01 -5.537154436799999677e-03 0.000000000000000000e+00 0.000000000000000000e+00
1.927684843999999953e-01 -5.633179246800000019e-03 0.000000000000000000e+00 0.000000000000000000e+00
1.865797341000000054e-01 -5.728352070000000511e-03 0.000000000000000000e+00 0.000000000000000000e+00
1.803909837999999877e-01 -5.822824775599999905e-03 0.000000000000000000e+00 0.000000000000000000e+00
1.742022186999999944e-01 -5.916234791600000209e-03 0.000000000000000000e+00 0.000000000000000000e+00
1.680134684000000045e-01 -6.008111477200000876e-03 0.000000000000000000e+00 0.000000000000000000e+00
1.618247032000000030e-01 -6.098057627199999879e-03 0.000000000000000000e+00 0.000000000000000000e+00
1.556359529000000130e-01 -6.185666858000000295e-03 0.000000000000000000e+00 0.000000000000000000e+00
1.494471877999999920e-01 -6.270613314000000015e-03 0.000000000000000000e+00 0.000000000000000000e+00
1.432584375000000021e-01 -6.352649987600000187e-03 0.000000000000000000e+00 0.000000000000000000e+00
1.370696723000000006e-01 -6.431478144000000313e-03 0.000000000000000000e+00 0.000000000000000000e+00
1.308809220999999912e-01 -6.506565808400000331e-03 0.000000000000000000e+00 0.000000000000000000e+00
1.246921643999999996e-01 -6.576934576800000549e-03 0.000000000000000000e+00 0.000000000000000000e+00
1.185034065999999997e-01 -6.642149687599999477e-03 0.000000000000000000e+00 0.000000000000000000e+00
1.123146488999999942e-01 -6.701548576800000004e-03 0.000000000000000000e+00 0.000000000000000000e+00
1.061258912000000026e-01 -6.753657996399999551e-03 0.000000000000000000e+00 0.000000000000000000e+00
9.993714094000000214e-02 -6.796357570800000414e-03 0.000000000000000000e+00 0.000000000000000000e+00
9.374838321999999502e-02 -6.829366921999999694e-03 0.000000000000000000e+00 0.000000000000000000e+00
8.755962551000000260e-02 -6.847589134400000090e-03 0.000000000000000000e+00 0.000000000000000000e+00
8.137086778999999548e-02 -6.850557744799999627e-03 0.000000000000000000e+00 0.000000000000000000e+00
7.518211007000000223e-02 -6.832055986000000469e-03 0.000000000000000000e+00 0.000000000000000000e+00
6.899335234999999511e-02 -6.787561477200000117e-03 0.000000000000000000e+00 0.000000000000000000e+00
6.280459464000000269e-02 -6.711480795599999646e-03 0.000000000000000000e+00 0.000000000000000000e+00
5.661583692000000251e-02 -6.594555556400000067e-03 0.000000000000000000e+00 0.000000000000000000e+00
5.042708292999999869e-02 -6.425609766799999893e-03 0.000000000000000000e+00 0.000000000000000000e+00
4.423832520999999851e-02 -6.189515830400000099e-03 0.000000000000000000e+00 0.000000000000000000e+00
3.804956748999999833e-02 -5.866196095200000397e-03 0.000000000000000000e+00 0.000000000000000000e+00
3.186080976999999814e-02 -5.429551839600000110e-03 0.000000000000000000e+00 0.000000000000000000e+00
2.567205392000000003e-02 -4.849843143600000329e-03 0.000000000000000000e+00 0.000000000000000000e+00
1.948329619999999984e-02 -4.073126436400000168e-03 0.000000000000000000e+00 0.000000000000000000e+00
1.329454034999999999e-02 -3.069255828800000318e-03 0.000000000000000000e+00 0.000000000000000000e+00
7.105783093999999689e-03 -1.799125581960000098e-03 0.000000000000000000e+00 0.000000000000000000e+00
9.170261327999999854e-04 -2.541701979879999783e-04 0.000000000000000000e+00 0.000000000000000000e+00
