3.033407926999999837e+00 3.560489116800000242e-04 0.000000000000000000e+00 0.000000000000000000e+00
3.027219296000000170e+00 1.810363739800000069e-03 0.000000000000000000e+00 0.000000000000000000e+00
3.021030425999999824e+00 3.345210909599999859e-03 0.000000000000000000e+00 0.000000000000000000e+00
3.014841557000000005e+00 4.937758624400000011e-03 0.000000000000000000e+00 0.000000000000000000e+00
3.008652924999999811e+00 6.561756073600000412e-03 0.000000000000000000e+00 0.000000000000000000e+00
3.002464055999999992e+00 8.179114104000000801e-03 0.000000000000000000e+00 0.000000000000000000e+00
2.996275424999999881e+00 9.763359309199999905e-03 0.000000000000000000e+00 0.000000000000000000e+00
2.990086554999999979e+00 1.128459906560000045e-02 0.000000000000000000e+00 0.000000000000000000e+00
2.983897923999999868e+00 1.273321032479999941e-02 0.000000000000000000e+00 0.000000000000000000e+00
2.977709055000000049e+00 1.408338809080000170e-02 0.000000000000000000e+00 0.000000000000000000e+00
2.971520423999999938e+00 1.534671807199999849e-02 0.000000000000000000e+00 0.000000000000000000e+00
2.965331554000000036e+00 1.651309990959999932e-02 0.000000000000000000e+00 0.000000000000000000e+00
2.959142922999999925e+00 1.758089637640000008e-02 0.000000000000000000e+00 0.000000000000000000e+00
2.952954054000000106e+00 1.856459212439999854e-02 0.000000000000000000e+00 0.000000000000000000e+00
2.946765422999999995e+00 1.946740150320000126e-02 0.000000000000000000e+00 0.000000000000000000e+00
2.940576553000000093e+00 2.029185462079999974e-02 0.000000000000000000e+00 0.000000000000000000e+00
2.934387921999999982e+00 2.104136609960000071e-02 0.000000000000000000e+00 0.000000000000000000e+00
2.928199053000000163e+00 2.172715949880000066e-02 0.000000000000000000e+00 0.000000000000000000e+00
2.922010422000000052e+00 2.235455536720000122e-02 0.000000000000000000e+00 0.000000000000000000e+00
2.915821552000000150e+00 2.292929482479999850e-02 0.000000000000000000e+00 0.000000000000000000e+00
2.909632682999999886e+00 2.345581388360000116e-02 0.000000000000000000e+00 0.000000000000000000e+00
2.903444052000000219e+00 2.393852686960000128e-02 0.000000000000000000e+00 0.000000000000000000e+00
2.897255181999999873e+00 2.438150763439999799e-02 0.000000000000000000e+00 0.000000000000000000e+00
2.891066551000000207e+00 2.478848791159999829e-02 0.000000000000000000e+00 0.000000000000000000e+00
2.884877681999999943e+00 2.516309762120000001e-02 0.000000000000000000e+00 0.000000000000000000e+00
2.878689050999999832e+00 2.550831746960000035e-02 0.000000000000000000e+00 0.000000000000000000e+00
2.872500180999999930e+00 2.582692456120000077e-02 0.000000000000000000e+00 0.000000000000000000e+00
2.866311549999999819e+00 2.612158584560000246e-02 0.000000000000000000e+00 0.000000000000000000e+00
2.860122681000000000e+00 2.639470958600000083e-02 0.000000000000000000e+00 0.000000000000000000e+00
2.853934049999999889e+00 2.664843535479999997e-02 0.000000000000000000e+00 0.000000000000000000e+00
2.847745179999999987e+00 2.688310861600000032e-02 0.000000000000000000e+00 0.000000000000000000e+00
2.841556548999999876e+00 2.709864926440000085e-02 0.000000000000000000e+00 0.000000000000000000e+00
2.835367680000000057e+00 2.729995393719999996e-02 0.000000000000000000e+00 0.000000000000000000e+00
2.829179048999999946e+00 2.748833942399999883e-02 0.000000000000000000e+00 0.000000000000000000e+00
2.822990179000000044e+00 2.766478705480000105e-02 0.000000000000000000e+00 0.000000000000000000e+00
2.816801547999999933e+00 2.782688188560000081e-02 0.000000000000000000e+00 0.000000000000000000e+00
2.810612679000000114e+00 2.797774982519999828e-02 0.000000000000000000e+00 0.000000000000000000e+00
2.804423809000000212e+00 2.812018633200000228e-02 0.000000000000000000e+00 0.000000000000000000e+00
2.798235178000000101e+00 2.825408124000000284e-02 0.000000000000000000e+00 0.000000000000000000e+00
2.792046308999999837e+00 2.837640713600000225e-02 0.000000000000000000e+00 0.000000000000000000e+00
2.785857677000000088e+00 2.849293518400000322e-02 0.000000000000000000e+00 0.000000000000000000e+00
2.779668807999999824e+00 2.860349844799999972e-02 0.000000000000000000e+00 0.000000000000000000e+00
2.773480177000000158e+00 2.870464898000000056e-02 0.000000000000000000e+00 0.000000000000000000e+00
2.767291306999999811e+00 2.880175734800000456e-02 0.000000000000000000e+00 0.000000000000000000e+00
2.761102676000000145e+00 2.889316463599999815e-02 0.000000000000000000e+00 0.000000000000000000e+00
2.754913806999999881e+00 2.897806643200000198e-02 0.000000000000000000e+00 0.000000000000000000e+00
2.748725176000000214e+00 2.906020451600000234e-02 0.000000000000000000e+00 0.000000000000000000e+00
2.742536305999999868e+00 2.913553999999999797e-02 0.000000000000000000e+00 0.000000000000000000e+00
2.736347675000000201e+00 2.920797824000000154e-02 0.000000000000000000e+00 0.000000000000000000e+00
2.730158805999999938e+00 2.927619744000000204e-02 0.000000000000000000e+00 0.000000000000000000e+00
2.723970174999999827e+00 2.934032105200000060e-02 0.000000000000000000e+00 0.000000000000000000e+00
2.717781304999999925e+00 2.940224503999999683e-02 0.000000000000000000e+00 0.000000000000000000e+00
2.711592673999999814e+00 2.945928907600000105e-02 0.000000000000000000e+00 0.000000000000000000e+00
2.705403804999999995e+00 2.951535509999999793e-02 0.000000000000000000e+00 0.000000000000000000e+00
2.699215173999999884e+00 2.956625747600000187e-02 0.000000000000000000e+00 0.000000000000000000e+00
2.693026303999999982e+00 2.961662244800000385e-02 0.000000000000000000e+00 0.000000000000000000e+00
2.686837435000000163e+00 2.966247463200000212e-02 0.000000000000000000e+00 0.000000000000000000e+00
2.680648804000000052e+00 2.970790958799999701e-02 0.000000000000000000e+00 0.000000000000000000e+00
2.674459934000000150e+00 2.974884844400000131e-02 0.000000000000000000e+00 0.000000000000000000e+00
2.668271303000000039e+00 2.978980065599999907e-02 0.000000000000000000e+00 0.000000000000000000e+00
2.662082434000000219e+00 2.982605981600000220e-02 0.000000000000000000e+00 0.000000000000000000e+00
2.655893803000000108e+00 2.986193848400000433e-02 0.000000000000000000e+00 0.000000000000000000e+00
2.649704933000000207e+00 2.989501667600000245e-02 0.000000000000000000e+00 0.000000000000000000e+00
2.643516302000000096e+00 2.992592192799999745e-02 0.000000000000000000e+00 0.000000000000000000e+00
2.637327432999999832e+00 2.995676709200000010e-02 0.000000000000000000e+00 0.000000000000000000e+00
2.631138802000000165e+00 2.998300600399999780e-02 0.000000000000000000e+00 0.000000000000000000e+00
2.624949931999999819e+00 3.000915478400000003e-02 0.000000000000000000e+00 0.000000000000000000e+00
2.618761301000000152e+00 3.003443240000000167e-02 0.000000000000000000e+00 0.000000000000000000e+00
2.612572431999999889e+00 3.005585480800000014e-02 0.000000000000000000e+00 0.000000000000000000e+00
2.606383800999999778e+00 3.007732391999999935e-02 0.000000000000000000e+00 0.000000000000000000e+00
2.600194930999999876e+00 3.009806203599999994e-02 0.000000000000000000e+00 0.000000000000000000e+00
2.594006300000000209e+00 3.011493491999999925e-02 0.000000000000000000e+00 0.000000000000000000e+00
2.587817429999999863e+00 3.013183451599999937e-02 0.000000000000000000e+00 0.000000000000000000e+00
2.581628561000000044e+00 3.014871406399999981e-02 0.000000000000000000e+00 0.000000000000000000e+00
2.575439929999999933e+00 3.016167165200000361e-02 0.000000000000000000e+00 0.000000000000000000e+00
2.569251060000000031e+00 3.017417191600000118e-02 0.000000000000000000e+00 0.000000000000000000e+00
2.563062428999999920e+00 3.018666887600000154e-02 0.000000000000000000e+00 0.000000000000000000e+00
2.556873560000000101e+00 3.019757700399999800e-02 0.000000000000000000e+00 0.000000000000000000e+00
2.550684928999999990e+00 3.020616866400000280e-02 0.000000000000000000e+00 0.000000000000000000e+00
2.544496059000000088e+00 3.021476362799999787e-02 0.000000000000000000e+00 0.000000000000000000e+00
2.538307427999999977e+00 3.022335528800000268e-02 0.000000000000000000e+00 0.000000000000000000e+00
2.532118559000000158e+00 3.022932004400000205e-02 0.000000000000000000e+00 0.000000000000000000e+00
2.525929928000000046e+00 3.023403977999999936e-02 0.000000000000000000e+00 0.000000000000000000e+00
2.519741058000000145e+00 3.023876284800000244e-02 0.000000000000000000e+00 0.000000000000000000e+00
2.513552427000000034e+00 3.024347925200000092e-02 0.000000000000000000e+00 0.000000000000000000e+00
2.507363558000000214e+00 3.024564886000000521e-02 0.000000000000000000e+00 0.000000000000000000e+00
2.501174927000000103e+00 3.024680374800000141e-02 0.000000000000000000e+00 0.000000000000000000e+00
2.494986057000000201e+00 3.024796199600000152e-02 0.000000000000000000e+00 0.000000000000000000e+00
2.488797426000000090e+00 3.024911688399999771e-02 0.000000000000000000e+00 0.000000000000000000e+00
2.482608556999999827e+00 3.024851608800000272e-02 0.000000000000000000e+00 0.000000000000000000e+00
2.476419926000000160e+00 3.024633312399999802e-02 0.000000000000000000e+00 0.000000000000000000e+00
2.470231055999999814e+00 3.024415349199999908e-02 0.000000000000000000e+00 0.000000000000000000e+00
2.464042186999999995e+00 3.024197052800000479e-02 0.000000000000000000e+00 0.000000000000000000e+00
2.457853555999999884e+00 3.023944377999999988e-02 0.000000000000000000e+00 0.000000000000000000e+00
2.451664685999999982e+00 3.023440028000000043e-02 0.000000000000000000e+00 0.000000000000000000e+00
2.445476054999999871e+00 3.022936677600000094e-02 0.000000000000000000e+00 0.000000000000000000e+00
2.439287186000000052e+00 3.022432994000000261e-02 0.000000000000000000e+00 0.000000000000000000e+00
2.433098554999999941e+00 3.021928977199999852e-02 0.000000000000000000e+00 0.000000000000000000e+00
2.426909685000000039e+00 3.021287441199999729e-02 0.000000000000000000e+00 0.000000000000000000e+00
2.420721053999999928e+00 3.020518398800000129e-02 0.000000000000000000e+00 0.000000000000000000e+00
2.414532185000000108e+00 3.019750022799999947e-02 0.000000000000000000e+00 0.000000000000000000e+00
2.408343553999999997e+00 3.018981646800000113e-02 0.000000000000000000e+00 0.000000000000000000e+00
2.402154684000000096e+00 3.018212271199999935e-02 0.000000000000000000e+00 0.000000000000000000e+00
2.395966052999999985e+00 3.017239951599999873e-02 0.000000000000000000e+00 0.000000000000000000e+00
2.389777184000000165e+00 3.016190195200000104e-02 0.000000000000000000e+00 0.000000000000000000e+00
2.383588551999999972e+00 3.015138770000000412e-02 0.000000000000000000e+00 0.000000000000000000e+00
2.377399683000000152e+00 3.014088344400000022e-02 0.000000000000000000e+00 0.000000000000000000e+00
2.371211052000000041e+00 3.013039254400000019e-02 0.000000000000000000e+00 0.000000000000000000e+00
2.365022182000000139e+00 3.011764193200000203e-02 0.000000000000000000e+00 0.000000000000000000e+00
2.358833312999999876e+00 3.010421038800000296e-02 0.000000000000000000e+00 0.000000000000000000e+00
2.352644682000000209e+00 3.009076548800000001e-02 0.000000000000000000e+00 0.000000000000000000e+00
2.346455811999999863e+00 3.007733058400000048e-02 0.000000000000000000e+00 0.000000000000000000e+00
2.340267181000000196e+00 3.006390570399999906e-02 0.000000000000000000e+00 0.000000000000000000e+00
2.334078311999999933e+00 3.004872847200000183e-02 0.000000000000000000e+00 0.000000000000000000e+00
2.327889680999999822e+00 3.003272342000000081e-02 0.000000000000000000e+00 0.000000000000000000e+00
2.321700810999999920e+00 3.001672172800000024e-02 0.000000000000000000e+00 0.000000000000000000e+00
2.315512179999999809e+00 3.000072003599999620e-02 0.000000000000000000e+00 0.000000000000000000e+00
2.309323310999999990e+00 2.998471165199999983e-02 0.000000000000000000e+00 0.000000000000000000e+00
2.303134679999999879e+00 2.996747826799999945e-02 0.000000000000000000e+00 0.000000000000000000e+00
2.296945809999999977e+00 2.994891978399999780e-02 0.000000000000000000e+00 0.000000000000000000e+00
2.290757178999999866e+00 2.993035793999999916e-02 0.000000000000000000e+00 0.000000000000000000e+00
2.284568310000000047e+00 2.991179609600000053e-02 0.000000000000000000e+00 0.000000000000000000e+00
2.278379678999999935e+00 2.989323758400000072e-02 0.000000000000000000e+00 0.000000000000000000e+00
2.272190809000000034e+00 2.987420178399999987e-02 0.000000000000000000e+00 0.000000000000000000e+00
2.266002177999999923e+00 2.985336017999999647e-02 0.000000000000000000e+00 0.000000000000000000e+00
2.259813309000000103e+00 2.983252190799999884e-02 0.000000000000000000e+00 0.000000000000000000e+00
2.253624439000000201e+00 2.981170701599999973e-02 0.000000000000000000e+00 0.000000000000000000e+00
2.247435808000000090e+00 2.979087210399999908e-02 0.000000000000000000e+00 0.000000000000000000e+00
2.241246938999999827e+00 2.977003716399999680e-02 0.000000000000000000e+00 0.000000000000000000e+00
2.235058308000000160e+00 2.974776697200000319e-02 0.000000000000000000e+00 0.000000000000000000e+00
2.228869437999999814e+00 2.972533989600000329e-02 0.000000000000000000e+00 0.000000000000000000e+00
2.222680807000000147e+00 2.970295619199999834e-02 0.000000000000000000e+00 0.000000000000000000e+00
2.216491937999999884e+00 2.968056582400000268e-02 0.000000000000000000e+00 0.000000000000000000e+00
2.210303307000000217e+00 2.965813874800000277e-02 0.000000000000000000e+00 0.000000000000000000e+00
2.204114436999999871e+00 2.963484717199999646e-02 0.000000000000000000e+00 0.000000000000000000e+00
2.197925806000000204e+00 2.961093472400000079e-02 0.000000000000000000e+00 0.000000000000000000e+00
2.191736936999999941e+00 2.958704232400000134e-02 0.000000000000000000e+00 0.000000000000000000e+00
2.185548305999999830e+00 2.956314659200000305e-02 0.000000000000000000e+00 0.000000000000000000e+00
2.179359435999999928e+00 2.953924416800000202e-02 0.000000000000000000e+00 0.000000000000000000e+00
2.173170804999999817e+00 2.951504469199999967e-02 0.000000000000000000e+00 0.000000000000000000e+00
2.166981935999999997e+00 2.949015425999999829e-02 0.000000000000000000e+00 0.000000000000000000e+00
2.160793303999999804e+00 2.946526385600000200e-02 0.000000000000000000e+00 0.000000000000000000e+00
2.154604434999999985e+00 2.944037342399999715e-02 0.000000000000000000e+00 0.000000000000000000e+00
2.148415803999999873e+00 2.941547965999999695e-02 0.000000000000000000e+00 0.000000000000000000e+00
2.142226933999999972e+00 2.939047241200000091e-02 0.000000000000000000e+00 0.000000000000000000e+00
2.136038065000000152e+00 2.936391306800000336e-02 0.000000000000000000e+00 0.000000000000000000e+00
2.129849434000000041e+00 2.933733700799999802e-02 0.000000000000000000e+00 0.000000000000000000e+00
2.123660564000000139e+00 2.931076097599999777e-02 0.000000000000000000e+00 0.000000000000000000e+00
2.117471933000000028e+00 2.928418827599999982e-02 0.000000000000000000e+00 0.000000000000000000e+00
2.111283064000000209e+00 2.925761557600000187e-02 0.000000000000000000e+00 0.000000000000000000e+00
2.105094433000000098e+00 2.923066902000000244e-02 0.000000000000000000e+00 0.000000000000000000e+00
2.098905563000000196e+00 2.920369578000000035e-02 0.000000000000000000e+00 0.000000000000000000e+00
2.092716932000000085e+00 2.917672920399999939e-02 0.000000000000000000e+00 0.000000000000000000e+00
2.086528062999999822e+00 2.914975929599999960e-02 0.000000000000000000e+00 0.000000000000000000e+00
2.080339432000000155e+00 2.912278938799999981e-02 0.000000000000000000e+00 0.000000000000000000e+00
2.074150561999999809e+00 2.909383010800000238e-02 0.000000000000000000e+00 0.000000000000000000e+00
2.067961931000000142e+00 2.906478072400000071e-02 0.000000000000000000e+00 0.000000000000000000e+00
2.061773061999999879e+00 2.903573464400000317e-02 0.000000000000000000e+00 0.000000000000000000e+00
2.055584431000000212e+00 2.900668859199999686e-02 0.000000000000000000e+00 0.000000000000000000e+00
2.049395560999999866e+00 2.897750900800000196e-02 0.000000000000000000e+00 0.000000000000000000e+00
2.043206930000000199e+00 2.894747830799999921e-02 0.000000000000000000e+00 0.000000000000000000e+00
2.037018060999999935e+00 2.891744757999999832e-02 0.000000000000000000e+00 0.000000000000000000e+00
2.030829191000000034e+00 2.888741685200000089e-02 0.000000000000000000e+00 0.000000000000000000e+00
2.024640559999999923e+00 2.885738612400000000e-02 0.000000000000000000e+00 0.000000000000000000e+00
2.018451691000000103e+00 2.882678794799999750e-02 0.000000000000000000e+00 0.000000000000000000e+00
2.012263059999999992e+00 2.879550217600000336e-02 0.000000000000000000e+00 0.000000000000000000e+00
2.006074190000000090e+00 2.876422978800000085e-02 0.000000000000000000e+00 0.000000000000000000e+00
1.999885558999999979e+00 2.873295737200000019e-02 0.000000000000000000e+00 0.000000000000000000e+00
1.993696809000000014e+00 2.870166493600000146e-02 0.000000000000000000e+00 0.000000000000000000e+00
1.987508059000000049e+00 2.866952466000000088e-02 0.000000000000000000e+00 0.000000000000000000e+00
1.981319308000000001e+00 2.863680027600000108e-02 0.000000000000000000e+00 0.000000000000000000e+00
1.975130438999999960e+00 2.860412598400000408e-02 0.000000000000000000e+00 0.000000000000000000e+00
1.968941688999999995e+00 2.857143164399999699e-02 0.000000000000000000e+00 0.000000000000000000e+00
1.962752937999999947e+00 2.853869390400000372e-02 0.000000000000000000e+00 0.000000000000000000e+00
1.956564187999999982e+00 2.850592948000000085e-02 0.000000000000000000e+00 0.000000000000000000e+00
1.950375438000000017e+00 2.847313165200000135e-02 0.000000000000000000e+00 0.000000000000000000e+00
1.944186686999999969e+00 2.844033385200000347e-02 0.000000000000000000e+00 0.000000000000000000e+00
1.937997937000000004e+00 2.840753602399999703e-02 0.000000000000000000e+00 0.000000000000000000e+00
1.931809187000000039e+00 2.837472153599999991e-02 0.000000000000000000e+00 0.000000000000000000e+00
1.925620437000000074e+00 2.834153985599999898e-02 0.000000000000000000e+00 0.000000000000000000e+00
1.919431686000000026e+00 2.830730341600000075e-02 0.000000000000000000e+00 0.000000000000000000e+00
1.913242936000000061e+00 2.827306031200000139e-02 0.000000000000000000e+00 0.000000000000000000e+00
1.907054186000000096e+00 2.823876381199999855e-02 0.000000000000000000e+00 0.000000000000000000e+00
1.900865435999999908e+00 2.820451401599999991e-02 0.000000000000000000e+00 0.000000000000000000e+00
1.894676685000000083e+00 2.817025755600000014e-02 0.000000000000000000e+00 0.000000000000000000e+00
1.888487934999999895e+00 2.813591432399999842e-02 0.000000000000000000e+00 0.000000000000000000e+00
1.882299184999999930e+00 2.810154104800000052e-02 0.000000000000000000e+00 0.000000000000000000e+00
1.876110434999999965e+00 2.806714106000000181e-02 0.000000000000000000e+00 0.000000000000000000e+00
1.869921683999999917e+00 2.803274773600000422e-02 0.000000000000000000e+00 0.000000000000000000e+00
1.863732815000000098e+00 2.799839115080000190e-02 0.000000000000000000e+00 0.000000000000000000e+00
1.857544064999999911e+00 2.796276283360000017e-02 0.000000000000000000e+00 0.000000000000000000e+00
1.851355314000000085e+00 2.792683911359999938e-02 0.000000000000000000e+00 0.000000000000000000e+00
1.845166563999999898e+00 2.789089870559999934e-02 0.000000000000000000e+00 0.000000000000000000e+00
1.838977813999999933e+00 2.785495662599999853e-02 0.000000000000000000e+00 0.000000000000000000e+00
1.832789063000000107e+00 2.781903624639999947e-02 0.000000000000000000e+00 0.000000000000000000e+00
1.826600312999999920e+00 2.778217458800000261e-02 0.000000000000000000e+00 0.000000000000000000e+00
1.820411562999999955e+00 2.774466705360000007e-02 0.000000000000000000e+00 0.000000000000000000e+00
1.814222812999999990e+00 2.770715951920000100e-02 0.000000000000000000e+00 0.000000000000000000e+00
1.808034061999999942e+00 2.766965365359999943e-02 0.000000000000000000e+00 0.000000000000000000e+00
1.801845311999999977e+00 2.763214611920000383e-02 0.000000000000000000e+00 0.000000000000000000e+00
1.795656562000000012e+00 2.759413790840000227e-02 0.000000000000000000e+00 0.000000000000000000e+00
1.789467812000000047e+00 2.755533194680000186e-02 0.000000000000000000e+00 0.000000000000000000e+00
1.783279060999999999e+00 2.751652765399999895e-02 0.000000000000000000e+00 0.000000000000000000e+00
1.777090311000000034e+00 2.747772169240000201e-02 0.000000000000000000e+00 0.000000000000000000e+00
1.770901561000000068e+00 2.743891739959999909e-02 0.000000000000000000e+00 0.000000000000000000e+00
1.764712811000000103e+00 2.739985776080000254e-02 0.000000000000000000e+00 0.000000000000000000e+00
1.758524060000000055e+00 2.735926103679999985e-02 0.000000000000000000e+00 0.000000000000000000e+00
1.752335191000000014e+00 2.731873273919999817e-02 0.000000000000000000e+00 0.000000000000000000e+00
1.746146441000000049e+00 2.727820611040000093e-02 0.000000000000000000e+00 0.000000000000000000e+00
1.739957690000000001e+00 2.723767447520000079e-02 0.000000000000000000e+00 0.000000000000000000e+00
1.733768940000000036e+00 2.719701433119999998e-02 0.000000000000000000e+00 0.000000000000000000e+00
1.727580190000000071e+00 2.715469026480000006e-02 0.000000000000000000e+00 0.000000000000000000e+00
1.721391439000000023e+00 2.711209416440000033e-02 0.000000000000000000e+00 0.000000000000000000e+00
1.715202689000000058e+00 2.706958484719999836e-02 0.000000000000000000e+00 0.000000000000000000e+00
1.709013939000000093e+00 2.702702712920000000e-02 0.000000000000000000e+00 0.000000000000000000e+00
1.702825188999999906e+00 2.698434758320000099e-02 0.000000000000000000e+00 0.000000000000000000e+00
1.696636438000000080e+00 2.694027614600000287e-02 0.000000000000000000e+00 0.000000000000000000e+00
1.690447687999999893e+00 2.689501643080000060e-02 0.000000000000000000e+00 0.000000000000000000e+00
1.684258937999999928e+00 2.684979677240000029e-02 0.000000000000000000e+00 0.000000000000000000e+00
1.678070187999999963e+00 2.680457544239999920e-02 0.000000000000000000e+00 0.000000000000000000e+00
1.671881436999999915e+00 2.675928568880000039e-02 0.000000000000000000e+00 0.000000000000000000e+00
1.665692686999999950e+00 2.671333670599999877e-02 0.000000000000000000e+00 0.000000000000000000e+00
1.659503936999999985e+00 2.666511464120000299e-02 0.000000000000000000e+00 0.000000000000000000e+00
1.653315187000000019e+00 2.661689090759999932e-02 0.000000000000000000e+00 0.000000000000000000e+00
1.647126316999999895e+00 2.656859207240000118e-02 0.000000000000000000e+00 0.000000000000000000e+00
1.640937566999999930e+00 2.652033829760000114e-02 0.000000000000000000e+00 0.000000000000000000e+00
1.634748816000000105e+00 2.647208285400000013e-02 0.000000000000000000e+00 0.000000000000000000e+00
1.628560065999999917e+00 2.642036437880000005e-02 0.000000000000000000e+00 0.000000000000000000e+00
1.622371315999999952e+00 2.636822700400000274e-02 0.000000000000000000e+00 0.000000000000000000e+00
1.616182565999999987e+00 2.631596612960000053e-02 0.000000000000000000e+00 0.000000000000000000e+00
1.609993814999999939e+00 2.626373195599999988e-02 0.000000000000000000e+00 0.000000000000000000e+00
1.603805064999999974e+00 2.621156954639999870e-02 0.000000000000000000e+00 0.000000000000000000e+00
1.597616315000000009e+00 2.615734267160000140e-02 0.000000000000000000e+00 0.000000000000000000e+00
1.591427565000000044e+00 2.610136675720000146e-02 0.000000000000000000e+00 0.000000000000000000e+00
1.585238813999999996e+00 2.604528236520000165e-02 0.000000000000000000e+00 0.000000000000000000e+00
1.579050064000000031e+00 2.598919797039999854e-02 0.000000000000000000e+00 0.000000000000000000e+00
1.572861314000000066e+00 2.593313693880000201e-02 0.000000000000000000e+00 0.000000000000000000e+00
1.566672564000000101e+00 2.587633156640000223e-02 0.000000000000000000e+00 0.000000000000000000e+00
1.560483813000000053e+00 2.581568932600000060e-02 0.000000000000000000e+00 0.000000000000000000e+00
1.554295063000000088e+00 2.575496196840000238e-02 0.000000000000000000e+00 0.000000000000000000e+00
1.548106312999999901e+00 2.569423294200000318e-02 0.000000000000000000e+00 0.000000000000000000e+00
1.541917562000000075e+00 2.563350558160000167e-02 0.000000000000000000e+00 0.000000000000000000e+00
1.535728693000000034e+00 2.557279324600000153e-02 0.000000000000000000e+00 0.000000000000000000e+00
1.529539943000000068e+00 2.550855112120000226e-02 0.000000000000000000e+00 0.000000000000000000e+00
1.523351192000000021e+00 2.544335269839999997e-02 0.000000000000000000e+00 0.000000000000000000e+00
1.517162442000000055e+00 2.537815761600000289e-02 0.000000000000000000e+00 0.000000000000000000e+00
1.510973692000000090e+00 2.531298089039999907e-02 0.000000000000000000e+00 0.000000000000000000e+00
1.504784941999999903e+00 2.524780416479999873e-02 0.000000000000000000e+00 0.000000000000000000e+00
1.498596191000000077e+00 2.518053793920000186e-02 0.000000000000000000e+00 0.000000000000000000e+00
1.492407440999999890e+00 2.511016750199999981e-02 0.000000000000000000e+00 0.000000000000000000e+00
1.486218690999999925e+00 2.503979706760000104e-02 0.000000000000000000e+00 0.000000000000000000e+00
1.480029940999999960e+00 2.496942663319999881e-02 0.000000000000000000e+00 0.000000000000000000e+00
1.473841189999999912e+00 2.489905619600000022e-02 0.000000000000000000e+00 0.000000000000000000e+00
1.467652439999999947e+00 2.482864737640000027e-02 0.000000000000000000e+00 0.000000000000000000e+00
1.461463689999999982e+00 2.475127577719999847e-02 0.000000000000000000e+00 0.000000000000000000e+00
1.455274940000000017e+00 2.467380905080000103e-02 0.000000000000000000e+00 0.000000000000000000e+00
1.449086188999999969e+00 2.459634399319999762e-02 0.000000000000000000e+00 0.000000000000000000e+00
1.442897439000000004e+00 2.451887893560000115e-02 0.000000000000000000e+00 0.000000000000000000e+00
1.436708689000000039e+00 2.444136714880000213e-02 0.000000000000000000e+00 0.000000000000000000e+00
1.430519937999999991e+00 2.435962295480000039e-02 0.000000000000000000e+00 0.000000000000000000e+00
1.424331068999999950e+00 2.427444243560000076e-02 0.000000000000000000e+00 0.000000000000000000e+00
1.418142318999999985e+00 2.418918681199999990e-02 0.000000000000000000e+00 0.000000000000000000e+00
1.411953567999999937e+00 2.410391950679999923e-02 0.000000000000000000e+00 0.000000000000000000e+00
1.405764817999999972e+00 2.401876401960000018e-02 0.000000000000000000e+00 0.000000000000000000e+00
1.399576068000000006e+00 2.393277907440000130e-02 0.000000000000000000e+00 0.000000000000000000e+00
1.393387318000000041e+00 2.383978128559999937e-02 0.000000000000000000e+00 0.000000000000000000e+00
1.387198566999999993e+00 2.374678349400000110e-02 0.000000000000000000e+00 0.000000000000000000e+00
1.381009817000000028e+00 2.365378737400000014e-02 0.000000000000000000e+00 0.000000000000000000e+00
1.374821067000000063e+00 2.356078958520000169e-02 0.000000000000000000e+00 0.000000000000000000e+00
1.368632317000000098e+00 2.346779179639999977e-02 0.000000000000000000e+00 0.000000000000000000e+00
1.362443566000000050e+00 2.337051319960000220e-02 0.000000000000000000e+00 0.000000000000000000e+00
1.356254816000000085e+00 2.327086806240000194e-02 0.000000000000000000e+00 0.000000000000000000e+00
1.350066065999999898e+00 2.317128968279999826e-02 0.000000000000000000e+00 0.000000000000000000e+00
1.343877315999999933e+00 2.307179975520000023e-02 0.000000000000000000e+00 0.000000000000000000e+00
1.337688565000000107e+00 2.297220635359999846e-02 0.000000000000000000e+00 0.000000000000000000e+00
1.331499814999999920e+00 2.287080883920000057e-02 0.000000000000000000e+00 0.000000000000000000e+00
1.325311064999999955e+00 2.276050424480000056e-02 0.000000000000000000e+00 0.000000000000000000e+00
1.319122313999999907e+00 2.265031981519999987e-02 0.000000000000000000e+00 0.000000000000000000e+00
1.312933445000000088e+00 2.254036235920000089e-02 0.000000000000000000e+00 0.000000000000000000e+00
1.306744694999999901e+00 2.243032646120000223e-02 0.000000000000000000e+00 0.000000000000000000e+00
1.300555944000000075e+00 2.232009529960000266e-02 0.000000000000000000e+00 0.000000000000000000e+00
1.294367194000000110e+00 2.220725560200000059e-02 0.000000000000000000e+00 0.000000000000000000e+00
1.288178443999999923e+00 2.209329605000000252e-02 0.000000000000000000e+00 0.000000000000000000e+00
1.281989693999999957e+00 2.197950840119999860e-02 0.000000000000000000e+00 0.000000000000000000e+00
1.275800942999999910e+00 2.186572074959999834e-02 0.000000000000000000e+00 0.000000000000000000e+00
1.269612192999999944e+00 2.175191807879999981e-02 0.000000000000000000e+00 0.000000000000000000e+00
1.263423442999999979e+00 2.163632464279999917e-02 0.000000000000000000e+00 0.000000000000000000e+00
1.257234693000000014e+00 2.151329278839999790e-02 0.000000000000000000e+00 0.000000000000000000e+00
1.251045941999999966e+00 2.139038610520000230e-02 0.000000000000000000e+00 0.000000000000000000e+00
1.244857192000000001e+00 2.126747941919999996e-02 0.000000000000000000e+00 0.000000000000000000e+00
1.238668442000000036e+00 2.114457440480000186e-02 0.000000000000000000e+00 0.000000000000000000e+00
1.232479692000000071e+00 2.102166771879999951e-02 0.000000000000000000e+00 0.000000000000000000e+00
1.226290941000000023e+00 2.089770460120000256e-02 0.000000000000000000e+00 0.000000000000000000e+00
1.220102191000000058e+00 2.077335929760000185e-02 0.000000000000000000e+00 0.000000000000000000e+00
1.213913441000000093e+00 2.064900398119999883e-02 0.000000000000000000e+00 0.000000000000000000e+00
1.207724690000000045e+00 2.052464699879999813e-02 0.000000000000000000e+00 0.000000000000000000e+00
1.201535821000000004e+00 2.040029168239999857e-02 0.000000000000000000e+00 0.000000000000000000e+00
1.195347071000000039e+00 2.027513027120000227e-02 0.000000000000000000e+00 0.000000000000000000e+00
1.189158319999999991e+00 2.014210486400000097e-02 0.000000000000000000e+00 0.000000000000000000e+00
1.182969570000000026e+00 2.000877904760000117e-02 0.000000000000000000e+00 0.000000000000000000e+00
1.176780820000000061e+00 1.987545323400000119e-02 0.000000000000000000e+00 0.000000000000000000e+00
1.170592070000000096e+00 1.974212741760000139e-02 0.000000000000000000e+00 0.000000000000000000e+00
1.164403319000000048e+00 1.960933733079999949e-02 0.000000000000000000e+00 0.000000000000000000e+00
1.158214569000000083e+00 1.946849298520000188e-02 0.000000000000000000e+00 0.000000000000000000e+00
1.152025818999999895e+00 1.932117486040000123e-02 0.000000000000000000e+00 0.000000000000000000e+00
1.145837068999999930e+00 1.917326760159999977e-02 0.000000000000000000e+00 0.000000000000000000e+00
1.139648318000000105e+00 1.902536201439999908e-02 0.000000000000000000e+00 0.000000000000000000e+00
1.133459567999999917e+00 1.887811732240000234e-02 0.000000000000000000e+00 0.000000000000000000e+00
1.127270817999999952e+00 1.873133659320000075e-02 0.000000000000000000e+00 0.000000000000000000e+00
1.121082066999999904e+00 1.858539700640000208e-02 0.000000000000000000e+00 0.000000000000000000e+00
1.114893316999999939e+00 1.843942070039999992e-02 0.000000000000000000e+00 0.000000000000000000e+00
1.108704566999999974e+00 1.829289197960000043e-02 0.000000000000000000e+00 0.000000000000000000e+00
1.102515817000000009e+00 1.814718437279999944e-02 0.000000000000000000e+00 0.000000000000000000e+00
1.096327065999999961e+00 1.800148677880000075e-02 0.000000000000000000e+00 0.000000000000000000e+00
1.090138196999999920e+00 1.784670019159999982e-02 0.000000000000000000e+00 0.000000000000000000e+00
1.083949446999999955e+00 1.768984413279999987e-02 0.000000000000000000e+00 0.000000000000000000e+00
1.077760695999999907e+00 1.753369236080000101e-02 0.000000000000000000e+00 0.000000000000000000e+00
1.071571945999999942e+00 1.737722182280000000e-02 0.000000000000000000e+00 0.000000000000000000e+00
1.065383195999999977e+00 1.722077131320000343e-02 0.000000000000000000e+00 0.000000000000000000e+00
1.059194446000000012e+00 1.706661224240000121e-02 0.000000000000000000e+00 0.000000000000000000e+00
1.053005694999999964e+00 1.691317915839999839e-02 0.000000000000000000e+00 0.000000000000000000e+00
1.046816944999999999e+00 1.675980448800000119e-02 0.000000000000000000e+00 0.000000000000000000e+00
1.040628195000000034e+00 1.660643148360000168e-02 0.000000000000000000e+00 0.000000000000000000e+00
1.034439445000000068e+00 1.644948530119999877e-02 0.000000000000000000e+00 0.000000000000000000e+00
1.028250694000000021e+00 1.628892088040000130e-02 0.000000000000000000e+00 0.000000000000000000e+00
1.022061944000000056e+00 1.612837648520000153e-02 0.000000000000000000e+00 0.000000000000000000e+00
1.015873194000000090e+00 1.596785879079999984e-02 0.000000000000000000e+00 0.000000000000000000e+00
1.009684443000000043e+00 1.580771493840000055e-02 0.000000000000000000e+00 0.000000000000000000e+00
1.003495693000000077e+00 1.564977741320000212e-02 0.000000000000000000e+00 0.000000000000000000e+00
9.973068832999999467e-01 1.549143934239999992e-02 0.000000000000000000e+00 0.000000000000000000e+00
9.911181330999999650e-01 1.533310294040000042e-02 0.000000000000000000e+00 0.000000000000000000e+00
9.849293827999999751e-01 1.517558932399999845e-02 0.000000000000000000e+00 0.000000000000000000e+00
9.787406324999999851e-01 1.501503491320000175e-02 0.000000000000000000e+00 0.000000000000000000e+00
9.725518823000000035e-01 1.485248279480000030e-02 0.000000000000000000e+00 0.000000000000000000e+00
9.663631320000000136e-01 1.468936491120000250e-02 0.000000000000000000e+00 0.000000000000000000e+00
9.601743817000000236e-01 1.452741193680000091e-02 0.000000000000000000e+00 0.000000000000000000e+00
9.539855718999999956e-01 1.436546897799999972e-02 0.000000000000000000e+00 0.000000000000000000e+00
9.477968216000000057e-01 1.420353436599999970e-02 0.000000000000000000e+00 0.000000000000000000e+00
9.416080713000000157e-01 1.404211878720000063e-02 0.000000000000000000e+00 0.000000000000000000e+00
9.354193211000000341e-01 1.388052964200000086e-02 0.000000000000000000e+00 0.000000000000000000e+00
9.292305708000000442e-01 1.371799922079999963e-02 0.000000000000000000e+00 0.000000000000000000e+00
9.230418205000000542e-01 1.355453753359999944e-02 0.000000000000000000e+00 0.000000000000000000e+00
9.168530702999999615e-01 1.339180934559999932e-02 0.000000000000000000e+00 0.000000000000000000e+00
9.106643199999999716e-01 1.322867894039999985e-02 0.000000000000000000e+00 0.000000000000000000e+00
9.044755696999999817e-01 1.306523060920000007e-02 0.000000000000000000e+00 0.000000000000000000e+00
8.982867598999999537e-01 1.290265178720000072e-02 0.000000000000000000e+00 0.000000000000000000e+00
8.920980095999999637e-01 1.274024569999999967e-02 0.000000000000000000e+00 0.000000000000000000e+00
8.859092592999999738e-01 1.257772028519999960e-02 0.000000000000000000e+00 0.000000000000000000e+00
8.797205090999999921e-01 1.241474843000000064e-02 0.000000000000000000e+00 0.000000000000000000e+00
8.735317588000000022e-01 1.225211870679999981e-02 0.000000000000000000e+00 0.000000000000000000e+00
8.673430085000000123e-01 1.208951318399999891e-02 0.000000000000000000e+00 0.000000000000000000e+00
8.611542583000000306e-01 1.192764949879999981e-02 0.000000000000000000e+00 0.000000000000000000e+00
8.549655080000000407e-01 1.176662695320000035e-02 0.000000000000000000e+00 0.000000000000000000e+00
8.487767577000000507e-01 1.160550677720000035e-02 0.000000000000000000e+00 0.000000000000000000e+00
8.425879478000000145e-01 1.144481051000000027e-02 0.000000000000000000e+00 0.000000000000000000e+00
8.363991976000000328e-01 1.128560459599999878e-02 0.000000000000000000e+00 0.000000000000000000e+00
8.302104473000000429e-01 1.112528717439999898e-02 0.000000000000000000e+00 0.000000000000000000e+00
8.240216970000000529e-01 1.096523761759999986e-02 0.000000000000000000e+00 0.000000000000000000e+00
8.178329467999999602e-01 1.080666506360000029e-02 0.000000000000000000e+00 0.000000000000000000e+00
8.116441964999999703e-01 1.064839124720000016e-02 0.000000000000000000e+00 0.000000000000000000e+00
8.054554461999999804e-01 1.048959839479999927e-02 0.000000000000000000e+00 0.000000000000000000e+00
7.992666959999999987e-01 1.033164668199999976e-02 0.000000000000000000e+00 0.000000000000000000e+00
7.930779457000000088e-01 1.017361318960000038e-02 0.000000000000000000e+00 0.000000000000000000e+00
7.868891357999999725e-01 1.001559722520000036e-02 0.000000000000000000e+00 0.000000000000000000e+00
7.807003855999999908e-01 9.857785702799999605e-03 0.000000000000000000e+00 0.000000000000000000e+00
7.745116353000000009e-01 9.700902937600000206e-03 0.000000000000000000e+00 0.000000000000000000e+00
7.683228850000000110e-01 9.544943094400000147e-03 0.000000000000000000e+00 0.000000000000000000e+00
7.621341348000000293e-01 9.388583540000000269e-03 0.000000000000000000e+00 0.000000000000000000e+00
7.559453845000000394e-01 9.232657075600000235e-03 0.000000000000000000e+00 0.000000000000000000e+00
7.497566342000000494e-01 9.077725291600001120e-03 0.000000000000000000e+00 0.000000000000000000e+00
7.435678839999999568e-01 8.922488092000000620e-03 0.000000000000000000e+00 0.000000000000000000e+00
7.373790741000000315e-01 8.767557145200000068e-03 0.000000000000000000e+00 0.000000000000000000e+00
7.311903238000000416e-01 8.613541602400000274e-03 0.000000000000000000e+00 0.000000000000000000e+00
7.250015735999999489e-01 8.459229827999998827e-03 0.000000000000000000e+00 0.000000000000000000e+00
7.188128232999999589e-01 8.306241512800001045e-03 0.000000000000000000e+00 0.000000000000000000e+00
7.126240729999999690e-01 8.153630377200000653e-03 0.000000000000000000e+00 0.000000000000000000e+00
7.064353227999999874e-01 8.001122712800000716e-03 0.000000000000000000e+00 0.000000000000000000e+00
7.002465724999999974e-01 7.850169658799999520e-03 0.000000000000000000e+00 0.000000000000000000e+00
6.940578222000000075e-01 7.699217439199999673e-03 0.000000000000000000e+00 0.000000000000000000e+00
6.878690720000000258e-01 7.549566150000000878e-03 0.000000000000000000e+00 0.000000000000000000e+00
6.816802620999999895e-01 7.401004671200000183e-03 0.000000000000000000e+00 0.000000000000000000e+00
6.754915117999999996e-01 7.252576707599999589e-03 0.000000000000000000e+00 0.000000000000000000e+00
6.693027616000000179e-01 7.105510591200000191e-03 0.000000000000000000e+00 0.000000000000000000e+00
6.631140113000000280e-01 6.958291768400000007e-03 0.000000000000000000e+00 0.000000000000000000e+00
6.569252610000000381e-01 6.812578320799999969e-03 0.000000000000000000e+00 0.000000000000000000e+00
6.507365107999999454e-01 6.667430221200000388e-03 0.000000000000000000e+00 0.000000000000000000e+00
6.445477604999999555e-01 6.522754431200000584e-03 0.000000000000000000e+00 0.000000000000000000e+00
6.383590101999999655e-01 6.378943561199999432e-03 0.000000000000000000e+00 0.000000000000000000e+00
6.321702599999999839e-01 6.235000430399999585e-03 0.000000000000000000e+00 0.000000000000000000e+00
6.259814500999999476e-01 6.092916071200000193e-03 0.000000000000000000e+00 0.000000000000000000e+00
6.197926997999999577e-01 5.950818358800000207e-03 0.000000000000000000e+00 0.000000000000000000e+00
6.136039494999999677e-01 5.809518814400000189e-03 0.000000000000000000e+00 0.000000000000000000e+00
6.074151992999999861e-01 5.667990624800000286e-03 0.000000000000000000e+00 0.000000000000000000e+00
6.012264489999999961e-01 5.527419984799999790e-03 0.000000000000000000e+00 0.000000000000000000e+00
5.950376987000000062e-01 5.388248325600000083e-03 0.000000000000000000e+00 0.000000000000000000e+00
5.888489485000000245e-01 5.249173879599999815e-03 0.000000000000000000e+00 0.000000000000000000e+00
5.826601982000000346e-01 5.110620558400000464e-03 0.000000000000000000e+00 0.000000000000000000e+00
5.764714479000000447e-01 4.972245812800000185e-03 0.000000000000000000e+00 0.000000000000000000e+00
5.702826381000000167e-01 4.836110770400000106e-03 0.000000000000000000e+00 0.000000000000000000e+00
5.640938878000000267e-01 4.700301169199999976e-03 0.000000000000000000e+00 0.000000000000000000e+00
5.579051375000000368e-01 4.567049205599999807e-03 0.000000000000000000e+00 0.000000000000000000e+00
5.517163873000000551e-01 4.433269859200000308e-03 0.000000000000000000e+00 0.000000000000000000e+00
5.455276369999999542e-01 4.299867689600000119e-03 0.000000000000000000e+00 0.000000000000000000e+00
5.393388866999999642e-01 4.167470633200000621e-03 0.000000000000000000e+00 0.000000000000000000e+00
5.331501364999999826e-01 4.037729679200000379e-03 0.000000000000000000e+00 0.000000000000000000e+00
5.269613861999999926e-01 3.907590271199999805e-03 0.000000000000000000e+00 0.000000000000000000e+00
5.207726359000000027e-01 3.777902721600000322e-03 0.000000000000000000e+00 0.000000000000000000e+00
5.145838260999999747e-01 3.649589120800000169e-03 0.000000000000000000e+00 0.000000000000000000e+00
5.083950757999999848e-01 3.524217009600000110e-03 0.000000000000000000e+00 0.000000000000000000e+00
5.022063254999999948e-01 3.398887662799999956e-03 0.000000000000000000e+00 0.000000000000000000e+00
4.960175753000000132e-01 3.275361597200000027e-03 0.000000000000000000e+00 0.000000000000000000e+00
4.898288250000000232e-01 3.151835738800000310e-03 0.000000000000000000e+00 0.000000000000000000e+00
4.836400746999999778e-01 3.032033057199999895e-03 0.000000000000000000e+00 0.000000000000000000e+00
4.774513244999999961e-01 2.912301302400000392e-03 0.000000000000000000e+00 0.000000000000000000e+00
4.712625443999999830e-01 2.793934732680000092e-03 0.000000000000000000e+00 0.000000000000000000e+00
4.650737940999999931e-01 2.676179200519999794e-03 0.000000000000000000e+00 0.000000000000000000e+00
4.588850439000000114e-01 2.559998929599999803e-03 0.000000000000000000e+00 0.000000000000000000e+00
4.526962936000000215e-01 2.445121884239999984e-03 0.000000000000000000e+00 0.000000000000000000e+00
4.465075135000000084e-01 2.331043630719999756e-03 0.000000000000000000e+00 0.000000000000000000e+00
4.403187633000000267e-01 2.218391895160000057e-03 0.000000000000000000e+00 0.000000000000000000e+00
4.341300129999999813e-01 2.106154054479999777e-03 0.000000000000000000e+00 0.000000000000000000e+00
4.279412626999999913e-01 1.996798247080000272e-03 0.000000000000000000e+00 0.000000000000000000e+00
4.217525125000000097e-01 1.887442648280000237e-03 0.000000000000000000e+00 0.000000000000000000e+00
4.155637323999999966e-01 1.780421256880000041e-03 0.000000000000000000e+00 0.000000000000000000e+00
4.093749821000000066e-01 1.673705697160000026e-03 0.000000000000000000e+00 0.000000000000000000e+00
4.031862319000000250e-01 1.568410396560000015e-03 0.000000000000000000e+00 0.000000000000000000e+00
3.969974815999999795e-01 1.463594183239999916e-03 0.000000000000000000e+00 0.000000000000000000e+00
3.908087015000000219e-01 1.360124900960000063e-03 0.000000000000000000e+00 0.000000000000000000e+00
3.846199511999999765e-01 1.257051259240000041e-03 0.000000000000000000e+00 0.000000000000000000e+00
3.784312009999999948e-01 1.155055433560000068e-03 0.000000000000000000e+00 0.000000000000000000e+00
3.722424507000000049e-01 1.054931938759999912e-03 0.000000000000000000e+00 0.000000000000000000e+00
3.660537004000000150e-01 9.550494998800000473e-04 0.000000000000000000e+00 0.000000000000000000e+00
3.598649204000000101e-01 8.576941340800000235e-04 0.000000000000000000e+00 0.000000000000000000e+00
3.536761701000000202e-01 7.602069230000000309e-04 0.000000000000000000e+00 0.000000000000000000e+00
3.474874197999999748e-01 6.652951835599999831e-04 0.000000000000000000e+00 0.000000000000000000e+00
3.412986695999999931e-01 5.703126192399999997e-04 0.000000000000000000e+00 0.000000000000000000e+00
3.351098894999999800e-01 4.775151015599999639e-04 0.000000000000000000e+00 0.000000000000000000e+00
3.289211391999999901e-01 3.847802207200000423e-04 0.000000000000000000e+00 0.000000000000000000e+00
3.227323890000000084e-01 2.937930486399999977e-04 0.000000000000000000e+00 0.000000000000000000e+00
3.165436387000000185e-01 2.030257321959999994e-04 0.000000000000000000e+00 0.000000000000000000e+00
3.103548883999999730e-01 1.135683041080000067e-04 0.000000000000000000e+00 0.000000000000000000e+00
3.041661084000000237e-01 2.434250852040000185e-05 0.000000000000000000e+00 0.000000000000000000e+00
2.979773580999999782e-01 -6.394939031600000053e-05 0.000000000000000000e+00 0.000000000000000000e+00
2.917886077999999883e-01 -1.520897522480000024e-04 0.000000000000000000e+00 0.000000000000000000e+00
2.855998576000000067e-01 -2.396374940959999911e-04 0.000000000000000000e+00 0.000000000000000000e+00
2.794110774999999935e-01 -3.269158863600000412e-04 0.000000000000000000e+00 0.000000000000000000e+00
2.732223272000000036e-01 -4.140972718400000438e-04 0.000000000000000000e+00 0.000000000000000000e+00
2.670335770000000220e-01 -5.008656234400000063e-04 0.000000000000000000e+00 0.000000000000000000e+00
2.608448266999999765e-01 -5.875274762000000199e-04 0.000000000000000000e+00 0.000000000000000000e+00
2.546560466000000189e-01 -6.737018973999999794e-04 0.000000000000000000e+00 0.000000000000000000e+00
2.484673112999999933e-01 -7.594176755200000416e-04 0.000000000000000000e+00 0.000000000000000000e+00
2.422785460999999918e-01 -8.447438106800000306e-04 0.000000000000000000e+00 0.000000000000000000e+00
2.360897958000000019e-01 -9.295098632400000107e-04 0.000000000000000000e+00 0.000000000000000000e+00
2.299010307000000086e-01 -1.013958871239999983e-03 0.000000000000000000e+00 0.000000000000000000e+00
2.237122803999999909e-01 -1.098076283920000054e-03 0.000000000000000000e+00 0.000000000000000000e+00
2.175235151999999894e-01 -1.181705221480000047e-03 0.000000000000000000e+00 0.000000000000000000e+00
2.113347650000000078e-01 -1.265232041360000092e-03 0.000000000000000000e+00 0.000000000000000000e+00
2.051459998000000062e-01 -1.348677814119999879e-03 0.000000000000000000e+00 0.000000000000000000e+00
1.989572494999999885e-01 -1.432145908479999898e-03 0.000000000000000000e+00 0.000000000000000000e+00
1.927684843999999953e-01 -1.515668034440000077e-03 0.000000000000000000e+00 0.000000000000000000e+00
1.865797341000000054e-01 -1.599097743600000213e-03 0.000000000000000000e+00 0.000000000000000000e+00
1.803909837999999877e-01 -1.682365357960000085e-03 0.000000000000000000e+00 0.000000000000000000e+00
1.742022186999999944e-01 -1.765497475840000201e-03 0.000000000000000000e+00 0.000000000000000000e+00
1.680134684000000045e-01 -1.848512768759999958e-03 0.000000000000000000e+00 0.000000000000000000e+00
1.618247032000000030e-01 -1.931428134440000156e-03 0.000000000000000000e+00 0.000000000000000000e+00
1.556359529000000130e-01 -2.014258801800000200e-03 0.000000000000000000e+00 0.000000000000000000e+00
1.494471877999999920e-01 -2.097040235919999784e-03 0.000000000000000000e+00 0.000000000000000000e+00
1.432584375000000021e-01 -2.179766386840000219e-03 0.000000000000000000e+00 0.000000000000000000e+00
1.370696723000000006e-01 -2.262229681039999718e-03 0.000000000000000000e+00 0.000000000000000000e+00
1.308809220999999912e-01 -2.344222545559999926e-03 0.000000000000000000e+00 0.000000000000000000e+00
1.246921643999999996e-01 -2.425346315000000141e-03 0.000000000000000000e+00 0.000000000000000000e+00
1.185034065999999997e-01 -2.505440563079999999e-03 0.000000000000000000e+00 0.000000000000000000e+00
1.123146488999999942e-01 -2.584103912040000301e-03 0.000000000000000000e+00 0.000000000000000000e+00
1.061258912000000026e-01 -2.660719484079999801e-03 0.000000000000000000e+00 0.000000000000000000e+00
9.993714094000000214e-02 -2.734905511240000135e-03 0.000000000000000000e+00 0.000000000000000000e+00
9.374838321999999502e-02 -2.805919110400000374e-03 0.000000000000000000e+00 0.000000000000000000e+00
8.755962551000000260e-02 -2.872161866000000254e-03 0.000000000000000000e+00 0.000000000000000000e+00
8.137086778999999548e-02 -2.932822883199999973e-03 0.000000000000000000e+00 0.000000000000000000e+00
7.518211007000000223e-02 -2.985986858400000322e-03 0.000000000000000000e+00 0.000000000000000000e+00
6.899335234999999511e-02 -3.028784900400000295e-03 0.000000000000000000e+00 0.000000000000000000e+00
6.280459464000000269e-02 -3.058309315600000067e-03 0.000000000000000000e+00 0.000000000000000000e+00
5.661583692000000251e-02 -3.070462466400000149e-03 0.000000000000000000e+00 0.000000000000000000e+00
5.042708292999999869e-02 -3.058885306400000326e-03 0.000000000000000000e+00 0.000000000000000000e+00
4.423832520999999851e-02 -3.014993696400000266e-03 0.000000000000000000e+00 0.000000000000000000e+00
3.804956748999999833e-02 -2.927567423200000060e-03 0.000000000000000000e+00 0.000000000000000000e+00
3.186080976999999814e-02 -2.781767606800000098e-03 0.000000000000000000e+00 0.000000000000000000e+00
2.567205392000000003e-02 -2.555258124999999856e-03 0.000000000000000000e+00 0.000000000000000000e+00
1.948329619999999984e-02 -2.212529152680000125e-03 0.000000000000000000e+00 0.000000000000000000e+00
1.329454034999999999e-02 -1.723374515800000107e-03 0.000000000000000000e+00 0.000000000000000000e+00
7.105783093999999689e-03 -1.046645179440000096e-03 0.000000000000000000e+00 0.000000000000000000e+00
9.170261327999999854e-04 -1.535707842479999913e-04 0.000000000000000000e+00 0.000000000000000000e+00
