3.033407926999999837e+00 3.437292874399999992e-04 0.000000000000000000e+00 0.000000000000000000e+00
3.027219296000000170e+00 1.734926745160000026e-03 0.000000000000000000e+00 0.000000000000000000e+00
3.021030425999999824e+00 3.186213405200000095e-03 0.000000000000000000e+00 0.000000000000000000e+00
3.014841557000000005e+00 4.674240409999999742e-03 0.000000000000000000e+00 0.000000000000000000e+00
3.008652924999999811e+00 6.172524453200000510e-03 0.000000000000000000e+00 0.000000000000000000e+00
3.002464055999999992e+00 7.642966984800000398e-03 0.000000000000000000e+00 0.000000000000000000e+00
2.996275424999999881e+00 9.070206762399999831e-03 0.000000000000000000e+00 0.000000000000000000e+00
2.990086554999999979e+00 1.042153274959999910e-02 0.000000000000000000e+00 0.000000000000000000e+00
2.983897923999999868e+00 1.169876158360000015e-02 0.000000000000000000e+00 0.000000000000000000e+00
2.977709055000000049e+00 1.288973510160000037e-02 0.000000000000000000e+00 0.000000000000000000e+00
2.971520423999999938e+00 1.399441576120000023e-02 0.000000000000000000e+00 0.000000000000000000e+00
2.965331554000000036e+00 1.502197265519999991e-02 0.000000000000000000e+00 0.000000000000000000e+00
2.959142922999999925e+00 1.596918892799999851e-02 0.000000000000000000e+00 0.000000000000000000e+00
2.952954054000000106e+00 1.684030365920000105e-02 0.000000000000000000e+00 0.000000000000000000e+00
2.946765422999999995e+00 1.764702439360000055e-02 0.000000000000000000e+00 0.000000000000000000e+00
2.940576553000000093e+00 1.839396238400000175e-02 0.000000000000000000e+00 0.000000000000000000e+00
2.934387921999999982e+00 1.908589744600000179e-02 0.000000000000000000e+00 0.000000000000000000e+00
2.928199053000000163e+00 1.972661137719999846e-02 0.000000000000000000e+00 0.000000000000000000e+00
2.922010422000000052e+00 2.031912160039999957e-02 0.000000000000000000e+00 0.000000000000000000e+00
2.915821552000000150e+00 2.086841487919999932e-02 0.000000000000000000e+00 0.000000000000000000e+00
2.909632682999999886e+00 2.138021230799999964e-02 0.000000000000000000e+00 0.000000000000000000e+00
2.903444052000000219e+00 2.185731268000000102e-02 0.000000000000000000e+00 0.000000000000000000e+00
2.897255181999999873e+00 2.230178213200000037e-02 0.000000000000000000e+00 0.000000000000000000e+00
2.891066551000000207e+00 2.271758770960000118e-02 0.000000000000000000e+00 0.000000000000000000e+00
2.884877681999999943e+00 2.310648679640000050e-02 0.000000000000000000e+00 0.000000000000000000e+00
2.878689050999999832e+00 2.347028350800000121e-02 0.000000000000000000e+00 0.000000000000000000e+00
2.872500180999999930e+00 2.381131768119999770e-02 0.000000000000000000e+00 0.000000000000000000e+00
2.866311549999999819e+00 2.413143515720000271e-02 0.000000000000000000e+00 0.000000000000000000e+00
2.860122681000000000e+00 2.443180084240000050e-02 0.000000000000000000e+00 0.000000000000000000e+00
2.853934049999999889e+00 2.471377992719999903e-02 0.000000000000000000e+00 0.000000000000000000e+00
2.847745179999999987e+00 2.497624754799999958e-02 0.000000000000000000e+00 0.000000000000000000e+00
2.841556548999999876e+00 2.522289204680000160e-02 0.000000000000000000e+00 0.000000000000000000e+00
2.835367680000000057e+00 2.545523715000000062e-02 0.000000000000000000e+00 0.000000000000000000e+00
2.829179048999999946e+00 2.567443442480000018e-02 0.000000000000000000e+00 0.000000000000000000e+00
2.822990179000000044e+00 2.588160037959999840e-02 0.000000000000000000e+00 0.000000000000000000e+00
2.816801547999999933e+00 2.607497262999999843e-02 0.000000000000000000e+00 0.000000000000000000e+00
2.810612679000000114e+00 2.625614166279999911e-02 0.000000000000000000e+00 0.000000000000000000e+00
2.804423809000000212e+00 2.642803978920000088e-02 0.000000000000000000e+00 0.000000000000000000e+00
2.798235178000000101e+00 2.659149646720000010e-02 0.000000000000000000e+00 0.000000000000000000e+00
2.792046308999999837e+00 2.674296355360000071e-02 0.000000000000000000e+00 0.000000000000000000e+00
2.785857677000000088e+00 2.688625621919999917e-02 0.000000000000000000e+00 0.000000000000000000e+00
2.779668807999999824e+00 2.702319359880000008e-02 0.000000000000000000e+00 0.000000000000000000e+00
2.773480177000000158e+00 2.715082836200000127e-02 0.000000000000000000e+00 0.000000000000000000e+00
2.767291306999999811e+00 2.727114653479999901e-02 0.000000000000000000e+00 0.000000000000000000e+00
2.761102676000000145e+00 2.738677334680000158e-02 0.000000000000000000e+00 0.000000000000000000e+00
2.754913806999999881e+00 2.749346804680000145e-02 0.000000000000000000e+00 0.000000000000000000e+00
2.748725176000000214e+00 2.759553146280000271e-02 0.000000000000000000e+00 0.000000000000000000e+00
2.742536305999999868e+00 2.769299697919999984e-02 0.000000000000000000e+00 0.000000000000000000e+00
2.736347675000000201e+00 2.778308916039999923e-02 0.000000000000000000e+00 0.000000000000000000e+00
2.730158805999999938e+00 2.787071466480000106e-02 0.000000000000000000e+00 0.000000000000000000e+00
2.723970174999999827e+00 2.795147752879999919e-02 0.000000000000000000e+00 0.000000000000000000e+00
2.717781304999999925e+00 2.802937984000000021e-02 0.000000000000000000e+00 0.000000000000000000e+00
2.711592673999999814e+00 2.810259913999999665e-02 0.000000000000000000e+00 0.000000000000000000e+00
2.705403804999999995e+00 2.817175961599999862e-02 0.000000000000000000e+00 0.000000000000000000e+00
2.699215173999999884e+00 2.823777247199999937e-02 0.000000000000000000e+00 0.000000000000000000e+00
2.693026303999999982e+00 2.829930924800000414e-02 0.000000000000000000e+00 0.000000000000000000e+00
2.686837435000000163e+00 2.835890341200000137e-02 0.000000000000000000e+00 0.000000000000000000e+00
2.680648804000000052e+00 2.841388129999999901e-02 0.000000000000000000e+00 0.000000000000000000e+00
2.674459934000000150e+00 2.846685312800000325e-02 0.000000000000000000e+00 0.000000000000000000e+00
2.668271303000000039e+00 2.851653050400000319e-02 0.000000000000000000e+00 0.000000000000000000e+00
2.662082434000000219e+00 2.856306695199999773e-02 0.000000000000000000e+00 0.000000000000000000e+00
2.655893803000000108e+00 2.860877893999999935e-02 0.000000000000000000e+00 0.000000000000000000e+00
2.649704933000000207e+00 2.864917708800000101e-02 0.000000000000000000e+00 0.000000000000000000e+00
2.643516302000000096e+00 2.868952178400000289e-02 0.000000000000000000e+00 0.000000000000000000e+00
2.637327432999999832e+00 2.872654534400000126e-02 0.000000000000000000e+00 0.000000000000000000e+00
2.631138802000000165e+00 2.876073838399999943e-02 0.000000000000000000e+00 0.000000000000000000e+00
2.624949931999999819e+00 2.879497479599999951e-02 0.000000000000000000e+00 0.000000000000000000e+00
2.618761301000000152e+00 2.882484864000000105e-02 0.000000000000000000e+00 0.000000000000000000e+00
2.612572431999999889e+00 2.885308694799999796e-02 0.000000000000000000e+00 0.000000000000000000e+00
2.606383800999999778e+00 2.888137531999999952e-02 0.000000000000000000e+00 0.000000000000000000e+00
2.600194930999999876e+00 2.890570163600000159e-02 0.000000000000000000e+00 0.000000000000000000e+00
2.594006300000000209e+00 2.892828559600000085e-02 0.000000000000000000e+00 0.000000000000000000e+00
2.587817429999999863e+00 2.895086955600000012e-02 0.000000000000000000e+00 0.000000000000000000e+00
2.581628561000000044e+00 2.897110034000000348e-02 0.000000000000000000e+00 0.000000000000000000e+00
2.575439929999999933e+00 2.898812674800000169e-02 0.000000000000000000e+00 0.000000000000000000e+00
2.569251060000000031e+00 2.900514315999999995e-02 0.000000000000000000e+00 0.000000000000000000e+00
2.563062428999999920e+00 2.902219294800000016e-02 0.000000000000000000e+00 0.000000000000000000e+00
2.556873560000000101e+00 2.903469657200000165e-02 0.000000000000000000e+00 0.000000000000000000e+00
2.550684928999999990e+00 2.904684638799999788e-02 0.000000000000000000e+00 0.000000000000000000e+00
2.544496059000000088e+00 2.905899287200000222e-02 0.000000000000000000e+00 0.000000000000000000e+00
2.538307427999999977e+00 2.907032155999999742e-02 0.000000000000000000e+00 0.000000000000000000e+00
2.532118559000000158e+00 2.907798863199999653e-02 0.000000000000000000e+00 0.000000000000000000e+00
2.525929928000000046e+00 2.908565234399999866e-02 0.000000000000000000e+00 0.000000000000000000e+00
2.519741058000000145e+00 2.909331608400000241e-02 0.000000000000000000e+00 0.000000000000000000e+00
2.513552427000000034e+00 2.910011196400000277e-02 0.000000000000000000e+00 0.000000000000000000e+00
2.507363558000000214e+00 2.910354994399999909e-02 0.000000000000000000e+00 0.000000000000000000e+00
2.501174927000000103e+00 2.910698795200000397e-02 0.000000000000000000e+00 0.000000000000000000e+00
2.494986057000000201e+00 2.911042596000000190e-02 0.000000000000000000e+00 0.000000000000000000e+00
2.488797426000000090e+00 2.911385394400000173e-02 0.000000000000000000e+00 0.000000000000000000e+00
2.482608556999999827e+00 2.911334658400000289e-02 0.000000000000000000e+00 0.000000000000000000e+00
2.476419926000000160e+00 2.911284588799999823e-02 0.000000000000000000e+00 0.000000000000000000e+00
2.470231055999999814e+00 2.911234188799999636e-02 0.000000000000000000e+00 0.000000000000000000e+00
2.464042186999999995e+00 2.911183785999999982e-02 0.000000000000000000e+00 0.000000000000000000e+00
2.457853555999999884e+00 2.910920096000000484e-02 0.000000000000000000e+00 0.000000000000000000e+00
2.451664685999999982e+00 2.910505533599999986e-02 0.000000000000000000e+00 0.000000000000000000e+00
2.445476054999999871e+00 2.910091304400000065e-02 0.000000000000000000e+00 0.000000000000000000e+00
2.439287186000000052e+00 2.909677075199999796e-02 0.000000000000000000e+00 0.000000000000000000e+00
2.433098554999999941e+00 2.909259175199999797e-02 0.000000000000000000e+00 0.000000000000000000e+00
2.426909685000000039e+00 2.908522175999999834e-02 0.000000000000000000e+00 0.000000000000000000e+00
2.420721053999999928e+00 2.907765817599999858e-02 0.000000000000000000e+00 0.000000000000000000e+00
2.414532185000000108e+00 2.907009125999999999e-02 0.000000000000000000e+00 0.000000000000000000e+00
2.408343553999999997e+00 2.906252431600000324e-02 0.000000000000000000e+00 0.000000000000000000e+00
2.402154684000000096e+00 2.905458687600000200e-02 0.000000000000000000e+00 0.000000000000000000e+00
2.395966052999999985e+00 2.904407262399999815e-02 0.000000000000000000e+00 0.000000000000000000e+00
2.389777184000000165e+00 2.903357172799999816e-02 0.000000000000000000e+00 0.000000000000000000e+00
2.383588551999999972e+00 2.902307080400000350e-02 0.000000000000000000e+00 0.000000000000000000e+00
2.377399683000000152e+00 2.901256321600000423e-02 0.000000000000000000e+00 0.000000000000000000e+00
2.371211052000000041e+00 2.900173522400000328e-02 0.000000000000000000e+00 0.000000000000000000e+00
2.365022182000000139e+00 2.898903131600000238e-02 0.000000000000000000e+00 0.000000000000000000e+00
2.358833312999999876e+00 2.897634409600000072e-02 0.000000000000000000e+00 0.000000000000000000e+00
2.352644682000000209e+00 2.896368025600000104e-02 0.000000000000000000e+00 0.000000000000000000e+00
2.346455811999999863e+00 2.895097637599999829e-02 0.000000000000000000e+00 0.000000000000000000e+00
2.340267181000000196e+00 2.893820238399999814e-02 0.000000000000000000e+00 0.000000000000000000e+00
2.334078311999999933e+00 2.892325545200000181e-02 0.000000000000000000e+00 0.000000000000000000e+00
2.327889680999999822e+00 2.890830852000000201e-02 0.000000000000000000e+00 0.000000000000000000e+00
2.321700810999999920e+00 2.889338827199999793e-02 0.000000000000000000e+00 0.000000000000000000e+00
2.315512179999999809e+00 2.887843464799999885e-02 0.000000000000000000e+00 0.000000000000000000e+00
2.309323310999999990e+00 2.886348105199999792e-02 0.000000000000000000e+00 0.000000000000000000e+00
2.303134679999999879e+00 2.884679842799999991e-02 0.000000000000000000e+00 0.000000000000000000e+00
2.296945809999999977e+00 2.882969521600000154e-02 0.000000000000000000e+00 0.000000000000000000e+00
2.290757178999999866e+00 2.881258534000000204e-02 0.000000000000000000e+00 0.000000000000000000e+00
2.284568310000000047e+00 2.879547549200000070e-02 0.000000000000000000e+00 0.000000000000000000e+00
2.278379678999999935e+00 2.877836894800000003e-02 0.000000000000000000e+00 0.000000000000000000e+00
2.272190809000000034e+00 2.876011753999999782e-02 0.000000000000000000e+00 0.000000000000000000e+00
2.266002177999999923e+00 2.874076127999999897e-02 0.000000000000000000e+00 0.000000000000000000e+00
2.259813309000000103e+00 2.872140168800000476e-02 0.000000000000000000e+00 0.000000000000000000e+00
2.253624439000000201e+00 2.870203210000000019e-02 0.000000000000000000e+00 0.000000000000000000e+00
2.247435808000000090e+00 2.868267250799999904e-02 0.000000000000000000e+00 0.000000000000000000e+00
2.241246938999999827e+00 2.866304588000000153e-02 0.000000000000000000e+00 0.000000000000000000e+00
2.235058308000000160e+00 2.864212083600000194e-02 0.000000000000000000e+00 0.000000000000000000e+00
2.228869437999999814e+00 2.862119912400000118e-02 0.000000000000000000e+00 0.000000000000000000e+00
2.222680807000000147e+00 2.860028743600000201e-02 0.000000000000000000e+00 0.000000000000000000e+00
2.216491937999999884e+00 2.857936905600000355e-02 0.000000000000000000e+00 0.000000000000000000e+00
2.210303307000000217e+00 2.855844737200000441e-02 0.000000000000000000e+00 0.000000000000000000e+00
2.204114436999999871e+00 2.853567981600000150e-02 0.000000000000000000e+00 0.000000000000000000e+00
2.197925806000000204e+00 2.851253509999999991e-02 0.000000000000000000e+00 0.000000000000000000e+00
2.191736936999999941e+00 2.848939371600000062e-02 0.000000000000000000e+00 0.000000000000000000e+00
2.185548305999999830e+00 2.846625233199999785e-02 0.000000000000000000e+00 0.000000000000000000e+00
2.179359435999999928e+00 2.844310761600000320e-02 0.000000000000000000e+00 0.000000000000000000e+00
2.173170804999999817e+00 2.841903828400000123e-02 0.000000000000000000e+00 0.000000000000000000e+00
2.166981935999999997e+00 2.839411783599999836e-02 0.000000000000000000e+00 0.000000000000000000e+00
2.160793303999999804e+00 2.836920405200000009e-02 0.000000000000000000e+00 0.000000000000000000e+00
2.154604434999999985e+00 2.834429026799999835e-02 0.000000000000000000e+00 0.000000000000000000e+00
2.148415803999999873e+00 2.831937645599999845e-02 0.000000000000000000e+00 0.000000000000000000e+00
2.142226933999999972e+00 2.829384852000000131e-02 0.000000000000000000e+00 0.000000000000000000e+00
2.136038065000000152e+00 2.826668166000000093e-02 0.000000000000000000e+00 0.000000000000000000e+00
2.129849434000000041e+00 2.823949814000000294e-02 0.000000000000000000e+00 0.000000000000000000e+00
2.123660564000000139e+00 2.821231795200000031e-02 0.000000000000000000e+00 0.000000000000000000e+00
2.117471933000000028e+00 2.818513773600000299e-02 0.000000000000000000e+00 0.000000000000000000e+00
2.111283064000000209e+00 2.815774060399999987e-02 0.000000000000000000e+00 0.000000000000000000e+00
2.105094433000000098e+00 2.812872456799999851e-02 0.000000000000000000e+00 0.000000000000000000e+00
2.098905563000000196e+00 2.809973191199999915e-02 0.000000000000000000e+00 0.000000000000000000e+00
2.092716932000000085e+00 2.807075261200000019e-02 0.000000000000000000e+00 0.000000000000000000e+00
2.086528062999999822e+00 2.804177331200000470e-02 0.000000000000000000e+00 0.000000000000000000e+00
2.080339432000000155e+00 2.801266717200000256e-02 0.000000000000000000e+00 0.000000000000000000e+00
2.074150561999999809e+00 2.798245787679999944e-02 0.000000000000000000e+00 0.000000000000000000e+00
2.067961931000000142e+00 2.795224690439999937e-02 0.000000000000000000e+00 0.000000000000000000e+00
2.061773061999999879e+00 2.792203760080000027e-02 0.000000000000000000e+00 0.000000000000000000e+00
2.055584431000000212e+00 2.789182829720000117e-02 0.000000000000000000e+00 0.000000000000000000e+00
2.049395560999999866e+00 2.786121678480000044e-02 0.000000000000000000e+00 0.000000000000000000e+00
2.043206930000000199e+00 2.782936024680000148e-02 0.000000000000000000e+00 0.000000000000000000e+00
2.037018060999999935e+00 2.779749035839999827e-02 0.000000000000000000e+00 0.000000000000000000e+00
2.030829191000000034e+00 2.776562047000000200e-02 0.000000000000000000e+00 0.000000000000000000e+00
2.024640559999999923e+00 2.773376560080000053e-02 0.000000000000000000e+00 0.000000000000000000e+00
2.018451691000000103e+00 2.770159029959999922e-02 0.000000000000000000e+00 0.000000000000000000e+00
2.012263059999999992e+00 2.766913962399999982e-02 0.000000000000000000e+00 0.000000000000000000e+00
2.006074190000000090e+00 2.763667058880000041e-02 0.000000000000000000e+00 0.000000000000000000e+00
1.999885558999999979e+00 2.760420322520000178e-02 0.000000000000000000e+00 0.000000000000000000e+00
1.993696809000000014e+00 2.757176923759999815e-02 0.000000000000000000e+00 0.000000000000000000e+00
1.987508059000000049e+00 2.753849744800000027e-02 0.000000000000000000e+00 0.000000000000000000e+00
1.981319308000000001e+00 2.750472664800000105e-02 0.000000000000000000e+00 0.000000000000000000e+00
1.975130438999999960e+00 2.747093749120000164e-02 0.000000000000000000e+00 0.000000000000000000e+00
1.968941688999999995e+00 2.743715500960000261e-02 0.000000000000000000e+00 0.000000000000000000e+00
1.962752937999999947e+00 2.740338921599999936e-02 0.000000000000000000e+00 0.000000000000000000e+00
1.956564187999999982e+00 2.736926794000000066e-02 0.000000000000000000e+00 0.000000000000000000e+00
1.950375438000000017e+00 2.733446908080000223e-02 0.000000000000000000e+00 0.000000000000000000e+00
1.944186686999999969e+00 2.729967021880000053e-02 0.000000000000000000e+00 0.000000000000000000e+00
1.937997937000000004e+00 2.726487135960000210e-02 0.000000000000000000e+00 0.000000000000000000e+00
1.931809187000000039e+00 2.723007917280000079e-02 0.000000000000000000e+00 0.000000000000000000e+00
1.925620437000000074e+00 2.719523024680000137e-02 0.000000000000000000e+00 0.000000000000000000e+00
1.919431686000000026e+00 2.715943670159999893e-02 0.000000000000000000e+00 0.000000000000000000e+00
1.913242936000000061e+00 2.712364315919999977e-02 0.000000000000000000e+00 0.000000000000000000e+00
1.907054186000000096e+00 2.708787465160000102e-02 0.000000000000000000e+00 0.000000000000000000e+00
1.900865435999999908e+00 2.705208945319999975e-02 0.000000000000000000e+00 0.000000000000000000e+00
1.894676685000000083e+00 2.701630258600000098e-02 0.000000000000000000e+00 0.000000000000000000e+00
1.888487934999999895e+00 2.697957778039999921e-02 0.000000000000000000e+00 0.000000000000000000e+00
1.882299184999999930e+00 2.694257593160000186e-02 0.000000000000000000e+00 0.000000000000000000e+00
1.876110434999999965e+00 2.690563249639999974e-02 0.000000000000000000e+00 0.000000000000000000e+00
1.869921683999999917e+00 2.686868906120000108e-02 0.000000000000000000e+00 0.000000000000000000e+00
1.863732815000000098e+00 2.683170056280000104e-02 0.000000000000000000e+00 0.000000000000000000e+00
1.857544064999999911e+00 2.679368901160000122e-02 0.000000000000000000e+00 0.000000000000000000e+00
1.851355314000000085e+00 2.675452422999999996e-02 0.000000000000000000e+00 0.000000000000000000e+00
1.845166563999999898e+00 2.671538114560000066e-02 0.000000000000000000e+00 0.000000000000000000e+00
1.838977813999999933e+00 2.667623973000000231e-02 0.000000000000000000e+00 0.000000000000000000e+00
1.832789063000000107e+00 2.663709664280000319e-02 0.000000000000000000e+00 0.000000000000000000e+00
1.826600312999999920e+00 2.659771656920000005e-02 0.000000000000000000e+00 0.000000000000000000e+00
1.820411562999999955e+00 2.655724167880000111e-02 0.000000000000000000e+00 0.000000000000000000e+00
1.814222812999999990e+00 2.651677680120000102e-02 0.000000000000000000e+00 0.000000000000000000e+00
1.808034061999999942e+00 2.647631359239999843e-02 0.000000000000000000e+00 0.000000000000000000e+00
1.801845311999999977e+00 2.643584871200000200e-02 0.000000000000000000e+00 0.000000000000000000e+00
1.795656562000000012e+00 2.639537882799999902e-02 0.000000000000000000e+00 0.000000000000000000e+00
1.789467812000000047e+00 2.635339021560000050e-02 0.000000000000000000e+00 0.000000000000000000e+00
1.783279060999999999e+00 2.631114459120000373e-02 0.000000000000000000e+00 0.000000000000000000e+00
1.777090311000000034e+00 2.626890063280000118e-02 0.000000000000000000e+00 0.000000000000000000e+00
1.770901561000000068e+00 2.622665667439999862e-02 0.000000000000000000e+00 0.000000000000000000e+00
1.764712811000000103e+00 2.618441605640000128e-02 0.000000000000000000e+00 0.000000000000000000e+00
1.758524060000000055e+00 2.614114403599999970e-02 0.000000000000000000e+00 0.000000000000000000e+00
1.752335191000000014e+00 2.609690904520000146e-02 0.000000000000000000e+00 0.000000000000000000e+00
1.746146441000000049e+00 2.605266571040000187e-02 0.000000000000000000e+00 0.000000000000000000e+00
1.739957690000000001e+00 2.600842070679999785e-02 0.000000000000000000e+00 0.000000000000000000e+00
1.733768940000000036e+00 2.596420073520000135e-02 0.000000000000000000e+00 0.000000000000000000e+00
1.727580190000000071e+00 2.591924309800000201e-02 0.000000000000000000e+00 0.000000000000000000e+00
1.721391439000000023e+00 2.587145161720000308e-02 0.000000000000000000e+00 0.000000000000000000e+00
1.715202689000000058e+00 2.582361173560000084e-02 0.000000000000000000e+00 0.000000000000000000e+00
1.709013939000000093e+00 2.577576017240000225e-02 0.000000000000000000e+00 0.000000000000000000e+00
1.702825188999999906e+00 2.572795033479999965e-02 0.000000000000000000e+00 0.000000000000000000e+00
1.696636438000000080e+00 2.568017554199999997e-02 0.000000000000000000e+00 0.000000000000000000e+00
1.690447687999999893e+00 2.562939000159999980e-02 0.000000000000000000e+00 0.000000000000000000e+00
1.684258937999999928e+00 2.557823228800000168e-02 0.000000000000000000e+00 0.000000000000000000e+00
1.678070187999999963e+00 2.552702117000000062e-02 0.000000000000000000e+00 0.000000000000000000e+00
1.671881436999999915e+00 2.547586345640000249e-02 0.000000000000000000e+00 0.000000000000000000e+00
1.665692686999999950e+00 2.542472243359999995e-02 0.000000000000000000e+00 0.000000000000000000e+00
1.659503936999999985e+00 2.537179565480000148e-02 0.000000000000000000e+00 0.000000000000000000e+00
1.653315187000000019e+00 2.531745529040000178e-02 0.000000000000000000e+00 0.000000000000000000e+00
1.647126316999999895e+00 2.526311492880000190e-02 0.000000000000000000e+00 0.000000000000000000e+00
1.640937566999999930e+00 2.520882296519999857e-02 0.000000000000000000e+00 0.000000000000000000e+00
1.634748816000000105e+00 2.515450763839999909e-02 0.000000000000000000e+00 0.000000000000000000e+00
1.628560065999999917e+00 2.509970331120000078e-02 0.000000000000000000e+00 0.000000000000000000e+00
1.622371315999999952e+00 2.504315829400000082e-02 0.000000000000000000e+00 0.000000000000000000e+00
1.616182565999999987e+00 2.498664164640000337e-02 0.000000000000000000e+00 0.000000000000000000e+00
1.609993814999999939e+00 2.493022346360000002e-02 0.000000000000000000e+00 0.000000000000000000e+00
1.603805064999999974e+00 2.487373185079999952e-02 0.000000000000000000e+00 0.000000000000000000e+00
1.597616315000000009e+00 2.481721353440000111e-02 0.000000000000000000e+00 0.000000000000000000e+00
1.591427565000000044e+00 2.475777792880000036e-02 0.000000000000000000e+00 0.000000000000000000e+00
1.585238813999999996e+00 2.469795012440000048e-02 0.000000000000000000e+00 0.000000000000000000e+00
1.579050064000000031e+00 2.463815569880000236e-02 0.000000000000000000e+00 0.000000000000000000e+00
1.572861314000000066e+00 2.457835960439999981e-02 0.000000000000000000e+00 0.000000000000000000e+00
1.566672564000000101e+00 2.451853513759999839e-02 0.000000000000000000e+00 0.000000000000000000e+00
1.560483813000000053e+00 2.445733547320000020e-02 0.000000000000000000e+00 0.000000000000000000e+00
1.554295063000000088e+00 2.439490079880000245e-02 0.000000000000000000e+00 0.000000000000000000e+00
1.548106312999999901e+00 2.433246111800000180e-02 0.000000000000000000e+00 0.000000000000000000e+00
1.541917562000000075e+00 2.427002143720000116e-02 0.000000000000000000e+00 0.000000000000000000e+00
1.535728693000000034e+00 2.420758175920000033e-02 0.000000000000000000e+00 0.000000000000000000e+00
1.529539943000000068e+00 2.414429092320000136e-02 0.000000000000000000e+00 0.000000000000000000e+00
1.523351192000000021e+00 2.407685112840000224e-02 0.000000000000000000e+00 0.000000000000000000e+00
1.517162442000000055e+00 2.400941467400000140e-02 0.000000000000000000e+00 0.000000000000000000e+00
1.510973692000000090e+00 2.394197988560000170e-02 0.000000000000000000e+00 0.000000000000000000e+00
1.504784941999999903e+00 2.387458181359999876e-02 0.000000000000000000e+00 0.000000000000000000e+00
1.498596191000000077e+00 2.380725049919999933e-02 0.000000000000000000e+00 0.000000000000000000e+00
1.492407440999999890e+00 2.373721885640000043e-02 0.000000000000000000e+00 0.000000000000000000e+00
1.486218690999999925e+00 2.366653966880000182e-02 0.000000000000000000e+00 0.000000000000000000e+00
1.480029940999999960e+00 2.359585881239999877e-02 0.000000000000000000e+00 0.000000000000000000e+00
1.473841189999999912e+00 2.352517795600000267e-02 0.000000000000000000e+00 0.000000000000000000e+00
1.467652439999999947e+00 2.345450043719999808e-02 0.000000000000000000e+00 0.000000000000000000e+00
1.461463689999999982e+00 2.338103413519999896e-02 0.000000000000000000e+00 0.000000000000000000e+00
1.455274940000000017e+00 2.330407142559999881e-02 0.000000000000000000e+00 0.000000000000000000e+00
1.449086188999999969e+00 2.322714543240000235e-02 0.000000000000000000e+00 0.000000000000000000e+00
1.442897439000000004e+00 2.315022110799999991e-02 0.000000000000000000e+00 0.000000000000000000e+00
1.436708689000000039e+00 2.307326173879999803e-02 0.000000000000000000e+00 0.000000000000000000e+00
1.430519937999999991e+00 2.299589180840000066e-02 0.000000000000000000e+00 0.000000000000000000e+00
1.424331068999999950e+00 2.291400909559999921e-02 0.000000000000000000e+00 0.000000000000000000e+00
1.418142318999999985e+00 2.283210802040000140e-02 0.000000000000000000e+00 0.000000000000000000e+00
1.411953567999999937e+00 2.275018858839999991e-02 0.000000000000000000e+00 0.000000000000000000e+00
1.405764817999999972e+00 2.266829252239999787e-02 0.000000000000000000e+00 0.000000000000000000e+00
1.399576068000000006e+00 2.258641815080000143e-02 0.000000000000000000e+00 0.000000000000000000e+00
1.393387318000000041e+00 2.249956035600000209e-02 0.000000000000000000e+00 0.000000000000000000e+00
1.387198566999999993e+00 2.241048121480000016e-02 0.000000000000000000e+00 0.000000000000000000e+00
1.381009817000000028e+00 2.232142877439999978e-02 0.000000000000000000e+00 0.000000000000000000e+00
1.374821067000000063e+00 2.223236298639999844e-02 0.000000000000000000e+00 0.000000000000000000e+00
1.368632317000000098e+00 2.214326882320000189e-02 0.000000000000000000e+00 0.000000000000000000e+00
1.362443566000000050e+00 2.205255412919999991e-02 0.000000000000000000e+00 0.000000000000000000e+00
1.356254816000000085e+00 2.195819282440000103e-02 0.000000000000000000e+00 0.000000000000000000e+00
1.350066065999999898e+00 2.186383151960000215e-02 0.000000000000000000e+00 0.000000000000000000e+00
1.343877315999999933e+00 2.176943016079999765e-02 0.000000000000000000e+00 0.000000000000000000e+00
1.337688565000000107e+00 2.167505049640000223e-02 0.000000000000000000e+00 0.000000000000000000e+00
1.331499814999999920e+00 2.158066916599999871e-02 0.000000000000000000e+00 0.000000000000000000e+00
1.325311064999999955e+00 2.148332881800000052e-02 0.000000000000000000e+00 0.000000000000000000e+00
1.319122313999999907e+00 2.138572478280000022e-02 0.000000000000000000e+00 0.000000000000000000e+00
1.312933445000000088e+00 2.128785204840000223e-02 0.000000000000000000e+00 0.000000000000000000e+00
1.306744694999999901e+00 2.119004607160000081e-02 0.000000000000000000e+00 0.000000000000000000e+00
1.300555944000000075e+00 2.109238362279999834e-02 0.000000000000000000e+00 0.000000000000000000e+00
1.294367194000000110e+00 2.099177718120000258e-02 0.000000000000000000e+00 0.000000000000000000e+00
1.288178443999999923e+00 2.088849377719999983e-02 0.000000000000000000e+00 0.000000000000000000e+00
1.281989693999999957e+00 2.078514695039999916e-02 0.000000000000000000e+00 0.000000000000000000e+00
1.275800942999999910e+00 2.068180179520000272e-02 0.000000000000000000e+00 0.000000000000000000e+00
1.269612192999999944e+00 2.057847499959999937e-02 0.000000000000000000e+00 0.000000000000000000e+00
1.263423442999999979e+00 2.047532177040000193e-02 0.000000000000000000e+00 0.000000000000000000e+00
1.257234693000000014e+00 2.037313485199999941e-02 0.000000000000000000e+00 0.000000000000000000e+00
1.251045941999999966e+00 2.027067589680000073e-02 0.000000000000000000e+00 0.000000000000000000e+00
1.244857192000000001e+00 2.016821527560000091e-02 0.000000000000000000e+00 0.000000000000000000e+00
1.238668442000000036e+00 2.006575632039999876e-02 0.000000000000000000e+00 0.000000000000000000e+00
1.232479692000000071e+00 1.996337246960000131e-02 0.000000000000000000e+00 0.000000000000000000e+00
1.226290941000000023e+00 1.985490536679999918e-02 0.000000000000000000e+00 0.000000000000000000e+00
1.220102191000000058e+00 1.974382305279999764e-02 0.000000000000000000e+00 0.000000000000000000e+00
1.213913441000000093e+00 1.963274073599999975e-02 0.000000000000000000e+00 0.000000000000000000e+00
1.207724690000000045e+00 1.952165675040000090e-02 0.000000000000000000e+00 0.000000000000000000e+00
1.201535821000000004e+00 1.941057443640000282e-02 0.000000000000000000e+00 0.000000000000000000e+00
1.195347071000000039e+00 1.930066537840000040e-02 0.000000000000000000e+00 0.000000000000000000e+00
1.189158319999999991e+00 1.919366025920000302e-02 0.000000000000000000e+00 0.000000000000000000e+00
1.182969570000000026e+00 1.908665513999999869e-02 0.000000000000000000e+00 0.000000000000000000e+00
1.176780820000000061e+00 1.897965168960000226e-02 0.000000000000000000e+00 0.000000000000000000e+00
1.170592070000000096e+00 1.887264657039999793e-02 0.000000000000000000e+00 0.000000000000000000e+00
1.164403319000000048e+00 1.876538443639999901e-02 0.000000000000000000e+00 0.000000000000000000e+00
1.158214569000000083e+00 1.864795184000000300e-02 0.000000000000000000e+00 0.000000000000000000e+00
1.152025818999999895e+00 1.852964639680000289e-02 0.000000000000000000e+00 0.000000000000000000e+00
1.145837068999999930e+00 1.841134095079999949e-02 0.000000000000000000e+00 0.000000000000000000e+00
1.139648318000000105e+00 1.829303550759999938e-02 0.000000000000000000e+00 0.000000000000000000e+00
1.133459567999999917e+00 1.817450475679999872e-02 0.000000000000000000e+00 0.000000000000000000e+00
1.127270817999999952e+00 1.805675840359999978e-02 0.000000000000000000e+00 0.000000000000000000e+00
1.121082066999999904e+00 1.794010019199999972e-02 0.000000000000000000e+00 0.000000000000000000e+00
1.114893316999999939e+00 1.782379579680000090e-02 0.000000000000000000e+00 0.000000000000000000e+00
1.108704566999999974e+00 1.770746469520000088e-02 0.000000000000000000e+00 0.000000000000000000e+00
1.102515817000000009e+00 1.759058451640000201e-02 0.000000000000000000e+00 0.000000000000000000e+00
1.096327065999999961e+00 1.747374606039999931e-02 0.000000000000000000e+00 0.000000000000000000e+00
1.090138196999999920e+00 1.735699605919999861e-02 0.000000000000000000e+00 0.000000000000000000e+00
1.083949446999999955e+00 1.724024438920000041e-02 0.000000000000000000e+00 0.000000000000000000e+00
1.077760695999999907e+00 1.712320065400000160e-02 0.000000000000000000e+00 0.000000000000000000e+00
1.071571945999999942e+00 1.700613689320000163e-02 0.000000000000000000e+00 0.000000000000000000e+00
1.065383195999999977e+00 1.688620591280000013e-02 0.000000000000000000e+00 0.000000000000000000e+00
1.059194446000000012e+00 1.676353454720000066e-02 0.000000000000000000e+00 0.000000000000000000e+00
1.053005694999999964e+00 1.664034080520000042e-02 0.000000000000000000e+00 0.000000000000000000e+00
1.046816944999999999e+00 1.651714706320000017e-02 0.000000000000000000e+00 0.000000000000000000e+00
1.040628195000000034e+00 1.639427375879999940e-02 0.000000000000000000e+00 0.000000000000000000e+00
1.034439445000000068e+00 1.627394557039999953e-02 0.000000000000000000e+00 0.000000000000000000e+00
1.028250694000000021e+00 1.615323185840000092e-02 0.000000000000000000e+00 0.000000000000000000e+00
1.022061944000000056e+00 1.603251648040000116e-02 0.000000000000000000e+00 0.000000000000000000e+00
1.015873194000000090e+00 1.591180276839999908e-02 0.000000000000000000e+00 0.000000000000000000e+00
1.009684443000000043e+00 1.579022956000000061e-02 0.000000000000000000e+00 0.000000000000000000e+00
1.003495693000000077e+00 1.566741466640000219e-02 0.000000000000000000e+00 0.000000000000000000e+00
9.973068832999999467e-01 1.554459977280000030e-02 0.000000000000000000e+00 0.000000000000000000e+00
9.911181330999999650e-01 1.542178487640000033e-02 0.000000000000000000e+00 0.000000000000000000e+00
9.849293827999999751e-01 1.529828739039999948e-02 0.000000000000000000e+00 0.000000000000000000e+00
9.787406324999999851e-01 1.517654895679999838e-02 0.000000000000000000e+00 0.000000000000000000e+00
9.725518823000000035e-01 1.505554318520000226e-02 0.000000000000000000e+00 0.000000000000000000e+00
9.663631320000000136e-01 1.493431377479999961e-02 0.000000000000000000e+00 0.000000000000000000e+00
9.601743817000000236e-01 1.481224989999999943e-02 0.000000000000000000e+00 0.000000000000000000e+00
9.539855718999999956e-01 1.468948507320000027e-02 0.000000000000000000e+00 0.000000000000000000e+00
9.477968216000000057e-01 1.456658005599999889e-02 0.000000000000000000e+00 0.000000000000000000e+00
9.416080713000000157e-01 1.444361996560000229e-02 0.000000000000000000e+00 0.000000000000000000e+00
9.354193211000000341e-01 1.432043623920000071e-02 0.000000000000000000e+00 0.000000000000000000e+00
9.292305708000000442e-01 1.419778823959999894e-02 0.000000000000000000e+00 0.000000000000000000e+00
9.230418205000000542e-01 1.407495498640000224e-02 0.000000000000000000e+00 0.000000000000000000e+00
9.168530702999999615e-01 1.395148837599999997e-02 0.000000000000000000e+00 0.000000000000000000e+00
9.106643199999999716e-01 1.382868015760000020e-02 0.000000000000000000e+00 0.000000000000000000e+00
9.044755696999999817e-01 1.370502579319999963e-02 0.000000000000000000e+00 0.000000000000000000e+00
8.982867598999999537e-01 1.358010888079999937e-02 0.000000000000000000e+00 0.000000000000000000e+00
8.920980095999999637e-01 1.345512104159999993e-02 0.000000000000000000e+00 0.000000000000000000e+00
8.859092592999999738e-01 1.333067226399999895e-02 0.000000000000000000e+00 0.000000000000000000e+00
8.797205090999999921e-01 1.320509862840000062e-02 0.000000000000000000e+00 0.000000000000000000e+00
8.735317588000000022e-01 1.307909691199999995e-02 0.000000000000000000e+00 0.000000000000000000e+00
8.673430085000000123e-01 1.295309603279999958e-02 0.000000000000000000e+00 0.000000000000000000e+00
8.611542583000000306e-01 1.282677972239999915e-02 0.000000000000000000e+00 0.000000000000000000e+00
8.549655080000000407e-01 1.270016384000000054e-02 0.000000000000000000e+00 0.000000000000000000e+00
8.487767577000000507e-01 1.257354796040000174e-02 0.000000000000000000e+00 0.000000000000000000e+00
8.425879478000000145e-01 1.244659078040000026e-02 0.000000000000000000e+00 0.000000000000000000e+00
8.363991976000000328e-01 1.231939160759999881e-02 0.000000000000000000e+00 0.000000000000000000e+00
8.302104473000000429e-01 1.219253289799999973e-02 0.000000000000000000e+00 0.000000000000000000e+00
8.240216970000000529e-01 1.206549894759999936e-02 0.000000000000000000e+00 0.000000000000000000e+00
8.178329467999999602e-01 1.193822133559999978e-02 0.000000000000000000e+00 0.000000000000000000e+00
8.116441964999999703e-01 1.181118404760000094e-02 0.000000000000000000e+00 0.000000000000000000e+00
8.054554461999999804e-01 1.168416428479999991e-02 0.000000000000000000e+00 0.000000000000000000e+00
7.992666959999999987e-01 1.155707275800000114e-02 0.000000000000000000e+00 0.000000000000000000e+00
7.930779457000000088e-01 1.143023991479999966e-02 0.000000000000000000e+00 0.000000000000000000e+00
7.868891357999999725e-01 1.130347049159999978e-02 0.000000000000000000e+00 0.000000000000000000e+00
7.807003855999999908e-01 1.117654585880000113e-02 0.000000000000000000e+00 0.000000000000000000e+00
7.745116353000000009e-01 1.105038142319999910e-02 0.000000000000000000e+00 0.000000000000000000e+00
7.683228850000000110e-01 1.092388904040000018e-02 0.000000000000000000e+00 0.000000000000000000e+00
7.621341348000000293e-01 1.079759192400000026e-02 0.000000000000000000e+00 0.000000000000000000e+00
7.559453845000000394e-01 1.067232370399999984e-02 0.000000000000000000e+00 0.000000000000000000e+00
7.497566342000000494e-01 1.054618930680000129e-02 0.000000000000000000e+00 0.000000000000000000e+00
7.435678839999999568e-01 1.042067658799999963e-02 0.000000000000000000e+00 0.000000000000000000e+00
7.373790741000000315e-01 1.029697048800000056e-02 0.000000000000000000e+00 0.000000000000000000e+00
7.311903238000000416e-01 1.017234981000000177e-02 0.000000000000000000e+00 0.000000000000000000e+00
7.250015735999999489e-01 1.004851269800000058e-02 0.000000000000000000e+00 0.000000000000000000e+00
7.188128232999999589e-01 9.926244378399999568e-03 0.000000000000000000e+00 0.000000000000000000e+00
7.126240729999999690e-01 9.803380249599999083e-03 0.000000000000000000e+00 0.000000000000000000e+00
7.064353227999999874e-01 9.681749462000000667e-03 0.000000000000000000e+00 0.000000000000000000e+00
7.002465724999999974e-01 9.561454652400000823e-03 0.000000000000000000e+00 0.000000000000000000e+00
6.940578222000000075e-01 9.441164017600001471e-03 0.000000000000000000e+00 0.000000000000000000e+00
6.878690720000000258e-01 9.322291134799999199e-03 0.000000000000000000e+00 0.000000000000000000e+00
6.816802620999999895e-01 9.204502224400000140e-03 0.000000000000000000e+00 0.000000000000000000e+00
6.754915117999999996e-01 9.086412073200000189e-03 0.000000000000000000e+00 0.000000000000000000e+00
6.693027616000000179e-01 8.971647263600000463e-03 0.000000000000000000e+00 0.000000000000000000e+00
6.631140113000000280e-01 8.857195376399999709e-03 0.000000000000000000e+00 0.000000000000000000e+00
6.569252610000000381e-01 8.742958784000000663e-03 0.000000000000000000e+00 0.000000000000000000e+00
6.507365107999999454e-01 8.631196380799999873e-03 0.000000000000000000e+00 0.000000000000000000e+00
6.445477604999999555e-01 8.518816471199999393e-03 0.000000000000000000e+00 0.000000000000000000e+00
6.383590101999999655e-01 8.409714342400001139e-03 0.000000000000000000e+00 0.000000000000000000e+00
6.321702599999999839e-01 8.300628901600000387e-03 0.000000000000000000e+00 0.000000000000000000e+00
6.259814500999999476e-01 8.191959022800000129e-03 0.000000000000000000e+00 0.000000000000000000e+00
6.197926997999999577e-01 8.084025978000000320e-03 0.000000000000000000e+00 0.000000000000000000e+00
6.136039494999999677e-01 7.977020024400000714e-03 0.000000000000000000e+00 0.000000000000000000e+00
6.074151992999999861e-01 7.871608735200000262e-03 0.000000000000000000e+00 0.000000000000000000e+00
6.012264489999999961e-01 7.765945434799999617e-03 0.000000000000000000e+00 0.000000000000000000e+00
5.950376987000000062e-01 7.660119415200000205e-03 0.000000000000000000e+00 0.000000000000000000e+00
5.888489485000000245e-01 7.555008529600001216e-03 0.000000000000000000e+00 0.000000000000000000e+00
5.826601982000000346e-01 7.452238320800000197e-03 0.000000000000000000e+00 0.000000000000000000e+00
5.764714479000000447e-01 7.349437236399999733e-03 0.000000000000000000e+00 0.000000000000000000e+00
5.702826381000000167e-01 7.245166658800000596e-03 0.000000000000000000e+00 0.000000000000000000e+00
5.640938878000000267e-01 7.142071843200000110e-03 0.000000000000000000e+00 0.000000000000000000e+00
5.579051375000000368e-01 7.042258977600000108e-03 0.000000000000000000e+00 0.000000000000000000e+00
5.517163873000000551e-01 6.942297160400000625e-03 0.000000000000000000e+00 0.000000000000000000e+00
5.455276369999999542e-01 6.841346086400000755e-03 0.000000000000000000e+00 0.000000000000000000e+00
5.393388866999999642e-01 6.740606546800000792e-03 0.000000000000000000e+00 0.000000000000000000e+00
5.331501364999999826e-01 6.639336286800000438e-03 0.000000000000000000e+00 0.000000000000000000e+00
5.269613861999999926e-01 6.539847613600000345e-03 0.000000000000000000e+00 0.000000000000000000e+00
5.207726359000000027e-01 6.441839695199999549e-03 0.000000000000000000e+00 0.000000000000000000e+00
5.145838260999999747e-01 6.343988658000000030e-03 0.000000000000000000e+00 0.000000000000000000e+00
5.083950757999999848e-01 6.244771181600000318e-03 0.000000000000000000e+00 0.000000000000000000e+00
5.022063254999999948e-01 6.146373987600000158e-03 0.000000000000000000e+00 0.000000000000000000e+00
4.960175753000000132e-01 6.049913167200000018e-03 0.000000000000000000e+00 0.000000000000000000e+00
4.898288250000000232e-01 5.953539550000000284e-03 0.000000000000000000e+00 0.000000000000000000e+00
4.836400746999999778e-01 5.857694567199999737e-03 0.000000000000000000e+00 0.000000000000000000e+00
4.774513244999999961e-01 5.761718155200000295e-03 0.000000000000000000e+00 0.000000000000000000e+00
4.712625443999999830e-01 5.667968510399999833e-03 0.000000000000000000e+00 0.000000000000000000e+00
4.650737940999999931e-01 5.574628592400000457e-03 0.000000000000000000e+00 0.000000000000000000e+00
4.588850439000000114e-01 5.482270418799999913e-03 0.000000000000000000e+00 0.000000000000000000e+00
4.526962936000000215e-01 5.390594006000000264e-03 0.000000000000000000e+00 0.000000000000000000e+00
4.465075135000000084e-01 5.300025760400000653e-03 0.000000000000000000e+00 0.000000000000000000e+00
4.403187633000000267e-01 5.212026416799999708e-03 0.000000000000000000e+00 0.000000000000000000e+00
4.341300129999999813e-01 5.124085903999999435e-03 0.000000000000000000e+00 0.000000000000000000e+00
4.279412626999999913e-01 5.039535821600000208e-03 0.000000000000000000e+00 0.000000000000000000e+00
4.217525125000000097e-01 4.955019532399999697e-03 0.000000000000000000e+00 0.000000000000000000e+00
4.155637323999999966e-01 4.872814716000000226e-03 0.000000000000000000e+00 0.000000000000000000e+00
4.093749821000000066e-01 4.791561602799999757e-03 0.000000000000000000e+00 0.000000000000000000e+00
4.031862319000000250e-01 4.711028218400000259e-03 0.000000000000000000e+00 0.000000000000000000e+00
3.969974815999999795e-01 4.631734847599999934e-03 0.000000000000000000e+00 0.000000000000000000e+00
3.908087015000000219e-01 4.552795707599999533e-03 0.000000000000000000e+00 0.000000000000000000e+00
3.846199511999999765e-01 4.475450814799999781e-03 0.000000000000000000e+00 0.000000000000000000e+00
3.784312009999999948e-01 4.398253202000000465e-03 0.000000000000000000e+00 0.000000000000000000e+00
3.722424507000000049e-01 4.322693645200000045e-03 0.000000000000000000e+00 0.000000000000000000e+00
3.660537004000000150e-01 4.247131585199999913e-03 0.000000000000000000e+00 0.000000000000000000e+00
3.598649204000000101e-01 4.173197568399999828e-03 0.000000000000000000e+00 0.000000000000000000e+00
3.536761701000000202e-01 4.099241017200000101e-03 0.000000000000000000e+00 0.000000000000000000e+00
3.474874197999999748e-01 4.026918352800000142e-03 0.000000000000000000e+00 0.000000000000000000e+00
3.412986695999999931e-01 3.954768420400000400e-03 0.000000000000000000e+00 0.000000000000000000e+00
3.351098894999999800e-01 3.884265302400000466e-03 0.000000000000000000e+00 0.000000000000000000e+00
3.289211391999999901e-01 3.814163564400000015e-03 0.000000000000000000e+00 0.000000000000000000e+00
3.227323890000000084e-01 3.745181263599999671e-03 0.000000000000000000e+00 0.000000000000000000e+00
3.165436387000000185e-01 3.676518143200000182e-03 0.000000000000000000e+00 0.000000000000000000e+00
3.103548883999999730e-01 3.608462096400000176e-03 0.000000000000000000e+00 0.000000000000000000e+00
3.041661084000000237e-01 3.540395616800000398e-03 0.000000000000000000e+00 0.000000000000000000e+00
2.979773580999999782e-01 3.473138569600000159e-03 0.000000000000000000e+00 0.000000000000000000e+00
2.917886077999999883e-01 3.405500380800000147e-03 0.000000000000000000e+00 0.000000000000000000e+00
2.855998576000000067e-01 3.338661194400000150e-03 0.000000000000000000e+00 0.000000000000000000e+00
2.794110774999999935e-01 3.271645098400000062e-03 0.000000000000000000e+00 0.000000000000000000e+00
2.732223272000000036e-01 3.205072522400000210e-03 0.000000000000000000e+00 0.000000000000000000e+00
2.670335770000000220e-01 3.138398765600000206e-03 0.000000000000000000e+00 0.000000000000000000e+00
2.608448266999999765e-01 3.071643859200000413e-03 0.000000000000000000e+00 0.000000000000000000e+00
2.546560466000000189e-01 3.005024134000000135e-03 0.000000000000000000e+00 0.000000000000000000e+00
2.484673112999999933e-01 2.938464908400000193e-03 0.000000000000000000e+00 0.000000000000000000e+00
2.422785460999999918e-01 2.871876268799999823e-03 0.000000000000000000e+00 0.000000000000000000e+00
2.360897958000000019e-01 2.805081098400000021e-03 0.000000000000000000e+00 0.000000000000000000e+00
2.299010307000000086e-01 2.738135933960000098e-03 0.000000000000000000e+00 0.000000000000000000e+00
2.237122803999999909e-01 2.671203285520000036e-03 0.000000000000000000e+00 0.000000000000000000e+00
2.175235151999999894e-01 2.604098737239999954e-03 0.000000000000000000e+00 0.000000000000000000e+00
2.113347650000000078e-01 2.536612421279999755e-03 0.000000000000000000e+00 0.000000000000000000e+00
2.051459998000000062e-01 2.468720972479999942e-03 0.000000000000000000e+00 0.000000000000000000e+00
1.989572494999999885e-01 2.400228083120000376e-03 0.000000000000000000e+00 0.000000000000000000e+00
1.927684843999999953e-01 2.330941826079999980e-03 0.000000000000000000e+00 0.000000000000000000e+00
1.865797341000000054e-01 2.260850727520000419e-03 0.000000000000000000e+00 0.000000000000000000e+00
1.803909837999999877e-01 2.189909309279999914e-03 0.000000000000000000e+00 0.000000000000000000e+00
1.742022186999999944e-01 2.118148237520000015e-03 0.000000000000000000e+00 0.000000000000000000e+00
1.680134684000000045e-01 2.045608192600000159e-03 0.000000000000000000e+00 0.000000000000000000e+00
1.618247032000000030e-01 1.972281456040000241e-03 0.000000000000000000e+00 0.000000000000000000e+00
1.556359529000000130e-01 1.898095220280000004e-03 0.000000000000000000e+00 0.000000000000000000e+00
1.494471877999999920e-01 1.822928696960000048e-03 0.000000000000000000e+00 0.000000000000000000e+00
1.432584375000000021e-01 1.746550843240000104e-03 0.000000000000000000e+00 0.000000000000000000e+00
1.370696723000000006e-01 1.668716326479999928e-03 0.000000000000000000e+00 0.000000000000000000e+00
1.308809220999999912e-01 1.589086458120000022e-03 0.000000000000000000e+00 0.000000000000000000e+00
1.246921643999999996e-01 1.507291465959999981e-03 0.000000000000000000e+00 0.000000000000000000e+00
1.185034065999999997e-01 1.423553317760000098e-03 0.000000000000000000e+00 0.000000000000000000e+00
1.123146488999999942e-01 1.337518721840000096e-03 0.000000000000000000e+00 0.000000000000000000e+00
1.061258912000000026e-01 1.248759076040000145e-03 0.000000000000000000e+00 0.000000000000000000e+00
9.993714094000000214e-02 1.157818138680000121e-03 0.000000000000000000e+00 0.000000000000000000e+00
9.374838321999999502e-02 1.064275443560000088e-03 0.000000000000000000e+00 0.000000000000000000e+00
8.755962551000000260e-02 9.678509234799999609e-04 0.000000000000000000e+00 0.000000000000000000e+00
8.137086778999999548e-02 8.684294222800000192e-04 0.000000000000000000e+00 0.000000000000000000e+00
7.518211007000000223e-02 7.662355677200000104e-04 0.000000000000000000e+00 0.000000000000000000e+00
6.899335234999999511e-02 6.605364903200000755e-04 0.000000000000000000e+00 0.000000000000000000e+00
6.280459464000000269e-02 5.517978222399999664e-04 0.000000000000000000e+00 0.000000000000000000e+00
5.661583692000000251e-02 4.407446607200000543e-04 0.000000000000000000e+00 0.000000000000000000e+00
5.042708292999999869e-02 3.277916832400000241e-04 0.000000000000000000e+00 0.000000000000000000e+00
4.423832520999999851e-02 2.139159832040000281e-04 0.000000000000000000e+00 0.000000000000000000e+00
3.804956748999999833e-02 1.013287035880000120e-04 0.000000000000000000e+00 0.000000000000000000e+00
3.186080976999999814e-02 -6.070178525599999864e-06 0.000000000000000000e+00 0.000000000000000000e+00
2.567205392000000003e-02 -1.032292107000000063e-04 0.000000000000000000e+00 0.000000000000000000e+00
1.948329619999999984e-02 -1.770751997840000068e-04 0.000000000000000000e+00 0.000000000000000000e+00
1.329454034999999999e-02 -2.105061244159999974e-04 0.000000000000000000e+00 0.000000000000000000e+00
7.105783093999999689e-03 -1.728687789359999963e-04 0.000000000000000000e+00 0.000000000000000000e+00
9.170261327999999854e-04 -3.228628309199999875e-05 0.000000000000000000e+00 0.000000000000000000e+00
