3.033407926999999837e+00 4.348150828000000006e-04 0.000000000000000000e+00 0.000000000000000000e+00
3.027219296000000170e+00 2.136623084680000246e-03 0.000000000000000000e+00 0.000000000000000000e+00
3.021030425999999824e+00 3.837856531600000298e-03 0.000000000000000000e+00 0.000000000000000000e+00
3.014841557000000005e+00 5.513925015200000362e-03 0.000000000000000000e+00 0.000000000000000000e+00
3.008652924999999811e+00 7.126129387999999461e-03 0.000000000000000000e+00 0.000000000000000000e+00
3.002464055999999992e+00 8.649672270400001611e-03 0.000000000000000000e+00 0.000000000000000000e+00
2.996275424999999881e+00 1.006916570800000035e-02 0.000000000000000000e+00 0.000000000000000000e+00
2.990086554999999979e+00 1.137199175279999912e-02 0.000000000000000000e+00 0.000000000000000000e+00
2.983897923999999868e+00 1.255994784800000021e-02 0.000000000000000000e+00 0.000000000000000000e+00
2.977709055000000049e+00 1.364756119160000052e-02 0.000000000000000000e+00 0.000000000000000000e+00
2.971520423999999938e+00 1.462328362600000091e-02 0.000000000000000000e+00 0.000000000000000000e+00
2.965331554000000036e+00 1.551461076759999905e-02 0.000000000000000000e+00 0.000000000000000000e+00
2.959142922999999925e+00 1.632806062719999868e-02 0.000000000000000000e+00 0.000000000000000000e+00
2.952954054000000106e+00 1.706930255799999838e-02 0.000000000000000000e+00 0.000000000000000000e+00
2.946765422999999995e+00 1.774339008399999917e-02 0.000000000000000000e+00 0.000000000000000000e+00
2.940576553000000093e+00 1.836520504839999832e-02 0.000000000000000000e+00 0.000000000000000000e+00
2.934387921999999982e+00 1.893925190080000126e-02 0.000000000000000000e+00 0.000000000000000000e+00
2.928199053000000163e+00 1.947087621640000016e-02 0.000000000000000000e+00 0.000000000000000000e+00
2.922010422000000052e+00 1.996454572560000043e-02 0.000000000000000000e+00 0.000000000000000000e+00
2.915821552000000150e+00 2.042491507560000030e-02 0.000000000000000000e+00 0.000000000000000000e+00
2.909632682999999886e+00 2.085535216240000031e-02 0.000000000000000000e+00 0.000000000000000000e+00
2.903444052000000219e+00 2.125840544799999926e-02 0.000000000000000000e+00 0.000000000000000000e+00
2.897255181999999873e+00 2.163757300319999952e-02 0.000000000000000000e+00 0.000000000000000000e+00
2.891066551000000207e+00 2.199497270599999957e-02 0.000000000000000000e+00 0.000000000000000000e+00
2.884877681999999943e+00 2.233120036000000100e-02 0.000000000000000000e+00 0.000000000000000000e+00
2.878689050999999832e+00 2.264813518520000096e-02 0.000000000000000000e+00 0.000000000000000000e+00
2.872500180999999930e+00 2.294822716760000145e-02 0.000000000000000000e+00 0.000000000000000000e+00
2.866311549999999819e+00 2.323198199280000070e-02 0.000000000000000000e+00 0.000000000000000000e+00
2.860122681000000000e+00 2.350060462960000193e-02 0.000000000000000000e+00 0.000000000000000000e+00
2.853934049999999889e+00 2.375472259440000039e-02 0.000000000000000000e+00 0.000000000000000000e+00
2.847745179999999987e+00 2.399547076360000059e-02 0.000000000000000000e+00 0.000000000000000000e+00
2.841556548999999876e+00 2.422410917360000304e-02 0.000000000000000000e+00 0.000000000000000000e+00
2.835367680000000057e+00 2.444175267240000088e-02 0.000000000000000000e+00 0.000000000000000000e+00
2.829179048999999946e+00 2.464925074639999839e-02 0.000000000000000000e+00 0.000000000000000000e+00
2.822990179000000044e+00 2.484730768240000012e-02 0.000000000000000000e+00 0.000000000000000000e+00
2.816801547999999933e+00 2.503574991120000037e-02 0.000000000000000000e+00 0.000000000000000000e+00
2.810612679000000114e+00 2.521373796480000026e-02 0.000000000000000000e+00 0.000000000000000000e+00
2.804423809000000212e+00 2.538404059520000047e-02 0.000000000000000000e+00 0.000000000000000000e+00
2.798235178000000101e+00 2.554718685119999888e-02 0.000000000000000000e+00 0.000000000000000000e+00
2.792046308999999837e+00 2.570269775360000189e-02 0.000000000000000000e+00 0.000000000000000000e+00
2.785857677000000088e+00 2.584906458960000222e-02 0.000000000000000000e+00 0.000000000000000000e+00
2.779668807999999824e+00 2.598953509320000091e-02 0.000000000000000000e+00 0.000000000000000000e+00
2.773480177000000158e+00 2.612474679919999862e-02 0.000000000000000000e+00 0.000000000000000000e+00
2.767291306999999811e+00 2.625062417880000276e-02 0.000000000000000000e+00 0.000000000000000000e+00
2.761102676000000145e+00 2.637185859560000137e-02 0.000000000000000000e+00 0.000000000000000000e+00
2.754913806999999881e+00 2.648860192159999821e-02 0.000000000000000000e+00 0.000000000000000000e+00
2.748725176000000214e+00 2.659727764120000185e-02 0.000000000000000000e+00 0.000000000000000000e+00
2.742536305999999868e+00 2.670263886360000130e-02 0.000000000000000000e+00 0.000000000000000000e+00
2.736347675000000201e+00 2.680250930840000212e-02 0.000000000000000000e+00 0.000000000000000000e+00
2.730158805999999938e+00 2.689703750719999939e-02 0.000000000000000000e+00 0.000000000000000000e+00
2.723970174999999827e+00 2.698905229440000039e-02 0.000000000000000000e+00 0.000000000000000000e+00
2.717781304999999925e+00 2.707362031920000287e-02 0.000000000000000000e+00 0.000000000000000000e+00
2.711592673999999814e+00 2.715643930439999923e-02 0.000000000000000000e+00 0.000000000000000000e+00
2.705403804999999995e+00 2.723358058960000105e-02 0.000000000000000000e+00 0.000000000000000000e+00
2.699215173999999884e+00 2.730823016040000162e-02 0.000000000000000000e+00 0.000000000000000000e+00
2.693026303999999982e+00 2.737842869719999891e-02 0.000000000000000000e+00 0.000000000000000000e+00
2.686837435000000163e+00 2.744614887279999901e-02 0.000000000000000000e+00 0.000000000000000000e+00
2.680648804000000052e+00 2.750922441399999974e-02 0.000000000000000000e+00 0.000000000000000000e+00
2.674459934000000150e+00 2.757122182920000025e-02 0.000000000000000000e+00 0.000000000000000000e+00
2.668271303000000039e+00 2.762740301999999995e-02 0.000000000000000000e+00 0.000000000000000000e+00
2.662082434000000219e+00 2.768353414400000212e-02 0.000000000000000000e+00 0.000000000000000000e+00
2.655893803000000108e+00 2.773420953799999797e-02 0.000000000000000000e+00 0.000000000000000000e+00
2.649704933000000207e+00 2.778312253920000099e-02 0.000000000000000000e+00 0.000000000000000000e+00
2.643516302000000096e+00 2.783076548559999808e-02 0.000000000000000000e+00 0.000000000000000000e+00
2.637327432999999832e+00 2.787233686440000052e-02 0.000000000000000000e+00 0.000000000000000000e+00
2.631138802000000165e+00 2.791390824319999950e-02 0.000000000000000000e+00 0.000000000000000000e+00
2.624949931999999819e+00 2.795323157200000144e-02 0.000000000000000000e+00 0.000000000000000000e+00
2.618761301000000152e+00 2.798796701400000156e-02 0.000000000000000000e+00 0.000000000000000000e+00
2.612572431999999889e+00 2.802270077600000145e-02 0.000000000000000000e+00 0.000000000000000000e+00
2.606383800999999778e+00 2.805569219599999761e-02 0.000000000000000000e+00 0.000000000000000000e+00
2.600194930999999876e+00 2.808404062800000031e-02 0.000000000000000000e+00 0.000000000000000000e+00
2.594006300000000209e+00 2.811236573600000080e-02 0.000000000000000000e+00 0.000000000000000000e+00
2.587817429999999863e+00 2.814074421199999967e-02 0.000000000000000000e+00 0.000000000000000000e+00
2.581628561000000044e+00 2.816319466799999810e-02 0.000000000000000000e+00 0.000000000000000000e+00
2.575439929999999933e+00 2.818554830000000178e-02 0.000000000000000000e+00 0.000000000000000000e+00
2.569251060000000031e+00 2.820792864400000280e-02 0.000000000000000000e+00 0.000000000000000000e+00
2.563062428999999920e+00 2.822756196400000306e-02 0.000000000000000000e+00 0.000000000000000000e+00
2.556873560000000101e+00 2.824398421599999889e-02 0.000000000000000000e+00 0.000000000000000000e+00
2.550684928999999990e+00 2.826043320800000411e-02 0.000000000000000000e+00 0.000000000000000000e+00
2.544496059000000088e+00 2.827687550799999963e-02 0.000000000000000000e+00 0.000000000000000000e+00
2.538307427999999977e+00 2.828932903999999832e-02 0.000000000000000000e+00 0.000000000000000000e+00
2.532118559000000158e+00 2.830008364400000281e-02 0.000000000000000000e+00 0.000000000000000000e+00
2.525929928000000046e+00 2.831091832800000305e-02 0.000000000000000000e+00 0.000000000000000000e+00
2.519741058000000145e+00 2.832167959600000173e-02 0.000000000000000000e+00 0.000000000000000000e+00
2.513552427000000034e+00 2.832886599200000119e-02 0.000000000000000000e+00 0.000000000000000000e+00
2.507363558000000214e+00 2.833459042400000155e-02 0.000000000000000000e+00 0.000000000000000000e+00
2.501174927000000103e+00 2.834033490399999813e-02 0.000000000000000000e+00 0.000000000000000000e+00
2.494986057000000201e+00 2.834608268800000233e-02 0.000000000000000000e+00 0.000000000000000000e+00
2.488797426000000090e+00 2.834977101600000271e-02 0.000000000000000000e+00 0.000000000000000000e+00
2.482608556999999827e+00 2.835120629600000261e-02 0.000000000000000000e+00 0.000000000000000000e+00
2.476419926000000160e+00 2.835268497599999910e-02 0.000000000000000000e+00 0.000000000000000000e+00
2.470231055999999814e+00 2.835419033999999824e-02 0.000000000000000000e+00 0.000000000000000000e+00
2.464042186999999995e+00 2.835557222400000160e-02 0.000000000000000000e+00 0.000000000000000000e+00
2.457853555999999884e+00 2.835319566800000371e-02 0.000000000000000000e+00 0.000000000000000000e+00
2.451664685999999982e+00 2.835089255600000205e-02 0.000000000000000000e+00 0.000000000000000000e+00
2.445476054999999871e+00 2.834858941600000223e-02 0.000000000000000000e+00 0.000000000000000000e+00
2.439287186000000052e+00 2.834619284000000280e-02 0.000000000000000000e+00 0.000000000000000000e+00
2.433098554999999941e+00 2.834249115599999855e-02 0.000000000000000000e+00 0.000000000000000000e+00
2.426909685000000039e+00 2.833663655200000311e-02 0.000000000000000000e+00 0.000000000000000000e+00
2.420721053999999928e+00 2.833083534400000075e-02 0.000000000000000000e+00 0.000000000000000000e+00
2.414532185000000108e+00 2.832499742799999762e-02 0.000000000000000000e+00 0.000000000000000000e+00
2.408343553999999997e+00 2.831909609199999636e-02 0.000000000000000000e+00 0.000000000000000000e+00
2.402154684000000096e+00 2.831161594800000320e-02 0.000000000000000000e+00 0.000000000000000000e+00
2.395966052999999985e+00 2.830269049999999814e-02 0.000000000000000000e+00 0.000000000000000000e+00
2.389777184000000165e+00 2.829369829999999961e-02 0.000000000000000000e+00 0.000000000000000000e+00
2.383588551999999972e+00 2.828466272799999917e-02 0.000000000000000000e+00 0.000000000000000000e+00
2.377399683000000152e+00 2.827568721599999987e-02 0.000000000000000000e+00 0.000000000000000000e+00
2.371211052000000041e+00 2.826518295999999944e-02 0.000000000000000000e+00 0.000000000000000000e+00
2.365022182000000139e+00 2.825321007600000225e-02 0.000000000000000000e+00 0.000000000000000000e+00
2.358833312999999876e+00 2.824114703200000104e-02 0.000000000000000000e+00 0.000000000000000000e+00
2.352644682000000209e+00 2.822908401600000144e-02 0.000000000000000000e+00 0.000000000000000000e+00
2.346455811999999863e+00 2.821702100000000185e-02 0.000000000000000000e+00 0.000000000000000000e+00
2.340267181000000196e+00 2.820391655199999681e-02 0.000000000000000000e+00 0.000000000000000000e+00
2.334078311999999933e+00 2.818908976800000091e-02 0.000000000000000000e+00 0.000000000000000000e+00
2.327889680999999822e+00 2.817453671200000065e-02 0.000000000000000000e+00 0.000000000000000000e+00
2.321700810999999920e+00 2.815998696000000107e-02 0.000000000000000000e+00 0.000000000000000000e+00
2.315512179999999809e+00 2.814543723600000311e-02 0.000000000000000000e+00 0.000000000000000000e+00
2.309323310999999990e+00 2.813063050000000342e-02 0.000000000000000000e+00 0.000000000000000000e+00
2.303134679999999879e+00 2.811375428400000182e-02 0.000000000000000000e+00 0.000000000000000000e+00
2.296945809999999977e+00 2.809681128799999816e-02 0.000000000000000000e+00 0.000000000000000000e+00
2.290757178999999866e+00 2.807985496399999920e-02 0.000000000000000000e+00 0.000000000000000000e+00
2.284568310000000047e+00 2.806298207999999988e-02 0.000000000000000000e+00 0.000000000000000000e+00
2.278379678999999935e+00 2.804615259600000063e-02 0.000000000000000000e+00 0.000000000000000000e+00
2.272190809000000034e+00 2.802727031999999868e-02 0.000000000000000000e+00 0.000000000000000000e+00
2.266002177999999923e+00 2.800790070400000289e-02 0.000000000000000000e+00 0.000000000000000000e+00
2.259813309000000103e+00 2.798857116720000066e-02 0.000000000000000000e+00 0.000000000000000000e+00
2.253624439000000201e+00 2.796925997600000283e-02 0.000000000000000000e+00 0.000000000000000000e+00
2.247435808000000090e+00 2.794993209960000211e-02 0.000000000000000000e+00 0.000000000000000000e+00
2.241246938999999827e+00 2.792950439440000307e-02 0.000000000000000000e+00 0.000000000000000000e+00
2.235058308000000160e+00 2.790772485759999977e-02 0.000000000000000000e+00 0.000000000000000000e+00
2.228869437999999814e+00 2.788605547000000059e-02 0.000000000000000000e+00 0.000000000000000000e+00
2.222680807000000147e+00 2.786438608239999795e-02 0.000000000000000000e+00 0.000000000000000000e+00
2.216491937999999884e+00 2.784271502600000128e-02 0.000000000000000000e+00 0.000000000000000000e+00
2.210303307000000217e+00 2.782085370959999984e-02 0.000000000000000000e+00 0.000000000000000000e+00
2.204114436999999871e+00 2.779725670679999983e-02 0.000000000000000000e+00 0.000000000000000000e+00
2.197925806000000204e+00 2.777307224159999977e-02 0.000000000000000000e+00 0.000000000000000000e+00
2.191736936999999941e+00 2.774880099320000196e-02 0.000000000000000000e+00 0.000000000000000000e+00
2.185548305999999830e+00 2.772452974200000086e-02 0.000000000000000000e+00 0.000000000000000000e+00
2.179359435999999928e+00 2.770020341760000282e-02 0.000000000000000000e+00 0.000000000000000000e+00
2.173170804999999817e+00 2.767425823120000031e-02 0.000000000000000000e+00 0.000000000000000000e+00
2.166981935999999997e+00 2.764778399600000339e-02 0.000000000000000000e+00 0.000000000000000000e+00
2.160793303999999804e+00 2.762134480560000244e-02 0.000000000000000000e+00 0.000000000000000000e+00
2.154604434999999985e+00 2.759487056759999876e-02 0.000000000000000000e+00 0.000000000000000000e+00
2.148415803999999873e+00 2.756834626280000103e-02 0.000000000000000000e+00 0.000000000000000000e+00
2.142226933999999972e+00 2.754111433080000046e-02 0.000000000000000000e+00 0.000000000000000000e+00
2.136038065000000152e+00 2.751309633240000066e-02 0.000000000000000000e+00 0.000000000000000000e+00
2.129849434000000041e+00 2.748505830840000316e-02 0.000000000000000000e+00 0.000000000000000000e+00
2.123660564000000139e+00 2.745697355239999984e-02 0.000000000000000000e+00 0.000000000000000000e+00
2.117471933000000028e+00 2.742892384399999925e-02 0.000000000000000000e+00 0.000000000000000000e+00
2.111283064000000209e+00 2.740011477560000061e-02 0.000000000000000000e+00 0.000000000000000000e+00
2.105094433000000098e+00 2.736953997680000028e-02 0.000000000000000000e+00 0.000000000000000000e+00
2.098905563000000196e+00 2.733890676439999778e-02 0.000000000000000000e+00 0.000000000000000000e+00
2.092716932000000085e+00 2.730827355480000204e-02 0.000000000000000000e+00 0.000000000000000000e+00
2.086528062999999822e+00 2.727764034240000302e-02 0.000000000000000000e+00 0.000000000000000000e+00
2.080339432000000155e+00 2.724674677760000052e-02 0.000000000000000000e+00 0.000000000000000000e+00
2.074150561999999809e+00 2.721591830160000058e-02 0.000000000000000000e+00 0.000000000000000000e+00
2.067961931000000142e+00 2.718534517160000122e-02 0.000000000000000000e+00 0.000000000000000000e+00
2.061773061999999879e+00 2.715477204440000167e-02 0.000000000000000000e+00 0.000000000000000000e+00
2.055584431000000212e+00 2.712423229320000059e-02 0.000000000000000000e+00 0.000000000000000000e+00
2.049395560999999866e+00 2.709301662480000095e-02 0.000000000000000000e+00 0.000000000000000000e+00
2.043206930000000199e+00 2.706050419800000092e-02 0.000000000000000000e+00 0.000000000000000000e+00
2.037018060999999935e+00 2.702793002000000028e-02 0.000000000000000000e+00 0.000000000000000000e+00
2.030829191000000034e+00 2.699539923640000005e-02 0.000000000000000000e+00 0.000000000000000000e+00
2.024640559999999923e+00 2.696292686359999871e-02 0.000000000000000000e+00 0.000000000000000000e+00
2.018451691000000103e+00 2.692970013720000222e-02 0.000000000000000000e+00 0.000000000000000000e+00
2.012263059999999992e+00 2.689609789719999908e-02 0.000000000000000000e+00 0.000000000000000000e+00
2.006074190000000090e+00 2.686258578360000218e-02 0.000000000000000000e+00 0.000000000000000000e+00
1.999885558999999979e+00 2.682910037079999990e-02 0.000000000000000000e+00 0.000000000000000000e+00
1.993696809000000014e+00 2.679556656000000106e-02 0.000000000000000000e+00 0.000000000000000000e+00
1.987508059000000049e+00 2.676134514760000055e-02 0.000000000000000000e+00 0.000000000000000000e+00
1.981319308000000001e+00 2.672688341120000102e-02 0.000000000000000000e+00 0.000000000000000000e+00
1.975130438999999960e+00 2.669251513599999945e-02 0.000000000000000000e+00 0.000000000000000000e+00
1.968941688999999995e+00 2.665814685800000153e-02 0.000000000000000000e+00 0.000000000000000000e+00
1.962752937999999947e+00 2.662377858279999995e-02 0.000000000000000000e+00 0.000000000000000000e+00
1.956564187999999982e+00 2.658742094120000038e-02 0.000000000000000000e+00 0.000000000000000000e+00
1.950375438000000017e+00 2.654875683880000142e-02 0.000000000000000000e+00 0.000000000000000000e+00
1.944186686999999969e+00 2.651009106760000150e-02 0.000000000000000000e+00 0.000000000000000000e+00
1.937997937000000004e+00 2.647142529359999830e-02 0.000000000000000000e+00 0.000000000000000000e+00
1.931809187000000039e+00 2.643277287559999897e-02 0.000000000000000000e+00 0.000000000000000000e+00
1.925620437000000074e+00 2.639415383360000159e-02 0.000000000000000000e+00 0.000000000000000000e+00
1.919431686000000026e+00 2.635452508920000173e-02 0.000000000000000000e+00 0.000000000000000000e+00
1.913242936000000061e+00 2.631471776920000019e-02 0.000000000000000000e+00 0.000000000000000000e+00
1.907054186000000096e+00 2.627491044920000213e-02 0.000000000000000000e+00 0.000000000000000000e+00
1.900865435999999908e+00 2.623511147600000176e-02 0.000000000000000000e+00 0.000000000000000000e+00
1.894676685000000083e+00 2.619531083120000062e-02 0.000000000000000000e+00 0.000000000000000000e+00
1.888487934999999895e+00 2.615441203200000175e-02 0.000000000000000000e+00 0.000000000000000000e+00
1.882299184999999930e+00 2.611220645880000038e-02 0.000000000000000000e+00 0.000000000000000000e+00
1.876110434999999965e+00 2.606999754800000055e-02 0.000000000000000000e+00 0.000000000000000000e+00
1.869921683999999917e+00 2.602779030880000150e-02 0.000000000000000000e+00 0.000000000000000000e+00
1.863732815000000098e+00 2.598558139799999819e-02 0.000000000000000000e+00 0.000000000000000000e+00
1.857544064999999911e+00 2.594326400680000214e-02 0.000000000000000000e+00 0.000000000000000000e+00
1.851355314000000085e+00 2.590020561240000130e-02 0.000000000000000000e+00 0.000000000000000000e+00
1.845166563999999898e+00 2.585819864319999911e-02 0.000000000000000000e+00 0.000000000000000000e+00
1.838977813999999933e+00 2.581619000519999943e-02 0.000000000000000000e+00 0.000000000000000000e+00
1.832789063000000107e+00 2.577418303600000071e-02 0.000000000000000000e+00 0.000000000000000000e+00
1.826600312999999920e+00 2.573226118120000225e-02 0.000000000000000000e+00 0.000000000000000000e+00
1.820411562999999955e+00 2.568907094039999880e-02 0.000000000000000000e+00 0.000000000000000000e+00
1.814222812999999990e+00 2.564530324999999764e-02 0.000000000000000000e+00 0.000000000000000000e+00
1.808034061999999942e+00 2.560150885599999857e-02 0.000000000000000000e+00 0.000000000000000000e+00
1.801845311999999977e+00 2.555775952240000107e-02 0.000000000000000000e+00 0.000000000000000000e+00
1.795656562000000012e+00 2.551403689519999782e-02 0.000000000000000000e+00 0.000000000000000000e+00
1.789467812000000047e+00 2.546988701879999983e-02 0.000000000000000000e+00 0.000000000000000000e+00
1.783279060999999999e+00 2.542481923239999983e-02 0.000000000000000000e+00 0.000000000000000000e+00
1.777090311000000034e+00 2.537983656040000008e-02 0.000000000000000000e+00 0.000000000000000000e+00
1.770901561000000068e+00 2.533490061759999940e-02 0.000000000000000000e+00 0.000000000000000000e+00
1.764712811000000103e+00 2.528996467480000218e-02 0.000000000000000000e+00 0.000000000000000000e+00
1.758524060000000055e+00 2.524498367440000321e-02 0.000000000000000000e+00 0.000000000000000000e+00
1.752335191000000014e+00 2.519769620759999829e-02 0.000000000000000000e+00 0.000000000000000000e+00
1.746146441000000049e+00 2.514942741359999998e-02 0.000000000000000000e+00 0.000000000000000000e+00
1.739957690000000001e+00 2.510024404440000176e-02 0.000000000000000000e+00 0.000000000000000000e+00
1.733768940000000036e+00 2.505106067520000007e-02 0.000000000000000000e+00 0.000000000000000000e+00
1.727580190000000071e+00 2.500184559880000087e-02 0.000000000000000000e+00 0.000000000000000000e+00
1.721391439000000023e+00 2.495035076240000038e-02 0.000000000000000000e+00 0.000000000000000000e+00
1.715202689000000058e+00 2.489729046840000182e-02 0.000000000000000000e+00 0.000000000000000000e+00
1.709013939000000093e+00 2.484423184320000075e-02 0.000000000000000000e+00 0.000000000000000000e+00
1.702825188999999906e+00 2.479117155199999853e-02 0.000000000000000000e+00 0.000000000000000000e+00
1.696636438000000080e+00 2.473810792040000150e-02 0.000000000000000000e+00 0.000000000000000000e+00
1.690447687999999893e+00 2.468419313359999923e-02 0.000000000000000000e+00 0.000000000000000000e+00
1.684258937999999928e+00 2.462749791040000011e-02 0.000000000000000000e+00 0.000000000000000000e+00
1.678070187999999963e+00 2.457085442560000277e-02 0.000000000000000000e+00 0.000000000000000000e+00
1.671881436999999915e+00 2.451427102040000180e-02 0.000000000000000000e+00 0.000000000000000000e+00
1.665692686999999950e+00 2.445768928400000181e-02 0.000000000000000000e+00 0.000000000000000000e+00
1.659503936999999985e+00 2.440106248720000023e-02 0.000000000000000000e+00 0.000000000000000000e+00
1.653315187000000019e+00 2.434163355959999969e-02 0.000000000000000000e+00 0.000000000000000000e+00
1.647126316999999895e+00 2.428215789720000045e-02 0.000000000000000000e+00 0.000000000000000000e+00
1.640937566999999930e+00 2.422453475120000047e-02 0.000000000000000000e+00 0.000000000000000000e+00
1.634748816000000105e+00 2.416691327119999816e-02 0.000000000000000000e+00 0.000000000000000000e+00
1.628560065999999917e+00 2.410939359640000210e-02 0.000000000000000000e+00 0.000000000000000000e+00
1.622371315999999952e+00 2.405045867000000018e-02 0.000000000000000000e+00 0.000000000000000000e+00
1.616182565999999987e+00 2.399021196319999980e-02 0.000000000000000000e+00 0.000000000000000000e+00
1.609993814999999939e+00 2.392988014199999916e-02 0.000000000000000000e+00 0.000000000000000000e+00
1.603805064999999974e+00 2.386961674719999954e-02 0.000000000000000000e+00 0.000000000000000000e+00
1.597616315000000009e+00 2.380947852079999885e-02 0.000000000000000000e+00 0.000000000000000000e+00
1.591427565000000044e+00 2.374876451360000140e-02 0.000000000000000000e+00 0.000000000000000000e+00
1.585238813999999996e+00 2.368580579680000173e-02 0.000000000000000000e+00 0.000000000000000000e+00
1.579050064000000031e+00 2.362285709279999743e-02 0.000000000000000000e+00 0.000000000000000000e+00
1.572861314000000066e+00 2.355992507960000260e-02 0.000000000000000000e+00 0.000000000000000000e+00
1.566672564000000101e+00 2.349699306360000101e-02 0.000000000000000000e+00 0.000000000000000000e+00
1.560483813000000053e+00 2.343405103760000038e-02 0.000000000000000000e+00 0.000000000000000000e+00
1.554295063000000088e+00 2.336858058080000175e-02 0.000000000000000000e+00 0.000000000000000000e+00
1.548106312999999901e+00 2.330231905120000099e-02 0.000000000000000000e+00 0.000000000000000000e+00
1.541917562000000075e+00 2.323442530640000211e-02 0.000000000000000000e+00 0.000000000000000000e+00
1.535728693000000034e+00 2.316653156159999977e-02 0.000000000000000000e+00 0.000000000000000000e+00
1.529539943000000068e+00 2.309862279760000262e-02 0.000000000000000000e+00 0.000000000000000000e+00
1.523351192000000021e+00 2.302905511759999885e-02 0.000000000000000000e+00 0.000000000000000000e+00
1.517162442000000055e+00 2.295809888960000100e-02 0.000000000000000000e+00 0.000000000000000000e+00
1.510973692000000090e+00 2.288713264600000102e-02 0.000000000000000000e+00 0.000000000000000000e+00
1.504784941999999903e+00 2.281617641520000336e-02 0.000000000000000000e+00 0.000000000000000000e+00
1.498596191000000077e+00 2.274523854120000244e-02 0.000000000000000000e+00 0.000000000000000000e+00
1.492407440999999890e+00 2.267349290919999996e-02 0.000000000000000000e+00 0.000000000000000000e+00
1.486218690999999925e+00 2.259883832920000016e-02 0.000000000000000000e+00 0.000000000000000000e+00
1.480029940999999960e+00 2.252427387279999985e-02 0.000000000000000000e+00 0.000000000000000000e+00
1.473841189999999912e+00 2.244977951160000151e-02 0.000000000000000000e+00 0.000000000000000000e+00
1.467652439999999947e+00 2.237528681640000086e-02 0.000000000000000000e+00 0.000000000000000000e+00
1.461463689999999982e+00 2.230075240120000038e-02 0.000000000000000000e+00 0.000000000000000000e+00
1.455274940000000017e+00 2.222372126520000268e-02 0.000000000000000000e+00 0.000000000000000000e+00
1.449086188999999969e+00 2.214797520600000208e-02 0.000000000000000000e+00 0.000000000000000000e+00
1.442897439000000004e+00 2.207279491480000286e-02 0.000000000000000000e+00 0.000000000000000000e+00
1.436708689000000039e+00 2.199761295199999939e-02 0.000000000000000000e+00 0.000000000000000000e+00
1.430519937999999991e+00 2.192254447879999832e-02 0.000000000000000000e+00 0.000000000000000000e+00
1.424331068999999950e+00 2.184405469960000110e-02 0.000000000000000000e+00 0.000000000000000000e+00
1.418142318999999985e+00 2.176309156279999935e-02 0.000000000000000000e+00 0.000000000000000000e+00
1.411953567999999937e+00 2.168210840320000318e-02 0.000000000000000000e+00 0.000000000000000000e+00
1.405764817999999972e+00 2.160116696359999991e-02 0.000000000000000000e+00 0.000000000000000000e+00
1.399576068000000006e+00 2.152025556519999994e-02 0.000000000000000000e+00 0.000000000000000000e+00
1.393387318000000041e+00 2.143890690759999926e-02 0.000000000000000000e+00 0.000000000000000000e+00
1.387198566999999993e+00 2.135640501960000062e-02 0.000000000000000000e+00 0.000000000000000000e+00
1.381009817000000028e+00 2.127380967040000057e-02 0.000000000000000000e+00 0.000000000000000000e+00
1.374821067000000063e+00 2.119118428280000049e-02 0.000000000000000000e+00 0.000000000000000000e+00
1.368632317000000098e+00 2.110855889240000061e-02 0.000000000000000000e+00 0.000000000000000000e+00
1.362443566000000050e+00 2.102594685519999784e-02 0.000000000000000000e+00 0.000000000000000000e+00
1.356254816000000085e+00 2.093715810760000268e-02 0.000000000000000000e+00 0.000000000000000000e+00
1.350066065999999898e+00 2.084722947999999992e-02 0.000000000000000000e+00 0.000000000000000000e+00
1.343877315999999933e+00 2.075729918359999968e-02 0.000000000000000000e+00 0.000000000000000000e+00
1.337688565000000107e+00 2.066736888999999924e-02 0.000000000000000000e+00 0.000000000000000000e+00
1.331499814999999920e+00 2.057725334280000040e-02 0.000000000000000000e+00 0.000000000000000000e+00
1.325311064999999955e+00 2.048760509599999863e-02 0.000000000000000000e+00 0.000000000000000000e+00
1.319122313999999907e+00 2.039820217959999876e-02 0.000000000000000000e+00 0.000000000000000000e+00
1.312933445000000088e+00 2.030881428800000027e-02 0.000000000000000000e+00 0.000000000000000000e+00
1.306744694999999901e+00 2.021925449320000068e-02 0.000000000000000000e+00 0.000000000000000000e+00
1.300555944000000075e+00 2.012968802320000070e-02 0.000000000000000000e+00 0.000000000000000000e+00
1.294367194000000110e+00 2.003790354719999986e-02 0.000000000000000000e+00 0.000000000000000000e+00
1.288178443999999923e+00 1.994228386919999832e-02 0.000000000000000000e+00 0.000000000000000000e+00
1.281989693999999957e+00 1.984624028240000032e-02 0.000000000000000000e+00 0.000000000000000000e+00
1.275800942999999910e+00 1.975019502680000136e-02 0.000000000000000000e+00 0.000000000000000000e+00
1.269612192999999944e+00 1.965414977120000239e-02 0.000000000000000000e+00 0.000000000000000000e+00
1.263423442999999979e+00 1.955886888480000071e-02 0.000000000000000000e+00 0.000000000000000000e+00
1.257234693000000014e+00 1.946774363519999940e-02 0.000000000000000000e+00 0.000000000000000000e+00
1.251045941999999966e+00 1.937663173600000233e-02 0.000000000000000000e+00 0.000000000000000000e+00
1.244857192000000001e+00 1.928551817080000064e-02 0.000000000000000000e+00 0.000000000000000000e+00
1.238668442000000036e+00 1.919431114160000118e-02 0.000000000000000000e+00 0.000000000000000000e+00
1.232479692000000071e+00 1.910276031439999897e-02 0.000000000000000000e+00 0.000000000000000000e+00
1.226290941000000023e+00 1.900658655279999915e-02 0.000000000000000000e+00 0.000000000000000000e+00
1.220102191000000058e+00 1.890914273360000050e-02 0.000000000000000000e+00 0.000000000000000000e+00
1.213913441000000093e+00 1.881157874959999907e-02 0.000000000000000000e+00 0.000000000000000000e+00
1.207724690000000045e+00 1.871389627520000237e-02 0.000000000000000000e+00 0.000000000000000000e+00
1.201535821000000004e+00 1.861624550799999972e-02 0.000000000000000000e+00 0.000000000000000000e+00
1.195347071000000039e+00 1.852020692759999768e-02 0.000000000000000000e+00 0.000000000000000000e+00
1.189158319999999991e+00 1.842576384600000047e-02 0.000000000000000000e+00 0.000000000000000000e+00
1.182969570000000026e+00 1.833129072319999997e-02 0.000000000000000000e+00 0.000000000000000000e+00
1.176780820000000061e+00 1.823681926640000062e-02 0.000000000000000000e+00 0.000000000000000000e+00
1.170592070000000096e+00 1.814211416359999898e-02 0.000000000000000000e+00 0.000000000000000000e+00
1.164403319000000048e+00 1.804495740040000171e-02 0.000000000000000000e+00 0.000000000000000000e+00
1.158214569000000083e+00 1.794312429560000061e-02 0.000000000000000000e+00 0.000000000000000000e+00
1.152025818999999895e+00 1.784133124479999818e-02 0.000000000000000000e+00 0.000000000000000000e+00
1.145837068999999930e+00 1.773953819399999923e-02 0.000000000000000000e+00 0.000000000000000000e+00
1.139648318000000105e+00 1.763758158680000035e-02 0.000000000000000000e+00 0.000000000000000000e+00
1.133459567999999917e+00 1.753548479200000079e-02 0.000000000000000000e+00 0.000000000000000000e+00
1.127270817999999952e+00 1.743326616360000095e-02 0.000000000000000000e+00 0.000000000000000000e+00
1.121082066999999904e+00 1.733104086000000071e-02 0.000000000000000000e+00 0.000000000000000000e+00
1.114893316999999939e+00 1.722870373839999886e-02 0.000000000000000000e+00 0.000000000000000000e+00
1.108704566999999974e+00 1.712636995439999893e-02 0.000000000000000000e+00 0.000000000000000000e+00
1.102515817000000009e+00 1.702406120239999959e-02 0.000000000000000000e+00 0.000000000000000000e+00
1.096327065999999961e+00 1.692392539879999935e-02 0.000000000000000000e+00 0.000000000000000000e+00
1.090138196999999920e+00 1.682434535040000165e-02 0.000000000000000000e+00 0.000000000000000000e+00
1.083949446999999955e+00 1.672503733600000028e-02 0.000000000000000000e+00 0.000000000000000000e+00
1.077760695999999907e+00 1.662675404600000295e-02 0.000000000000000000e+00 0.000000000000000000e+00
1.071571945999999942e+00 1.652846240919999751e-02 0.000000000000000000e+00 0.000000000000000000e+00
1.065383195999999977e+00 1.642435455360000129e-02 0.000000000000000000e+00 0.000000000000000000e+00
1.059194446000000012e+00 1.632034516279999917e-02 0.000000000000000000e+00 0.000000000000000000e+00
1.053005694999999964e+00 1.621630907119999895e-02 0.000000000000000000e+00 0.000000000000000000e+00
1.046816944999999999e+00 1.611195588240000101e-02 0.000000000000000000e+00 0.000000000000000000e+00
1.040628195000000034e+00 1.600984406559999990e-02 0.000000000000000000e+00 0.000000000000000000e+00
1.034439445000000068e+00 1.591252875240000211e-02 0.000000000000000000e+00 0.000000000000000000e+00
1.028250694000000021e+00 1.581489968240000141e-02 0.000000000000000000e+00 0.000000000000000000e+00
1.022061944000000056e+00 1.571723723360000241e-02 0.000000000000000000e+00 0.000000000000000000e+00
1.015873194000000090e+00 1.561959815080000112e-02 0.000000000000000000e+00 0.000000000000000000e+00
1.009684443000000043e+00 1.551970434280000068e-02 0.000000000000000000e+00 0.000000000000000000e+00
1.003495693000000077e+00 1.541836523919999993e-02 0.000000000000000000e+00 0.000000000000000000e+00
9.973068832999999467e-01 1.531702446959999978e-02 0.000000000000000000e+00 0.000000000000000000e+00
9.911181330999999650e-01 1.521544837960000021e-02 0.000000000000000000e+00 0.000000000000000000e+00
9.849293827999999751e-01 1.511579489839999860e-02 0.000000000000000000e+00 0.000000000000000000e+00
9.787406324999999851e-01 1.501912379239999859e-02 0.000000000000000000e+00 0.000000000000000000e+00
9.725518823000000035e-01 1.492236423439999987e-02 0.000000000000000000e+00 0.000000000000000000e+00
9.663631320000000136e-01 1.482539439079999868e-02 0.000000000000000000e+00 0.000000000000000000e+00
9.601743817000000236e-01 1.472835445479999880e-02 0.000000000000000000e+00 0.000000000000000000e+00
9.539855718999999956e-01 1.463091397320000209e-02 0.000000000000000000e+00 0.000000000000000000e+00
9.477968216000000057e-01 1.453303122600000004e-02 0.000000000000000000e+00 0.000000000000000000e+00
9.416080713000000157e-01 1.443514680999999876e-02 0.000000000000000000e+00 0.000000000000000000e+00
9.354193211000000341e-01 1.433780312440000038e-02 0.000000000000000000e+00 0.000000000000000000e+00
9.292305708000000442e-01 1.424259901119999915e-02 0.000000000000000000e+00 0.000000000000000000e+00
9.230418205000000542e-01 1.414740991720000139e-02 0.000000000000000000e+00 0.000000000000000000e+00
9.168530702999999615e-01 1.405208397040000161e-02 0.000000000000000000e+00 0.000000000000000000e+00
9.106643199999999716e-01 1.395611548519999981e-02 0.000000000000000000e+00 0.000000000000000000e+00
9.044755696999999817e-01 1.385896289399999974e-02 0.000000000000000000e+00 0.000000000000000000e+00
8.982867598999999537e-01 1.376159334200000028e-02 0.000000000000000000e+00 0.000000000000000000e+00
8.920980095999999637e-01 1.366410780000000026e-02 0.000000000000000000e+00 0.000000000000000000e+00
8.859092592999999738e-01 1.356731319440000055e-02 0.000000000000000000e+00 0.000000000000000000e+00
8.797205090999999921e-01 1.347117948400000133e-02 0.000000000000000000e+00 0.000000000000000000e+00
8.735317588000000022e-01 1.337461519239999987e-02 0.000000000000000000e+00 0.000000000000000000e+00
8.673430085000000123e-01 1.327805006640000139e-02 0.000000000000000000e+00 0.000000000000000000e+00
8.611542583000000306e-01 1.318071389320000023e-02 0.000000000000000000e+00 0.000000000000000000e+00
8.549655080000000407e-01 1.308336770440000039e-02 0.000000000000000000e+00 0.000000000000000000e+00
8.487767577000000507e-01 1.298599481479999901e-02 0.000000000000000000e+00 0.000000000000000000e+00
8.425879478000000145e-01 1.288794851400000031e-02 0.000000000000000000e+00 0.000000000000000000e+00
8.363991976000000328e-01 1.279109716359999940e-02 0.000000000000000000e+00 0.000000000000000000e+00
8.302104473000000429e-01 1.269420159000000069e-02 0.000000000000000000e+00 0.000000000000000000e+00
8.240216970000000529e-01 1.259711825960000038e-02 0.000000000000000000e+00 0.000000000000000000e+00
8.178329467999999602e-01 1.250079679520000112e-02 0.000000000000000000e+00 0.000000000000000000e+00
8.116441964999999703e-01 1.240448284040000099e-02 0.000000000000000000e+00 0.000000000000000000e+00
8.054554461999999804e-01 1.230806875200000060e-02 0.000000000000000000e+00 0.000000000000000000e+00
7.992666959999999987e-01 1.221278786560000065e-02 0.000000000000000000e+00 0.000000000000000000e+00
7.930779457000000088e-01 1.211915838840000106e-02 0.000000000000000000e+00 0.000000000000000000e+00
7.868891357999999725e-01 1.202572500640000132e-02 0.000000000000000000e+00 0.000000000000000000e+00
7.807003855999999908e-01 1.193221068480000008e-02 0.000000000000000000e+00 0.000000000000000000e+00
7.745116353000000009e-01 1.184055388040000135e-02 0.000000000000000000e+00 0.000000000000000000e+00
7.683228850000000110e-01 1.174900555640000059e-02 0.000000000000000000e+00 0.000000000000000000e+00
7.621341348000000293e-01 1.165705668960000108e-02 0.000000000000000000e+00 0.000000000000000000e+00
7.559453845000000394e-01 1.156659734160000140e-02 0.000000000000000000e+00 0.000000000000000000e+00
7.497566342000000494e-01 1.147578084519999993e-02 0.000000000000000000e+00 0.000000000000000000e+00
7.435678839999999568e-01 1.138519549439999910e-02 0.000000000000000000e+00 0.000000000000000000e+00
7.373790741000000315e-01 1.129512667640000106e-02 0.000000000000000000e+00 0.000000000000000000e+00
7.311903238000000416e-01 1.120494270280000121e-02 0.000000000000000000e+00 0.000000000000000000e+00
7.250015735999999489e-01 1.111449754240000087e-02 0.000000000000000000e+00 0.000000000000000000e+00
7.188128232999999589e-01 1.102376699480000187e-02 0.000000000000000000e+00 0.000000000000000000e+00
7.126240729999999690e-01 1.093303561280000065e-02 0.000000000000000000e+00 0.000000000000000000e+00
7.064353227999999874e-01 1.084244442119999992e-02 0.000000000000000000e+00 0.000000000000000000e+00
7.002465724999999974e-01 1.075225794440000035e-02 0.000000000000000000e+00 0.000000000000000000e+00
6.940578222000000075e-01 1.066199302560000110e-02 0.000000000000000000e+00 0.000000000000000000e+00
6.878690720000000258e-01 1.057213199000000062e-02 0.000000000000000000e+00 0.000000000000000000e+00
6.816802620999999895e-01 1.048224925999999974e-02 0.000000000000000000e+00 0.000000000000000000e+00
6.754915117999999996e-01 1.039260268199999893e-02 0.000000000000000000e+00 0.000000000000000000e+00
6.693027616000000179e-01 1.030408263079999991e-02 0.000000000000000000e+00 0.000000000000000000e+00
6.631140113000000280e-01 1.021537816599999912e-02 0.000000000000000000e+00 0.000000000000000000e+00
6.569252610000000381e-01 1.012705338120000083e-02 0.000000000000000000e+00 0.000000000000000000e+00
6.507365107999999454e-01 1.003897809879999992e-02 0.000000000000000000e+00 0.000000000000000000e+00
6.445477604999999555e-01 9.950939535599999039e-03 0.000000000000000000e+00 0.000000000000000000e+00
6.383590101999999655e-01 9.864617467600001258e-03 0.000000000000000000e+00 0.000000000000000000e+00
6.321702599999999839e-01 9.778143524799999889e-03 0.000000000000000000e+00 0.000000000000000000e+00
6.259814500999999476e-01 9.691904902400001395e-03 0.000000000000000000e+00 0.000000000000000000e+00
6.197926997999999577e-01 9.605610369600000448e-03 0.000000000000000000e+00 0.000000000000000000e+00
6.136039494999999677e-01 9.520992278000000447e-03 0.000000000000000000e+00 0.000000000000000000e+00
6.074151992999999861e-01 9.437514066400001095e-03 0.000000000000000000e+00 0.000000000000000000e+00
6.012264489999999961e-01 9.353897333200000483e-03 0.000000000000000000e+00 0.000000000000000000e+00
5.950376987000000062e-01 9.269502877600000260e-03 0.000000000000000000e+00 0.000000000000000000e+00
5.888489485000000245e-01 9.185776829599999471e-03 0.000000000000000000e+00 0.000000000000000000e+00
5.826601982000000346e-01 9.105598927599999753e-03 0.000000000000000000e+00 0.000000000000000000e+00
5.764714479000000447e-01 9.024675010399999669e-03 0.000000000000000000e+00 0.000000000000000000e+00
5.702826381000000167e-01 8.941455482399999349e-03 0.000000000000000000e+00 0.000000000000000000e+00
5.640938878000000267e-01 8.859786390000000747e-03 0.000000000000000000e+00 0.000000000000000000e+00
5.579051375000000368e-01 8.784172177200001014e-03 0.000000000000000000e+00 0.000000000000000000e+00
5.517163873000000551e-01 8.707141875600000330e-03 0.000000000000000000e+00 0.000000000000000000e+00
5.455276369999999542e-01 8.626885534400000749e-03 0.000000000000000000e+00 0.000000000000000000e+00
5.393388866999999642e-01 8.546882033200000478e-03 0.000000000000000000e+00 0.000000000000000000e+00
5.331501364999999826e-01 8.466214299200001264e-03 0.000000000000000000e+00 0.000000000000000000e+00
5.269613861999999926e-01 8.387288926799999281e-03 0.000000000000000000e+00 0.000000000000000000e+00
5.207726359000000027e-01 8.311451077999999770e-03 0.000000000000000000e+00 0.000000000000000000e+00
5.145838260999999747e-01 8.235233546400001423e-03 0.000000000000000000e+00 0.000000000000000000e+00
5.083950757999999848e-01 8.157663346000000246e-03 0.000000000000000000e+00 0.000000000000000000e+00
5.022063254999999948e-01 8.080165744000000760e-03 0.000000000000000000e+00 0.000000000000000000e+00
4.960175753000000132e-01 8.005754828399999981e-03 0.000000000000000000e+00 0.000000000000000000e+00
4.898288250000000232e-01 7.931295514800000904e-03 0.000000000000000000e+00 0.000000000000000000e+00
4.836400746999999778e-01 7.856347203599999343e-03 0.000000000000000000e+00 0.000000000000000000e+00
4.774513244999999961e-01 7.781407236400000871e-03 0.000000000000000000e+00 0.000000000000000000e+00
4.712625443999999830e-01 7.707787393600000481e-03 0.000000000000000000e+00 0.000000000000000000e+00
4.650737940999999931e-01 7.634958623599999612e-03 0.000000000000000000e+00 0.000000000000000000e+00
4.588850439000000114e-01 7.562265037599999809e-03 0.000000000000000000e+00 0.000000000000000000e+00
4.526962936000000215e-01 7.489722489199999826e-03 0.000000000000000000e+00 0.000000000000000000e+00
4.465075135000000084e-01 7.417566298799999069e-03 0.000000000000000000e+00 0.000000000000000000e+00
4.403187633000000267e-01 7.346558332399999447e-03 0.000000000000000000e+00 0.000000000000000000e+00
4.341300129999999813e-01 7.275527000000000383e-03 0.000000000000000000e+00 0.000000000000000000e+00
4.279412626999999913e-01 7.205079795200000116e-03 0.000000000000000000e+00 0.000000000000000000e+00
4.217525125000000097e-01 7.134584189600000868e-03 0.000000000000000000e+00 0.000000000000000000e+00
4.155637323999999966e-01 7.065104961599999282e-03 0.000000000000000000e+00 0.000000000000000000e+00
4.093749821000000066e-01 6.995833098800000212e-03 0.000000000000000000e+00 0.000000000000000000e+00
4.031862319000000250e-01 6.927343964800000177e-03 0.000000000000000000e+00 0.000000000000000000e+00
3.969974815999999795e-01 6.859754384000000225e-03 0.000000000000000000e+00 0.000000000000000000e+00
3.908087015000000219e-01 6.792688845600000462e-03 0.000000000000000000e+00 0.000000000000000000e+00
3.846199511999999765e-01 6.727094472000000151e-03 0.000000000000000000e+00 0.000000000000000000e+00
3.784312009999999948e-01 6.661649881599999989e-03 0.000000000000000000e+00 0.000000000000000000e+00
3.722424507000000049e-01 6.597395240799999554e-03 0.000000000000000000e+00 0.000000000000000000e+00
3.660537004000000150e-01 6.533269943200000276e-03 0.000000000000000000e+00 0.000000000000000000e+00
3.598649204000000101e-01 6.470352529200000188e-03 0.000000000000000000e+00 0.000000000000000000e+00
3.536761701000000202e-01 6.407521904000000081e-03 0.000000000000000000e+00 0.000000000000000000e+00
3.474874197999999748e-01 6.345990537600000245e-03 0.000000000000000000e+00 0.000000000000000000e+00
3.412986695999999931e-01 6.284502565599999965e-03 0.000000000000000000e+00 0.000000000000000000e+00
3.351098894999999800e-01 6.224247097600000590e-03 0.000000000000000000e+00 0.000000000000000000e+00
3.289211391999999901e-01 6.164064228000000305e-03 0.000000000000000000e+00 0.000000000000000000e+00
3.227323890000000084e-01 6.105014563200000278e-03 0.000000000000000000e+00 0.000000000000000000e+00
3.165436387000000185e-01 6.046104251600000444e-03 0.000000000000000000e+00 0.000000000000000000e+00
3.103548883999999730e-01 5.987783074000000566e-03 0.000000000000000000e+00 0.000000000000000000e+00
3.041661084000000237e-01 5.929810703600000080e-03 0.000000000000000000e+00 0.000000000000000000e+00
2.979773580999999782e-01 5.872175038799999983e-03 0.000000000000000000e+00 0.000000000000000000e+00
2.917886077999999883e-01 5.815088034000000239e-03 0.000000000000000000e+00 0.000000000000000000e+00
2.855998576000000067e-01 5.757904647599999988e-03 0.000000000000000000e+00 0.000000000000000000e+00
2.794110774999999935e-01 5.701185226799999894e-03 0.000000000000000000e+00 0.000000000000000000e+00
2.732223272000000036e-01 5.644465386000000612e-03 0.000000000000000000e+00 0.000000000000000000e+00
2.670335770000000220e-01 5.587424696000000378e-03 0.000000000000000000e+00 0.000000000000000000e+00
2.608448266999999765e-01 5.530368984000000321e-03 0.000000000000000000e+00 0.000000000000000000e+00
2.546560466000000189e-01 5.473271132000000379e-03 0.000000000000000000e+00 0.000000000000000000e+00
2.484673112999999933e-01 5.415519477199999716e-03 0.000000000000000000e+00 0.000000000000000000e+00
2.422785460999999918e-01 5.357218742400000379e-03 0.000000000000000000e+00 0.000000000000000000e+00
2.360897958000000019e-01 5.298367678799999723e-03 0.000000000000000000e+00 0.000000000000000000e+00
2.299010307000000086e-01 5.238707602800000453e-03 0.000000000000000000e+00 0.000000000000000000e+00
2.237122803999999909e-01 5.178489685600000045e-03 0.000000000000000000e+00 0.000000000000000000e+00
2.175235151999999894e-01 5.117602109199999479e-03 0.000000000000000000e+00 0.000000000000000000e+00
2.113347650000000078e-01 5.055761158000000866e-03 0.000000000000000000e+00 0.000000000000000000e+00
2.051459998000000062e-01 4.992739021199999599e-03 0.000000000000000000e+00 0.000000000000000000e+00
1.989572494999999885e-01 4.928597867200000017e-03 0.000000000000000000e+00 0.000000000000000000e+00
1.927684843999999953e-01 4.862925051600000027e-03 0.000000000000000000e+00 0.000000000000000000e+00
1.865797341000000054e-01 4.795589565199999925e-03 0.000000000000000000e+00 0.000000000000000000e+00
1.803909837999999877e-01 4.726631462000000124e-03 0.000000000000000000e+00 0.000000000000000000e+00
1.742022186999999944e-01 4.655810832400000300e-03 0.000000000000000000e+00 0.000000000000000000e+00
1.680134684000000045e-01 4.582828104400000525e-03 0.000000000000000000e+00 0.000000000000000000e+00
1.618247032000000030e-01 4.507400811200000350e-03 0.000000000000000000e+00 0.000000000000000000e+00
1.556359529000000130e-01 4.429243565600000238e-03 0.000000000000000000e+00 0.000000000000000000e+00
1.494471877999999920e-01 4.348080158799999886e-03 0.000000000000000000e+00 0.000000000000000000e+00
1.432584375000000021e-01 4.263607681200000041e-03 0.000000000000000000e+00 0.000000000000000000e+00
1.370696723000000006e-01 4.175571204000000369e-03 0.000000000000000000e+00 0.000000000000000000e+00
1.308809220999999912e-01 4.083469210800000013e-03 0.000000000000000000e+00 0.000000000000000000e+00
1.246921643999999996e-01 3.986513972000000142e-03 0.000000000000000000e+00 0.000000000000000000e+00
1.185034065999999997e-01 3.884539842400000671e-03 0.000000000000000000e+00 0.000000000000000000e+00
1.123146488999999942e-01 3.777497589599999785e-03 0.000000000000000000e+00 0.000000000000000000e+00
1.061258912000000026e-01 3.664589465599999742e-03 0.000000000000000000e+00 0.000000000000000000e+00
9.993714094000000214e-02 3.544788239999999580e-03 0.000000000000000000e+00 0.000000000000000000e+00
9.374838321999999502e-02 3.418529928800000030e-03 0.000000000000000000e+00 0.000000000000000000e+00
8.755962551000000260e-02 3.283316971199999861e-03 0.000000000000000000e+00 0.000000000000000000e+00
8.137086778999999548e-02 3.139712422000000280e-03 0.000000000000000000e+00 0.000000000000000000e+00
7.518211007000000223e-02 2.985326797599999887e-03 0.000000000000000000e+00 0.000000000000000000e+00
6.899335234999999511e-02 2.819151431599999872e-03 0.000000000000000000e+00 0.000000000000000000e+00
6.280459464000000269e-02 2.640019535999999986e-03 0.000000000000000000e+00 0.000000000000000000e+00
5.661583692000000251e-02 2.445747733239999819e-03 0.000000000000000000e+00 0.000000000000000000e+00
5.042708292999999869e-02 2.234377324480000225e-03 0.000000000000000000e+00 0.000000000000000000e+00
4.423832520999999851e-02 2.003736615160000081e-03 0.000000000000000000e+00 0.000000000000000000e+00
3.804956748999999833e-02 1.751855224280000033e-03 0.000000000000000000e+00 0.000000000000000000e+00
3.186080976999999814e-02 1.477253541400000121e-03 0.000000000000000000e+00 0.000000000000000000e+00
2.567205392000000003e-02 1.181162089239999862e-03 0.000000000000000000e+00 0.000000000000000000e+00
1.948329619999999984e-02 8.676113857600000184e-04 0.000000000000000000e+00 0.000000000000000000e+00
1.329454034999999999e-02 5.517151057599999726e-04 0.000000000000000000e+00 0.000000000000000000e+00
7.105783093999999689e-03 2.602510228639999990e-04 0.000000000000000000e+00 0.000000000000000000e+00
9.170261327999999854e-04 2.728929137760000186e-05 0.000000000000000000e+00 0.000000000000000000e+00
