3.033407926999999837e+00 6.044108940800000263e-04 0.000000000000000000e+00 0.000000000000000000e+00
3.027219296000000170e+00 2.887194752399999988e-03 0.000000000000000000e+00 0.000000000000000000e+00
3.021030425999999824e+00 5.069080055200000066e-03 0.000000000000000000e+00 0.000000000000000000e+00
3.014841557000000005e+00 7.117421746399999610e-03 0.000000000000000000e+00 0.000000000000000000e+00
3.008652924999999811e+00 9.006208299199999767e-03 0.000000000000000000e+00 0.000000000000000000e+00
3.002464055999999992e+00 1.071805572600000034e-02 0.000000000000000000e+00 0.000000000000000000e+00
2.996275424999999881e+00 1.222822880720000026e-02 0.000000000000000000e+00 0.000000000000000000e+00
2.990086554999999979e+00 1.357214558000000015e-02 0.000000000000000000e+00 0.000000000000000000e+00
2.983897923999999868e+00 1.474367022520000139e-02 0.000000000000000000e+00 0.000000000000000000e+00
2.977709055000000049e+00 1.578023433559999980e-02 0.000000000000000000e+00 0.000000000000000000e+00
2.971520423999999938e+00 1.668294692119999881e-02 0.000000000000000000e+00 0.000000000000000000e+00
2.965331554000000036e+00 1.748779511360000136e-02 0.000000000000000000e+00 0.000000000000000000e+00
2.959142922999999925e+00 1.820128774520000242e-02 0.000000000000000000e+00 0.000000000000000000e+00
2.952954054000000106e+00 1.883664274239999978e-02 0.000000000000000000e+00 0.000000000000000000e+00
2.946765422999999995e+00 1.941083478879999935e-02 0.000000000000000000e+00 0.000000000000000000e+00
2.940576553000000093e+00 1.993288612279999969e-02 0.000000000000000000e+00 0.000000000000000000e+00
2.934387921999999982e+00 2.040592265040000117e-02 0.000000000000000000e+00 0.000000000000000000e+00
2.928199053000000163e+00 2.083837580720000054e-02 0.000000000000000000e+00 0.000000000000000000e+00
2.922010422000000052e+00 2.123715162239999885e-02 0.000000000000000000e+00 0.000000000000000000e+00
2.915821552000000150e+00 2.160655760760000002e-02 0.000000000000000000e+00 0.000000000000000000e+00
2.909632682999999886e+00 2.194986319679999992e-02 0.000000000000000000e+00 0.000000000000000000e+00
2.903444052000000219e+00 2.227070498520000025e-02 0.000000000000000000e+00 0.000000000000000000e+00
2.897255181999999873e+00 2.257018613919999778e-02 0.000000000000000000e+00 0.000000000000000000e+00
2.891066551000000207e+00 2.285120725719999926e-02 0.000000000000000000e+00 0.000000000000000000e+00
2.884877681999999943e+00 2.311656212879999867e-02 0.000000000000000000e+00 0.000000000000000000e+00
2.878689050999999832e+00 2.336773109440000093e-02 0.000000000000000000e+00 0.000000000000000000e+00
2.872500180999999930e+00 2.360574388479999910e-02 0.000000000000000000e+00 0.000000000000000000e+00
2.866311549999999819e+00 2.383184886040000047e-02 0.000000000000000000e+00 0.000000000000000000e+00
2.860122681000000000e+00 2.404664683399999892e-02 0.000000000000000000e+00 0.000000000000000000e+00
2.853934049999999889e+00 2.425144624839999791e-02 0.000000000000000000e+00 0.000000000000000000e+00
2.847745179999999987e+00 2.444634389960000098e-02 0.000000000000000000e+00 0.000000000000000000e+00
2.841556548999999876e+00 2.463233613959999943e-02 0.000000000000000000e+00 0.000000000000000000e+00
2.835367680000000057e+00 2.481002378400000083e-02 0.000000000000000000e+00 0.000000000000000000e+00
2.829179048999999946e+00 2.497984910120000165e-02 0.000000000000000000e+00 0.000000000000000000e+00
2.822990179000000044e+00 2.514248132760000046e-02 0.000000000000000000e+00 0.000000000000000000e+00
2.816801547999999933e+00 2.529837441320000047e-02 0.000000000000000000e+00 0.000000000000000000e+00
2.810612679000000114e+00 2.544796729159999951e-02 0.000000000000000000e+00 0.000000000000000000e+00
2.804423809000000212e+00 2.559170055400000060e-02 0.000000000000000000e+00 0.000000000000000000e+00
2.798235178000000101e+00 2.572873306360000042e-02 0.000000000000000000e+00 0.000000000000000000e+00
2.792046308999999837e+00 2.586030817160000009e-02 0.000000000000000000e+00 0.000000000000000000e+00
2.785857677000000088e+00 2.598706841360000006e-02 0.000000000000000000e+00 0.000000000000000000e+00
2.779668807999999824e+00 2.610936093360000099e-02 0.000000000000000000e+00 0.000000000000000000e+00
2.773480177000000158e+00 2.622610926600000072e-02 0.000000000000000000e+00 0.000000000000000000e+00
2.767291306999999811e+00 2.633793592360000185e-02 0.000000000000000000e+00 0.000000000000000000e+00
2.761102676000000145e+00 2.644610428879999933e-02 0.000000000000000000e+00 0.000000000000000000e+00
2.754913806999999881e+00 2.654998016440000136e-02 0.000000000000000000e+00 0.000000000000000000e+00
2.748725176000000214e+00 2.664853715999999928e-02 0.000000000000000000e+00 0.000000000000000000e+00
2.742536305999999868e+00 2.674427866880000129e-02 0.000000000000000000e+00 0.000000000000000000e+00
2.736347675000000201e+00 2.683558416280000178e-02 0.000000000000000000e+00 0.000000000000000000e+00
2.730158805999999938e+00 2.692295265240000207e-02 0.000000000000000000e+00 0.000000000000000000e+00
2.723970174999999827e+00 2.700767922440000177e-02 0.000000000000000000e+00 0.000000000000000000e+00
2.717781304999999925e+00 2.708753585719999787e-02 0.000000000000000000e+00 0.000000000000000000e+00
2.711592673999999814e+00 2.716562342760000040e-02 0.000000000000000000e+00 0.000000000000000000e+00
2.705403804999999995e+00 2.723888778800000188e-02 0.000000000000000000e+00 0.000000000000000000e+00
2.699215173999999884e+00 2.731003761359999948e-02 0.000000000000000000e+00 0.000000000000000000e+00
2.693026303999999982e+00 2.737786126040000004e-02 0.000000000000000000e+00 0.000000000000000000e+00
2.686837435000000163e+00 2.744187808039999857e-02 0.000000000000000000e+00 0.000000000000000000e+00
2.680648804000000052e+00 2.750570130280000081e-02 0.000000000000000000e+00 0.000000000000000000e+00
2.674459934000000150e+00 2.756226301079999982e-02 0.000000000000000000e+00 0.000000000000000000e+00
2.668271303000000039e+00 2.761893987719999874e-02 0.000000000000000000e+00 0.000000000000000000e+00
2.662082434000000219e+00 2.767281794480000098e-02 0.000000000000000000e+00 0.000000000000000000e+00
2.655893803000000108e+00 2.772227168200000133e-02 0.000000000000000000e+00 0.000000000000000000e+00
2.649704933000000207e+00 2.777170538800000088e-02 0.000000000000000000e+00 0.000000000000000000e+00
2.643516302000000096e+00 2.781739902479999846e-02 0.000000000000000000e+00 0.000000000000000000e+00
2.637327432999999832e+00 2.785973811040000012e-02 0.000000000000000000e+00 0.000000000000000000e+00
2.631138802000000165e+00 2.790202379159999885e-02 0.000000000000000000e+00 0.000000000000000000e+00
2.624949931999999819e+00 2.794124031160000188e-02 0.000000000000000000e+00 0.000000000000000000e+00
2.618761301000000152e+00 2.797680854920000029e-02 0.000000000000000000e+00 0.000000000000000000e+00
2.612572431999999889e+00 2.801221989999999953e-02 0.000000000000000000e+00 0.000000000000000000e+00
2.606383800999999778e+00 2.804653977999999742e-02 0.000000000000000000e+00 0.000000000000000000e+00
2.600194930999999876e+00 2.807538224400000018e-02 0.000000000000000000e+00 0.000000000000000000e+00
2.594006300000000209e+00 2.810405779999999853e-02 0.000000000000000000e+00 0.000000000000000000e+00
2.587817429999999863e+00 2.813279008399999920e-02 0.000000000000000000e+00 0.000000000000000000e+00
2.581628561000000044e+00 2.815719317599999980e-02 0.000000000000000000e+00 0.000000000000000000e+00
2.575439929999999933e+00 2.817950676800000387e-02 0.000000000000000000e+00 0.000000000000000000e+00
2.569251060000000031e+00 2.820181702799999870e-02 0.000000000000000000e+00 0.000000000000000000e+00
2.563062428999999920e+00 2.822413731200000206e-02 0.000000000000000000e+00 0.000000000000000000e+00
2.556873560000000101e+00 2.824021578000000116e-02 0.000000000000000000e+00 0.000000000000000000e+00
2.550684928999999990e+00 2.825628758399999912e-02 0.000000000000000000e+00 0.000000000000000000e+00
2.544496059000000088e+00 2.827235935999999894e-02 0.000000000000000000e+00 0.000000000000000000e+00
2.538307427999999977e+00 2.828772354799999680e-02 0.000000000000000000e+00 0.000000000000000000e+00
2.532118559000000158e+00 2.829801749600000318e-02 0.000000000000000000e+00 0.000000000000000000e+00
2.525929928000000046e+00 2.830840157599999810e-02 0.000000000000000000e+00 0.000000000000000000e+00
2.519741058000000145e+00 2.831877899200000229e-02 0.000000000000000000e+00 0.000000000000000000e+00
2.513552427000000034e+00 2.832893610400000206e-02 0.000000000000000000e+00 0.000000000000000000e+00
2.507363558000000214e+00 2.833413982000000317e-02 0.000000000000000000e+00 0.000000000000000000e+00
2.501174927000000103e+00 2.833944369200000132e-02 0.000000000000000000e+00 0.000000000000000000e+00
2.494986057000000201e+00 2.834473084799999862e-02 0.000000000000000000e+00 0.000000000000000000e+00
2.488797426000000090e+00 2.834985112399999660e-02 0.000000000000000000e+00 0.000000000000000000e+00
2.482608556999999827e+00 2.835177041199999845e-02 0.000000000000000000e+00 0.000000000000000000e+00
2.476419926000000160e+00 2.835250807199999820e-02 0.000000000000000000e+00 0.000000000000000000e+00
2.470231055999999814e+00 2.835313891199999978e-02 0.000000000000000000e+00 0.000000000000000000e+00
2.464042186999999995e+00 2.835381984400000069e-02 0.000000000000000000e+00 0.000000000000000000e+00
2.457853555999999884e+00 2.835329912800000143e-02 0.000000000000000000e+00 0.000000000000000000e+00
2.451664685999999982e+00 2.835005140799999948e-02 0.000000000000000000e+00 0.000000000000000000e+00
2.445476054999999871e+00 2.834663678000000353e-02 0.000000000000000000e+00 0.000000000000000000e+00
2.439287186000000052e+00 2.834320879600000023e-02 0.000000000000000000e+00 0.000000000000000000e+00
2.433098554999999941e+00 2.833986425200000353e-02 0.000000000000000000e+00 0.000000000000000000e+00
2.426909685000000039e+00 2.833403635999999851e-02 0.000000000000000000e+00 0.000000000000000000e+00
2.420721053999999928e+00 2.832723712000000116e-02 0.000000000000000000e+00 0.000000000000000000e+00
2.414532185000000108e+00 2.832043790799999849e-02 0.000000000000000000e+00 0.000000000000000000e+00
2.408343553999999997e+00 2.831363869600000277e-02 0.000000000000000000e+00 0.000000000000000000e+00
2.402154684000000096e+00 2.830650902800000215e-02 0.000000000000000000e+00 0.000000000000000000e+00
2.395966052999999985e+00 2.829625512000000231e-02 0.000000000000000000e+00 0.000000000000000000e+00
2.389777184000000165e+00 2.828601790000000171e-02 0.000000000000000000e+00 0.000000000000000000e+00
2.383588551999999972e+00 2.827578067999999764e-02 0.000000000000000000e+00 0.000000000000000000e+00
2.377399683000000152e+00 2.826548337200000122e-02 0.000000000000000000e+00 0.000000000000000000e+00
2.371211052000000041e+00 2.825413466400000101e-02 0.000000000000000000e+00 0.000000000000000000e+00
2.365022182000000139e+00 2.824101352800000367e-02 0.000000000000000000e+00 0.000000000000000000e+00
2.358833312999999876e+00 2.822802592399999838e-02 0.000000000000000000e+00 0.000000000000000000e+00
2.352644682000000209e+00 2.821497153999999799e-02 0.000000000000000000e+00 0.000000000000000000e+00
2.346455811999999863e+00 2.820175696800000451e-02 0.000000000000000000e+00 0.000000000000000000e+00
2.340267181000000196e+00 2.818714712799999869e-02 0.000000000000000000e+00 0.000000000000000000e+00
2.334078311999999933e+00 2.817140913999999913e-02 0.000000000000000000e+00 0.000000000000000000e+00
2.327889680999999822e+00 2.815559101600000058e-02 0.000000000000000000e+00 0.000000000000000000e+00
2.321700810999999920e+00 2.813975287199999703e-02 0.000000000000000000e+00 0.000000000000000000e+00
2.315512179999999809e+00 2.812395143600000119e-02 0.000000000000000000e+00 0.000000000000000000e+00
2.309323310999999990e+00 2.810630415599999973e-02 0.000000000000000000e+00 0.000000000000000000e+00
2.303134679999999879e+00 2.808795595200000092e-02 0.000000000000000000e+00 0.000000000000000000e+00
2.296945809999999977e+00 2.806952763999999781e-02 0.000000000000000000e+00 0.000000000000000000e+00
2.290757178999999866e+00 2.805110263199999884e-02 0.000000000000000000e+00 0.000000000000000000e+00
2.284568310000000047e+00 2.803273104800000151e-02 0.000000000000000000e+00 0.000000000000000000e+00
2.278379678999999935e+00 2.801170920800000186e-02 0.000000000000000000e+00 0.000000000000000000e+00
2.272190809000000034e+00 2.799056386840000077e-02 0.000000000000000000e+00 0.000000000000000000e+00
2.266002177999999923e+00 2.796958207959999998e-02 0.000000000000000000e+00 0.000000000000000000e+00
2.259813309000000103e+00 2.794859862199999823e-02 0.000000000000000000e+00 0.000000000000000000e+00
2.253624439000000201e+00 2.792688250519999998e-02 0.000000000000000000e+00 0.000000000000000000e+00
2.247435808000000090e+00 2.790316367160000297e-02 0.000000000000000000e+00 0.000000000000000000e+00
2.241246938999999827e+00 2.787948989840000058e-02 0.000000000000000000e+00 0.000000000000000000e+00
2.235058308000000160e+00 2.785581445640000070e-02 0.000000000000000000e+00 0.000000000000000000e+00
2.228869437999999814e+00 2.783202719639999920e-02 0.000000000000000000e+00 0.000000000000000000e+00
2.222680807000000147e+00 2.780699491639999910e-02 0.000000000000000000e+00 0.000000000000000000e+00
2.216491937999999884e+00 2.778108143720000103e-02 0.000000000000000000e+00 0.000000000000000000e+00
2.210303307000000217e+00 2.775515961680000143e-02 0.000000000000000000e+00 0.000000000000000000e+00
2.204114436999999871e+00 2.772920608640000104e-02 0.000000000000000000e+00 0.000000000000000000e+00
2.197925806000000204e+00 2.770317077639999903e-02 0.000000000000000000e+00 0.000000000000000000e+00
2.191736936999999941e+00 2.767534804439999996e-02 0.000000000000000000e+00 0.000000000000000000e+00
2.185548305999999830e+00 2.764748191800000046e-02 0.000000000000000000e+00 0.000000000000000000e+00
2.179359435999999928e+00 2.761959075960000037e-02 0.000000000000000000e+00 0.000000000000000000e+00
2.173170804999999817e+00 2.759172463320000088e-02 0.000000000000000000e+00 0.000000000000000000e+00
2.166981935999999997e+00 2.756267190040000148e-02 0.000000000000000000e+00 0.000000000000000000e+00
2.160793303999999804e+00 2.753287482399999903e-02 0.000000000000000000e+00 0.000000000000000000e+00
2.154604434999999985e+00 2.750307774480000023e-02 0.000000000000000000e+00 0.000000000000000000e+00
2.148415803999999873e+00 2.747316050640000173e-02 0.000000000000000000e+00 0.000000000000000000e+00
2.142226933999999972e+00 2.744242048240000051e-02 0.000000000000000000e+00 0.000000000000000000e+00
2.136038065000000152e+00 2.741065406800000104e-02 0.000000000000000000e+00 0.000000000000000000e+00
2.129849434000000041e+00 2.737888765359999810e-02 0.000000000000000000e+00 0.000000000000000000e+00
2.123660564000000139e+00 2.734712290799999959e-02 0.000000000000000000e+00 0.000000000000000000e+00
2.117471933000000028e+00 2.731526637000000063e-02 0.000000000000000000e+00 0.000000000000000000e+00
2.111283064000000209e+00 2.728215813679999921e-02 0.000000000000000000e+00 0.000000000000000000e+00
2.105094433000000098e+00 2.724877953559999913e-02 0.000000000000000000e+00 0.000000000000000000e+00
2.098905563000000196e+00 2.721541595360000079e-02 0.000000000000000000e+00 0.000000000000000000e+00
2.092716932000000085e+00 2.718200731400000070e-02 0.000000000000000000e+00 0.000000000000000000e+00
2.086528062999999822e+00 2.714860034040000175e-02 0.000000000000000000e+00 0.000000000000000000e+00
2.080339432000000155e+00 2.711355280759999986e-02 0.000000000000000000e+00 0.000000000000000000e+00
2.074150561999999809e+00 2.707811141000000116e-02 0.000000000000000000e+00 0.000000000000000000e+00
2.067961931000000142e+00 2.704259657960000202e-02 0.000000000000000000e+00 0.000000000000000000e+00
2.061773061999999879e+00 2.700708007760000209e-02 0.000000000000000000e+00 0.000000000000000000e+00
2.055584431000000212e+00 2.697159695720000028e-02 0.000000000000000000e+00 0.000000000000000000e+00
2.049395560999999866e+00 2.693478870320000287e-02 0.000000000000000000e+00 0.000000000000000000e+00
2.043206930000000199e+00 2.689743638120000238e-02 0.000000000000000000e+00 0.000000000000000000e+00
2.037018060999999935e+00 2.686022925319999852e-02 0.000000000000000000e+00 0.000000000000000000e+00
2.030829191000000034e+00 2.682311558639999954e-02 0.000000000000000000e+00 0.000000000000000000e+00
2.024640559999999923e+00 2.678596186559999842e-02 0.000000000000000000e+00 0.000000000000000000e+00
2.018451691000000103e+00 2.674748468279999902e-02 0.000000000000000000e+00 0.000000000000000000e+00
2.012263059999999992e+00 2.670823812439999945e-02 0.000000000000000000e+00 0.000000000000000000e+00
2.006074190000000090e+00 2.666903829519999894e-02 0.000000000000000000e+00 0.000000000000000000e+00
1.999885558999999979e+00 2.662979841199999975e-02 0.000000000000000000e+00 0.000000000000000000e+00
1.993696809000000014e+00 2.659047675200000224e-02 0.000000000000000000e+00 0.000000000000000000e+00
1.987508059000000049e+00 2.655050754440000174e-02 0.000000000000000000e+00 0.000000000000000000e+00
1.981319308000000001e+00 2.650960206999999902e-02 0.000000000000000000e+00 0.000000000000000000e+00
1.975130438999999960e+00 2.646865487000000031e-02 0.000000000000000000e+00 0.000000000000000000e+00
1.968941688999999995e+00 2.642761754919999845e-02 0.000000000000000000e+00 0.000000000000000000e+00
1.962752937999999947e+00 2.638663029800000087e-02 0.000000000000000000e+00 0.000000000000000000e+00
1.956564187999999982e+00 2.634541106120000253e-02 0.000000000000000000e+00 0.000000000000000000e+00
1.950375438000000017e+00 2.630266142000000154e-02 0.000000000000000000e+00 0.000000000000000000e+00
1.944186686999999969e+00 2.625976991679999928e-02 0.000000000000000000e+00 0.000000000000000000e+00
1.937997937000000004e+00 2.621687674480000299e-02 0.000000000000000000e+00 0.000000000000000000e+00
1.931809187000000039e+00 2.617391014000000279e-02 0.000000000000000000e+00 0.000000000000000000e+00
1.925620437000000074e+00 2.613086843360000119e-02 0.000000000000000000e+00 0.000000000000000000e+00
1.919431686000000026e+00 2.608588743320000222e-02 0.000000000000000000e+00 0.000000000000000000e+00
1.913242936000000061e+00 2.604060101440000205e-02 0.000000000000000000e+00 0.000000000000000000e+00
1.907054186000000096e+00 2.599532628000000151e-02 0.000000000000000000e+00 0.000000000000000000e+00
1.900865435999999908e+00 2.595000147880000343e-02 0.000000000000000000e+00 0.000000000000000000e+00
1.894676685000000083e+00 2.590452480280000178e-02 0.000000000000000000e+00 0.000000000000000000e+00
1.888487934999999895e+00 2.585806846560000094e-02 0.000000000000000000e+00 0.000000000000000000e+00
1.882299184999999930e+00 2.581033372959999975e-02 0.000000000000000000e+00 0.000000000000000000e+00
1.876110434999999965e+00 2.576256894959999891e-02 0.000000000000000000e+00 0.000000000000000000e+00
1.869921683999999917e+00 2.571467900399999895e-02 0.000000000000000000e+00 0.000000000000000000e+00
1.863732815000000098e+00 2.566684412879999960e-02 0.000000000000000000e+00 0.000000000000000000e+00
1.857544064999999911e+00 2.561903095359999855e-02 0.000000000000000000e+00 0.000000000000000000e+00
1.851355314000000085e+00 2.556969905000000196e-02 0.000000000000000000e+00 0.000000000000000000e+00
1.845166563999999898e+00 2.552024531280000161e-02 0.000000000000000000e+00 0.000000000000000000e+00
1.838977813999999933e+00 2.547079157840000108e-02 0.000000000000000000e+00 0.000000000000000000e+00
1.832789063000000107e+00 2.542146134360000198e-02 0.000000000000000000e+00 0.000000000000000000e+00
1.826600312999999920e+00 2.537219619759999850e-02 0.000000000000000000e+00 0.000000000000000000e+00
1.820411562999999955e+00 2.532189297680000062e-02 0.000000000000000000e+00 0.000000000000000000e+00
1.814222812999999990e+00 2.527058005360000026e-02 0.000000000000000000e+00 0.000000000000000000e+00
1.808034061999999942e+00 2.521933055039999802e-02 0.000000000000000000e+00 0.000000000000000000e+00
1.801845311999999977e+00 2.516808104439999944e-02 0.000000000000000000e+00 0.000000000000000000e+00
1.795656562000000012e+00 2.511665296559999899e-02 0.000000000000000000e+00 0.000000000000000000e+00
1.789467812000000047e+00 2.506521654000000085e-02 0.000000000000000000e+00 0.000000000000000000e+00
1.783279060999999999e+00 2.501159715600000111e-02 0.000000000000000000e+00 0.000000000000000000e+00
1.777090311000000034e+00 2.495778250560000064e-02 0.000000000000000000e+00 0.000000000000000000e+00
1.770901561000000068e+00 2.490369582120000036e-02 0.000000000000000000e+00 0.000000000000000000e+00
1.764712811000000103e+00 2.484956073880000005e-02 0.000000000000000000e+00 0.000000000000000000e+00
1.758524060000000055e+00 2.479550242399999882e-02 0.000000000000000000e+00 0.000000000000000000e+00
1.752335191000000014e+00 2.474025583400000020e-02 0.000000000000000000e+00 0.000000000000000000e+00
1.746146441000000049e+00 2.468187666000000099e-02 0.000000000000000000e+00 0.000000000000000000e+00
1.739957690000000001e+00 2.462345409440000119e-02 0.000000000000000000e+00 0.000000000000000000e+00
1.733768940000000036e+00 2.456515002199999992e-02 0.000000000000000000e+00 0.000000000000000000e+00
1.727580190000000071e+00 2.450684428080000116e-02 0.000000000000000000e+00 0.000000000000000000e+00
1.721391439000000023e+00 2.444838166119999920e-02 0.000000000000000000e+00 0.000000000000000000e+00
1.715202689000000058e+00 2.438847708640000042e-02 0.000000000000000000e+00 0.000000000000000000e+00
1.709013939000000093e+00 2.432780814240000089e-02 0.000000000000000000e+00 0.000000000000000000e+00
1.702825188999999906e+00 2.426716923680000138e-02 0.000000000000000000e+00 0.000000000000000000e+00
1.696636438000000080e+00 2.420648860840000222e-02 0.000000000000000000e+00 0.000000000000000000e+00
1.690447687999999893e+00 2.414572453440000030e-02 0.000000000000000000e+00 0.000000000000000000e+00
1.684258937999999928e+00 2.408496212919999935e-02 0.000000000000000000e+00 0.000000000000000000e+00
1.678070187999999963e+00 2.402165126759999922e-02 0.000000000000000000e+00 0.000000000000000000e+00
1.671881436999999915e+00 2.395806670320000178e-02 0.000000000000000000e+00 0.000000000000000000e+00
1.665692686999999950e+00 2.389437198680000041e-02 0.000000000000000000e+00 0.000000000000000000e+00
1.659503936999999985e+00 2.383067727040000250e-02 0.000000000000000000e+00 0.000000000000000000e+00
1.653315187000000019e+00 2.376698088520000016e-02 0.000000000000000000e+00 0.000000000000000000e+00
1.647126316999999895e+00 2.370269536880000028e-02 0.000000000000000000e+00 0.000000000000000000e+00
1.640937566999999930e+00 2.363601327079999787e-02 0.000000000000000000e+00 0.000000000000000000e+00
1.634748816000000105e+00 2.356933450760000104e-02 0.000000000000000000e+00 0.000000000000000000e+00
1.628560065999999917e+00 2.350265741319999824e-02 0.000000000000000000e+00 0.000000000000000000e+00
1.622371315999999952e+00 2.343595194919999986e-02 0.000000000000000000e+00 0.000000000000000000e+00
1.616182565999999987e+00 2.336896443279999971e-02 0.000000000000000000e+00 0.000000000000000000e+00
1.609993814999999939e+00 2.330102729920000004e-02 0.000000000000000000e+00 0.000000000000000000e+00
1.603805064999999974e+00 2.323118758240000012e-02 0.000000000000000000e+00 0.000000000000000000e+00
1.597616315000000009e+00 2.316134786560000020e-02 0.000000000000000000e+00 0.000000000000000000e+00
1.591427565000000044e+00 2.309117269479999887e-02 0.000000000000000000e+00 0.000000000000000000e+00
1.585238813999999996e+00 2.302098751120000217e-02 0.000000000000000000e+00 0.000000000000000000e+00
1.579050064000000031e+00 2.295093917760000074e-02 0.000000000000000000e+00 0.000000000000000000e+00
1.572861314000000066e+00 2.288009309880000008e-02 0.000000000000000000e+00 0.000000000000000000e+00
1.566672564000000101e+00 2.280798196880000003e-02 0.000000000000000000e+00 0.000000000000000000e+00
1.560483813000000053e+00 2.273584747280000054e-02 0.000000000000000000e+00 0.000000000000000000e+00
1.554295063000000088e+00 2.266403675200000245e-02 0.000000000000000000e+00 0.000000000000000000e+00
1.548106312999999901e+00 2.259222435960000011e-02 0.000000000000000000e+00 0.000000000000000000e+00
1.541917562000000075e+00 2.252021503479999937e-02 0.000000000000000000e+00 0.000000000000000000e+00
1.535728693000000034e+00 2.244665694319999960e-02 0.000000000000000000e+00 0.000000000000000000e+00
1.529539943000000068e+00 2.237185216000000046e-02 0.000000000000000000e+00 0.000000000000000000e+00
1.523351192000000021e+00 2.229704737680000132e-02 0.000000000000000000e+00 0.000000000000000000e+00
1.517162442000000055e+00 2.222219920200000157e-02 0.000000000000000000e+00 0.000000000000000000e+00
1.510973692000000090e+00 2.214718747079999842e-02 0.000000000000000000e+00 0.000000000000000000e+00
1.504784941999999903e+00 2.207217574240000202e-02 0.000000000000000000e+00 0.000000000000000000e+00
1.498596191000000077e+00 2.199610924840000176e-02 0.000000000000000000e+00 0.000000000000000000e+00
1.492407440999999890e+00 2.191914987640000353e-02 0.000000000000000000e+00 0.000000000000000000e+00
1.486218690999999925e+00 2.184199523800000112e-02 0.000000000000000000e+00 0.000000000000000000e+00
1.480029940999999960e+00 2.176484060240000198e-02 0.000000000000000000e+00 0.000000000000000000e+00
1.473841189999999912e+00 2.168757915520000065e-02 0.000000000000000000e+00 0.000000000000000000e+00
1.467652439999999947e+00 2.161008739399999934e-02 0.000000000000000000e+00 0.000000000000000000e+00
1.461463689999999982e+00 2.153140902639999812e-02 0.000000000000000000e+00 0.000000000000000000e+00
1.455274940000000017e+00 2.145200300320000003e-02 0.000000000000000000e+00 0.000000000000000000e+00
1.449086188999999969e+00 2.137266707520000045e-02 0.000000000000000000e+00 0.000000000000000000e+00
1.442897439000000004e+00 2.129333281599999836e-02 0.000000000000000000e+00 0.000000000000000000e+00
1.436708689000000039e+00 2.121379327760000016e-02 0.000000000000000000e+00 0.000000000000000000e+00
1.430519937999999991e+00 2.113424372639999965e-02 0.000000000000000000e+00 0.000000000000000000e+00
1.424331068999999950e+00 2.105437707799999794e-02 0.000000000000000000e+00 0.000000000000000000e+00
1.418142318999999985e+00 2.097423005159999854e-02 0.000000000000000000e+00 0.000000000000000000e+00
1.411953567999999937e+00 2.089400291439999849e-02 0.000000000000000000e+00 0.000000000000000000e+00
1.405764817999999972e+00 2.081375241399999881e-02 0.000000000000000000e+00 0.000000000000000000e+00
1.399576068000000006e+00 2.073350191079999932e-02 0.000000000000000000e+00 0.000000000000000000e+00
1.393387318000000041e+00 2.065325141039999965e-02 0.000000000000000000e+00 0.000000000000000000e+00
1.387198566999999993e+00 2.057302260439999864e-02 0.000000000000000000e+00 0.000000000000000000e+00
1.381009817000000028e+00 2.049188590120000139e-02 0.000000000000000000e+00 0.000000000000000000e+00
1.374821067000000063e+00 2.041074919800000068e-02 0.000000000000000000e+00 0.000000000000000000e+00
1.368632317000000098e+00 2.032961082319999918e-02 0.000000000000000000e+00 0.000000000000000000e+00
1.362443566000000050e+00 2.024837565520000091e-02 0.000000000000000000e+00 0.000000000000000000e+00
1.356254816000000085e+00 2.016703033519999869e-02 0.000000000000000000e+00 0.000000000000000000e+00
1.350066065999999898e+00 2.008473038600000135e-02 0.000000000000000000e+00 0.000000000000000000e+00
1.343877315999999933e+00 2.000097012480000006e-02 0.000000000000000000e+00 0.000000000000000000e+00
1.337688565000000107e+00 1.991710805840000292e-02 0.000000000000000000e+00 0.000000000000000000e+00
1.331499814999999920e+00 1.983304905960000045e-02 0.000000000000000000e+00 0.000000000000000000e+00
1.325311064999999955e+00 1.974898838920000066e-02 0.000000000000000000e+00 0.000000000000000000e+00
1.319122313999999907e+00 1.966492772160000069e-02 0.000000000000000000e+00 0.000000000000000000e+00
1.312933445000000088e+00 1.958019614320000157e-02 0.000000000000000000e+00 0.000000000000000000e+00
1.306744694999999901e+00 1.949224352879999969e-02 0.000000000000000000e+00 0.000000000000000000e+00
1.300555944000000075e+00 1.940429091439999781e-02 0.000000000000000000e+00 0.000000000000000000e+00
1.294367194000000110e+00 1.931633830000000288e-02 0.000000000000000000e+00 0.000000000000000000e+00
1.288178443999999923e+00 1.922836565999999983e-02 0.000000000000000000e+00 0.000000000000000000e+00
1.281989693999999957e+00 1.914009261079999830e-02 0.000000000000000000e+00 0.000000000000000000e+00
1.275800942999999910e+00 1.905162429800000279e-02 0.000000000000000000e+00 0.000000000000000000e+00
1.269612192999999944e+00 1.896205282159999991e-02 0.000000000000000000e+00 0.000000000000000000e+00
1.263423442999999979e+00 1.887248134520000051e-02 0.000000000000000000e+00 0.000000000000000000e+00
1.257234693000000014e+00 1.878260946239999896e-02 0.000000000000000000e+00 0.000000000000000000e+00
1.251045941999999966e+00 1.869271254480000047e-02 0.000000000000000000e+00 0.000000000000000000e+00
1.244857192000000001e+00 1.860281562720000198e-02 0.000000000000000000e+00 0.000000000000000000e+00
1.238668442000000036e+00 1.851297545440000122e-02 0.000000000000000000e+00 0.000000000000000000e+00
1.232479692000000071e+00 1.842335224239999986e-02 0.000000000000000000e+00 0.000000000000000000e+00
1.226290941000000023e+00 1.833441495759999956e-02 0.000000000000000000e+00 0.000000000000000000e+00
1.220102191000000058e+00 1.824547767559999908e-02 0.000000000000000000e+00 0.000000000000000000e+00
1.213913441000000093e+00 1.815654039360000208e-02 0.000000000000000000e+00 0.000000000000000000e+00
1.207724690000000045e+00 1.806744957080000033e-02 0.000000000000000000e+00 0.000000000000000000e+00
1.201535821000000004e+00 1.797828865000000026e-02 0.000000000000000000e+00 0.000000000000000000e+00
1.195347071000000039e+00 1.788888740520000117e-02 0.000000000000000000e+00 0.000000000000000000e+00
1.189158319999999991e+00 1.779942941560000089e-02 0.000000000000000000e+00 0.000000000000000000e+00
1.182969570000000026e+00 1.770986628599999918e-02 0.000000000000000000e+00 0.000000000000000000e+00
1.176780820000000061e+00 1.762024641159999974e-02 0.000000000000000000e+00 0.000000000000000000e+00
1.170592070000000096e+00 1.753062653440000049e-02 0.000000000000000000e+00 0.000000000000000000e+00
1.164403319000000048e+00 1.744103336359999895e-02 0.000000000000000000e+00 0.000000000000000000e+00
1.158214569000000083e+00 1.735044050320000072e-02 0.000000000000000000e+00 0.000000000000000000e+00
1.152025818999999895e+00 1.725881958080000000e-02 0.000000000000000000e+00 0.000000000000000000e+00
1.145837068999999930e+00 1.716719865839999928e-02 0.000000000000000000e+00 0.000000000000000000e+00
1.139648318000000105e+00 1.707557606720000107e-02 0.000000000000000000e+00 0.000000000000000000e+00
1.133459567999999917e+00 1.698391008439999877e-02 0.000000000000000000e+00 0.000000000000000000e+00
1.127270817999999952e+00 1.689228248680000113e-02 0.000000000000000000e+00 0.000000000000000000e+00
1.121082066999999904e+00 1.680075669159999951e-02 0.000000000000000000e+00 0.000000000000000000e+00
1.114893316999999939e+00 1.670922589280000176e-02 0.000000000000000000e+00 0.000000000000000000e+00
1.108704566999999974e+00 1.661766839039999916e-02 0.000000000000000000e+00 0.000000000000000000e+00
1.102515817000000009e+00 1.652611422560000196e-02 0.000000000000000000e+00 0.000000000000000000e+00
1.096327065999999961e+00 1.643456840479999917e-02 0.000000000000000000e+00 0.000000000000000000e+00
1.090138196999999920e+00 1.634445452640000129e-02 0.000000000000000000e+00 0.000000000000000000e+00
1.083949446999999955e+00 1.625546383720000154e-02 0.000000000000000000e+00 0.000000000000000000e+00
1.077760695999999907e+00 1.616757798319999953e-02 0.000000000000000000e+00 0.000000000000000000e+00
1.071571945999999942e+00 1.607969212640000117e-02 0.000000000000000000e+00 0.000000000000000000e+00
1.065383195999999977e+00 1.599182462640000302e-02 0.000000000000000000e+00 0.000000000000000000e+00
1.059194446000000012e+00 1.590520381800000077e-02 0.000000000000000000e+00 0.000000000000000000e+00
1.053005694999999964e+00 1.581899189920000018e-02 0.000000000000000000e+00 0.000000000000000000e+00
1.046816944999999999e+00 1.573276162079999957e-02 0.000000000000000000e+00 0.000000000000000000e+00
1.040628195000000034e+00 1.564651966079999915e-02 0.000000000000000000e+00 0.000000000000000000e+00
1.034439445000000068e+00 1.556028103839999892e-02 0.000000000000000000e+00 0.000000000000000000e+00
1.028250694000000021e+00 1.547493696280000108e-02 0.000000000000000000e+00 0.000000000000000000e+00
1.022061944000000056e+00 1.538978815079999896e-02 0.000000000000000000e+00 0.000000000000000000e+00
1.015873194000000090e+00 1.530434727639999951e-02 0.000000000000000000e+00 0.000000000000000000e+00
1.009684443000000043e+00 1.521647811039999847e-02 0.000000000000000000e+00 0.000000000000000000e+00
1.003495693000000077e+00 1.512851047400000197e-02 0.000000000000000000e+00 0.000000000000000000e+00
9.973068832999999467e-01 1.504098677760000100e-02 0.000000000000000000e+00 0.000000000000000000e+00
9.911181330999999650e-01 1.495353484240000141e-02 0.000000000000000000e+00 0.000000000000000000e+00
9.849293827999999751e-01 1.486608457599999933e-02 0.000000000000000000e+00 0.000000000000000000e+00
9.787406324999999851e-01 1.477848911280000080e-02 0.000000000000000000e+00 0.000000000000000000e+00
9.725518823000000035e-01 1.469107890039999913e-02 0.000000000000000000e+00 0.000000000000000000e+00
9.663631320000000136e-01 1.460426449720000214e-02 0.000000000000000000e+00 0.000000000000000000e+00
9.601743817000000236e-01 1.451741504640000069e-02 0.000000000000000000e+00 0.000000000000000000e+00
9.539855718999999956e-01 1.443056392680000001e-02 0.000000000000000000e+00 0.000000000000000000e+00
9.477968216000000057e-01 1.434387302319999925e-02 0.000000000000000000e+00 0.000000000000000000e+00
9.416080713000000157e-01 1.425969719999999920e-02 0.000000000000000000e+00 0.000000000000000000e+00
9.354193211000000341e-01 1.417590522879999884e-02 0.000000000000000000e+00 0.000000000000000000e+00
9.292305708000000442e-01 1.409211492640000118e-02 0.000000000000000000e+00 0.000000000000000000e+00
9.230418205000000542e-01 1.400829458280000023e-02 0.000000000000000000e+00 0.000000000000000000e+00
9.168530702999999615e-01 1.392506003280000008e-02 0.000000000000000000e+00 0.000000000000000000e+00
9.106643199999999716e-01 1.384268498480000116e-02 0.000000000000000000e+00 0.000000000000000000e+00
9.044755696999999817e-01 1.376030743079999924e-02 0.000000000000000000e+00 0.000000000000000000e+00
8.982867598999999537e-01 1.367792820799999982e-02 0.000000000000000000e+00 0.000000000000000000e+00
8.920980095999999637e-01 1.359567665960000060e-02 0.000000000000000000e+00 0.000000000000000000e+00
8.859092592999999738e-01 1.351378142799999904e-02 0.000000000000000000e+00 0.000000000000000000e+00
8.797205090999999921e-01 1.343229508320000105e-02 0.000000000000000000e+00 0.000000000000000000e+00
8.735317588000000022e-01 1.335114920160000024e-02 0.000000000000000000e+00 0.000000000000000000e+00
8.673430085000000123e-01 1.327007007480000139e-02 0.000000000000000000e+00 0.000000000000000000e+00
8.611542583000000306e-01 1.318928050999999997e-02 0.000000000000000000e+00 0.000000000000000000e+00
8.549655080000000407e-01 1.310843086279999889e-02 0.000000000000000000e+00 0.000000000000000000e+00
8.487767577000000507e-01 1.302775561920000054e-02 0.000000000000000000e+00 0.000000000000000000e+00
8.425879478000000145e-01 1.294706785680000034e-02 0.000000000000000000e+00 0.000000000000000000e+00
8.363991976000000328e-01 1.286648189960000119e-02 0.000000000000000000e+00 0.000000000000000000e+00
8.302104473000000429e-01 1.278607118040000004e-02 0.000000000000000000e+00 0.000000000000000000e+00
8.240216970000000529e-01 1.270566129560000111e-02 0.000000000000000000e+00 0.000000000000000000e+00
8.178329467999999602e-01 1.262468564560000062e-02 0.000000000000000000e+00 0.000000000000000000e+00
8.116441964999999703e-01 1.254297733360000035e-02 0.000000000000000000e+00 0.000000000000000000e+00
8.054554461999999804e-01 1.246128904719999951e-02 0.000000000000000000e+00 0.000000000000000000e+00
7.992666959999999987e-01 1.237984526239999973e-02 0.000000000000000000e+00 0.000000000000000000e+00
7.930779457000000088e-01 1.229869437159999968e-02 0.000000000000000000e+00 0.000000000000000000e+00
7.868891357999999725e-01 1.221752595839999990e-02 0.000000000000000000e+00 0.000000000000000000e+00
7.807003855999999908e-01 1.213634836680000002e-02 0.000000000000000000e+00 0.000000000000000000e+00
7.745116353000000009e-01 1.205608534760000024e-02 0.000000000000000000e+00 0.000000000000000000e+00
7.683228850000000110e-01 1.197583985359999999e-02 0.000000000000000000e+00 0.000000000000000000e+00
7.621341348000000293e-01 1.189559435960000147e-02 0.000000000000000000e+00 0.000000000000000000e+00
7.559453845000000394e-01 1.181691849240000015e-02 0.000000000000000000e+00 0.000000000000000000e+00
7.497566342000000494e-01 1.173883760000000130e-02 0.000000000000000000e+00 0.000000000000000000e+00
7.435678839999999568e-01 1.166071498479999934e-02 0.000000000000000000e+00 0.000000000000000000e+00
7.373790741000000315e-01 1.158261573280000047e-02 0.000000000000000000e+00 0.000000000000000000e+00
7.311903238000000416e-01 1.150476682319999909e-02 0.000000000000000000e+00 0.000000000000000000e+00
7.250015735999999489e-01 1.142685532520000026e-02 0.000000000000000000e+00 0.000000000000000000e+00
7.188128232999999589e-01 1.134904563520000055e-02 0.000000000000000000e+00 0.000000000000000000e+00
7.126240729999999690e-01 1.127146041280000129e-02 0.000000000000000000e+00 0.000000000000000000e+00
7.064353227999999874e-01 1.119388186840000049e-02 0.000000000000000000e+00 0.000000000000000000e+00
7.002465724999999974e-01 1.111560738119999996e-02 0.000000000000000000e+00 0.000000000000000000e+00
6.940578222000000075e-01 1.103730619039999979e-02 0.000000000000000000e+00 0.000000000000000000e+00
6.878690720000000258e-01 1.095901167480000001e-02 0.000000000000000000e+00 0.000000000000000000e+00
6.816802620999999895e-01 1.088120865720000087e-02 0.000000000000000000e+00 0.000000000000000000e+00
6.754915117999999996e-01 1.080384790799999994e-02 0.000000000000000000e+00 0.000000000000000000e+00
6.693027616000000179e-01 1.072648799319999950e-02 0.000000000000000000e+00 0.000000000000000000e+00
6.631140113000000280e-01 1.065028298039999953e-02 0.000000000000000000e+00 0.000000000000000000e+00
6.569252610000000381e-01 1.057441842520000057e-02 0.000000000000000000e+00 0.000000000000000000e+00
6.507365107999999454e-01 1.049874579880000040e-02 0.000000000000000000e+00 0.000000000000000000e+00
6.445477604999999555e-01 1.042639684800000105e-02 0.000000000000000000e+00 0.000000000000000000e+00
6.383590101999999655e-01 1.035414302439999906e-02 0.000000000000000000e+00 0.000000000000000000e+00
6.321702599999999839e-01 1.028266107960000043e-02 0.000000000000000000e+00 0.000000000000000000e+00
6.259814500999999476e-01 1.021155881760000064e-02 0.000000000000000000e+00 0.000000000000000000e+00
6.197926997999999577e-01 1.014062011200000078e-02 0.000000000000000000e+00 0.000000000000000000e+00
6.136039494999999677e-01 1.007017958240000004e-02 0.000000000000000000e+00 0.000000000000000000e+00
6.074151992999999861e-01 9.999796629199999426e-03 0.000000000000000000e+00 0.000000000000000000e+00
6.012264489999999961e-01 9.929992794400000974e-03 0.000000000000000000e+00 0.000000000000000000e+00
5.950376987000000062e-01 9.858053564799998739e-03 0.000000000000000000e+00 0.000000000000000000e+00
5.888489485000000245e-01 9.785642028400000011e-03 0.000000000000000000e+00 0.000000000000000000e+00
5.826601982000000346e-01 9.713287234000000936e-03 0.000000000000000000e+00 0.000000000000000000e+00
5.764714479000000447e-01 9.641612528800001108e-03 0.000000000000000000e+00 0.000000000000000000e+00
5.702826381000000167e-01 9.570419311599999423e-03 0.000000000000000000e+00 0.000000000000000000e+00
5.640938878000000267e-01 9.499259473200001233e-03 0.000000000000000000e+00 0.000000000000000000e+00
5.579051375000000368e-01 9.428346634000000712e-03 0.000000000000000000e+00 0.000000000000000000e+00
5.517163873000000551e-01 9.357730031999999740e-03 0.000000000000000000e+00 0.000000000000000000e+00
5.455276369999999542e-01 9.289903044800000911e-03 0.000000000000000000e+00 0.000000000000000000e+00
5.393388866999999642e-01 9.222419858400001183e-03 0.000000000000000000e+00 0.000000000000000000e+00
5.331501364999999826e-01 9.155129432400000919e-03 0.000000000000000000e+00 0.000000000000000000e+00
5.269613861999999926e-01 9.087967515199999596e-03 0.000000000000000000e+00 0.000000000000000000e+00
5.207726359000000027e-01 9.021072625600000394e-03 0.000000000000000000e+00 0.000000000000000000e+00
5.145838260999999747e-01 8.954230308799999982e-03 0.000000000000000000e+00 0.000000000000000000e+00
5.083950757999999848e-01 8.887891174400001579e-03 0.000000000000000000e+00 0.000000000000000000e+00
5.022063254999999948e-01 8.820013286000001271e-03 0.000000000000000000e+00 0.000000000000000000e+00
4.960175753000000132e-01 8.751832485200001024e-03 0.000000000000000000e+00 0.000000000000000000e+00
4.898288250000000232e-01 8.683700919600001109e-03 0.000000000000000000e+00 0.000000000000000000e+00
4.836400746999999778e-01 8.615683675199999059e-03 0.000000000000000000e+00 0.000000000000000000e+00
4.774513244999999961e-01 8.547795771200000087e-03 0.000000000000000000e+00 0.000000000000000000e+00
4.712625443999999830e-01 8.479709268799999825e-03 0.000000000000000000e+00 0.000000000000000000e+00
4.650737940999999931e-01 8.411766291600000431e-03 0.000000000000000000e+00 0.000000000000000000e+00
4.588850439000000114e-01 8.345177649199999811e-03 0.000000000000000000e+00 0.000000000000000000e+00
4.526962936000000215e-01 8.278385402000000212e-03 0.000000000000000000e+00 0.000000000000000000e+00
4.465075135000000084e-01 8.211789250000000456e-03 0.000000000000000000e+00 0.000000000000000000e+00
4.403187633000000267e-01 8.144548059200000523e-03 0.000000000000000000e+00 0.000000000000000000e+00
4.341300129999999813e-01 8.077565551999999621e-03 0.000000000000000000e+00 0.000000000000000000e+00
4.279412626999999913e-01 8.010101556800000577e-03 0.000000000000000000e+00 0.000000000000000000e+00
4.217525125000000097e-01 7.942279576000001173e-03 0.000000000000000000e+00 0.000000000000000000e+00
4.155637323999999966e-01 7.874071239999998889e-03 0.000000000000000000e+00 0.000000000000000000e+00
4.093749821000000066e-01 7.805658459199999247e-03 0.000000000000000000e+00 0.000000000000000000e+00
4.031862319000000250e-01 7.737698794000000616e-03 0.000000000000000000e+00 0.000000000000000000e+00
3.969974815999999795e-01 7.670058726400000478e-03 0.000000000000000000e+00 0.000000000000000000e+00
3.908087015000000219e-01 7.602455378000000374e-03 0.000000000000000000e+00 0.000000000000000000e+00
3.846199511999999765e-01 7.535160780000001168e-03 0.000000000000000000e+00 0.000000000000000000e+00
3.784312009999999948e-01 7.467713475600001177e-03 0.000000000000000000e+00 0.000000000000000000e+00
3.722424507000000049e-01 7.399940730000000369e-03 0.000000000000000000e+00 0.000000000000000000e+00
3.660537004000000150e-01 7.332403302000000019e-03 0.000000000000000000e+00 0.000000000000000000e+00
3.598649204000000101e-01 7.264504550800000848e-03 0.000000000000000000e+00 0.000000000000000000e+00
3.536761701000000202e-01 7.196747661600000345e-03 0.000000000000000000e+00 0.000000000000000000e+00
3.474874197999999748e-01 7.128103732399999372e-03 0.000000000000000000e+00 0.000000000000000000e+00
3.412986695999999931e-01 7.059675932400000589e-03 0.000000000000000000e+00 0.000000000000000000e+00
3.351098894999999800e-01 6.990336060399999878e-03 0.000000000000000000e+00 0.000000000000000000e+00
3.289211391999999901e-01 6.921203553599999947e-03 0.000000000000000000e+00 0.000000000000000000e+00
3.227323890000000084e-01 6.851333795600000193e-03 0.000000000000000000e+00 0.000000000000000000e+00
3.165436387000000185e-01 6.781273783200000502e-03 0.000000000000000000e+00 0.000000000000000000e+00
3.103548883999999730e-01 6.709865271199999710e-03 0.000000000000000000e+00 0.000000000000000000e+00
3.041661084000000237e-01 6.638430058399999965e-03 0.000000000000000000e+00 0.000000000000000000e+00
2.979773580999999782e-01 6.566470383199999976e-03 0.000000000000000000e+00 0.000000000000000000e+00
2.917886077999999883e-01 6.493934929999999571e-03 0.000000000000000000e+00 0.000000000000000000e+00
2.855998576000000067e-01 6.421226739200000186e-03 0.000000000000000000e+00 0.000000000000000000e+00
2.794110774999999935e-01 6.348382115599999695e-03 0.000000000000000000e+00 0.000000000000000000e+00
2.732223272000000036e-01 6.275604663999999680e-03 0.000000000000000000e+00 0.000000000000000000e+00
2.670335770000000220e-01 6.201830863200000384e-03 0.000000000000000000e+00 0.000000000000000000e+00
2.608448266999999765e-01 6.127768337599999622e-03 0.000000000000000000e+00 0.000000000000000000e+00
2.546560466000000189e-01 6.053764222800000344e-03 0.000000000000000000e+00 0.000000000000000000e+00
2.484673112999999933e-01 5.977116107199999945e-03 0.000000000000000000e+00 0.000000000000000000e+00
2.422785460999999918e-01 5.898748158800000592e-03 0.000000000000000000e+00 0.000000000000000000e+00
2.360897958000000019e-01 5.819402635199999799e-03 0.000000000000000000e+00 0.000000000000000000e+00
2.299010307000000086e-01 5.738867582000000203e-03 0.000000000000000000e+00 0.000000000000000000e+00
2.237122803999999909e-01 5.656999468400000439e-03 0.000000000000000000e+00 0.000000000000000000e+00
2.175235151999999894e-01 5.573931812400000421e-03 0.000000000000000000e+00 0.000000000000000000e+00
2.113347650000000078e-01 5.489658773199999377e-03 0.000000000000000000e+00 0.000000000000000000e+00
2.051459998000000062e-01 5.403209865200000149e-03 0.000000000000000000e+00 0.000000000000000000e+00
1.989572494999999885e-01 5.314946414400000506e-03 0.000000000000000000e+00 0.000000000000000000e+00
1.927684843999999953e-01 5.224375665599999448e-03 0.000000000000000000e+00 0.000000000000000000e+00
1.865797341000000054e-01 5.131262718400000228e-03 0.000000000000000000e+00 0.000000000000000000e+00
1.803909837999999877e-01 5.035166978800000026e-03 0.000000000000000000e+00 0.000000000000000000e+00
1.742022186999999944e-01 4.935992479599999629e-03 0.000000000000000000e+00 0.000000000000000000e+00
1.680134684000000045e-01 4.833443820799999784e-03 0.000000000000000000e+00 0.000000000000000000e+00
1.618247032000000030e-01 4.727259815600000012e-03 0.000000000000000000e+00 0.000000000000000000e+00
1.556359529000000130e-01 4.617023230399999907e-03 0.000000000000000000e+00 0.000000000000000000e+00
1.494471877999999920e-01 4.501759410400000584e-03 0.000000000000000000e+00 0.000000000000000000e+00
1.432584375000000021e-01 4.381851793200000449e-03 0.000000000000000000e+00 0.000000000000000000e+00
1.370696723000000006e-01 4.257029593600000598e-03 0.000000000000000000e+00 0.000000000000000000e+00
1.308809220999999912e-01 4.126753329999999914e-03 0.000000000000000000e+00 0.000000000000000000e+00
1.246921643999999996e-01 3.990020812400000075e-03 0.000000000000000000e+00 0.000000000000000000e+00
1.185034065999999997e-01 3.846890031599999905e-03 0.000000000000000000e+00 0.000000000000000000e+00
1.123146488999999942e-01 3.697349725999999649e-03 0.000000000000000000e+00 0.000000000000000000e+00
1.061258912000000026e-01 3.540279626799999833e-03 0.000000000000000000e+00 0.000000000000000000e+00
9.993714094000000214e-02 3.375061183199999822e-03 0.000000000000000000e+00 0.000000000000000000e+00
9.374838321999999502e-02 3.202084303599999748e-03 0.000000000000000000e+00 0.000000000000000000e+00
8.755962551000000260e-02 3.019241542800000025e-03 0.000000000000000000e+00 0.000000000000000000e+00
8.137086778999999548e-02 2.827337116799999873e-03 0.000000000000000000e+00 0.000000000000000000e+00
7.518211007000000223e-02 2.624934703160000053e-03 0.000000000000000000e+00 0.000000000000000000e+00
6.899335234999999511e-02 2.411324590360000315e-03 0.000000000000000000e+00 0.000000000000000000e+00
6.280459464000000269e-02 2.186204910399999930e-03 0.000000000000000000e+00 0.000000000000000000e+00
5.661583692000000251e-02 1.949189513880000228e-03 0.000000000000000000e+00 0.000000000000000000e+00
5.042708292999999869e-02 1.699931263800000085e-03 0.000000000000000000e+00 0.000000000000000000e+00
4.423832520999999851e-02 1.439263373519999957e-03 0.000000000000000000e+00 0.000000000000000000e+00
3.804956748999999833e-02 1.169537469800000125e-03 0.000000000000000000e+00 0.000000000000000000e+00
3.186080976999999814e-02 8.955161571999999343e-04 0.000000000000000000e+00 0.000000000000000000e+00
2.567205392000000003e-02 6.261094361200000499e-04 0.000000000000000000e+00 0.000000000000000000e+00
1.948329619999999984e-02 3.773212506000000219e-04 0.000000000000000000e+00 0.000000000000000000e+00
1.329454034999999999e-02 1.698064226600000100e-04 0.000000000000000000e+00 0.000000000000000000e+00
7.105783093999999689e-03 3.385207848400000014e-05 0.000000000000000000e+00 0.000000000000000000e+00
9.170261327999999854e-04 -4.365546978800000505e-06 0.000000000000000000e+00 0.000000000000000000e+00
