3.033407926999999837e+00 7.998884992000000315e-04 0.000000000000000000e+00 0.000000000000000000e+00
3.027219296000000170e+00 3.775280415200000031e-03 0.000000000000000000e+00 0.000000000000000000e+00
3.021030425999999824e+00 6.548291148000000630e-03 0.000000000000000000e+00 0.000000000000000000e+00
3.014841557000000005e+00 9.071818946400000624e-03 0.000000000000000000e+00 0.000000000000000000e+00
3.008652924999999811e+00 1.132443559239999960e-02 0.000000000000000000e+00 0.000000000000000000e+00
3.002464055999999992e+00 1.330022597399999930e-02 0.000000000000000000e+00 0.000000000000000000e+00
2.996275424999999881e+00 1.500283336720000145e-02 0.000000000000000000e+00 0.000000000000000000e+00
2.990086554999999979e+00 1.645724749480000082e-02 0.000000000000000000e+00 0.000000000000000000e+00
2.983897923999999868e+00 1.768599390880000108e-02 0.000000000000000000e+00 0.000000000000000000e+00
2.977709055000000049e+00 1.873216772000000155e-02 0.000000000000000000e+00 0.000000000000000000e+00
2.971520423999999938e+00 1.963023233360000272e-02 0.000000000000000000e+00 0.000000000000000000e+00
2.965331554000000036e+00 2.039705061800000177e-02 0.000000000000000000e+00 0.000000000000000000e+00
2.959142922999999925e+00 2.106148838920000183e-02 0.000000000000000000e+00 0.000000000000000000e+00
2.952954054000000106e+00 2.164153170480000166e-02 0.000000000000000000e+00 0.000000000000000000e+00
2.946765422999999995e+00 2.215164184519999996e-02 0.000000000000000000e+00 0.000000000000000000e+00
2.940576553000000093e+00 2.260410714240000327e-02 0.000000000000000000e+00 0.000000000000000000e+00
2.934387921999999982e+00 2.301090884120000207e-02 0.000000000000000000e+00 0.000000000000000000e+00
2.928199053000000163e+00 2.337536477919999883e-02 0.000000000000000000e+00 0.000000000000000000e+00
2.922010422000000052e+00 2.370987009999999881e-02 0.000000000000000000e+00 0.000000000000000000e+00
2.915821552000000150e+00 2.401235532639999989e-02 0.000000000000000000e+00 0.000000000000000000e+00
2.909632682999999886e+00 2.429286241479999831e-02 0.000000000000000000e+00 0.000000000000000000e+00
2.903444052000000219e+00 2.455267810800000269e-02 0.000000000000000000e+00 0.000000000000000000e+00
2.897255181999999873e+00 2.479257178439999917e-02 0.000000000000000000e+00 0.000000000000000000e+00
2.891066551000000207e+00 2.501731657880000223e-02 0.000000000000000000e+00 0.000000000000000000e+00
2.884877681999999943e+00 2.522840952800000161e-02 0.000000000000000000e+00 0.000000000000000000e+00
2.878689050999999832e+00 2.542704057600000261e-02 0.000000000000000000e+00 0.000000000000000000e+00
2.872500180999999930e+00 2.561469340360000152e-02 0.000000000000000000e+00 0.000000000000000000e+00
2.866311549999999819e+00 2.579223251359999761e-02 0.000000000000000000e+00 0.000000000000000000e+00
2.860122681000000000e+00 2.596088624080000046e-02 0.000000000000000000e+00 0.000000000000000000e+00
2.853934049999999889e+00 2.612114691760000079e-02 0.000000000000000000e+00 0.000000000000000000e+00
2.847745179999999987e+00 2.627385902400000001e-02 0.000000000000000000e+00 0.000000000000000000e+00
2.841556548999999876e+00 2.641980028239999945e-02 0.000000000000000000e+00 0.000000000000000000e+00
2.835367680000000057e+00 2.655944633440000119e-02 0.000000000000000000e+00 0.000000000000000000e+00
2.829179048999999946e+00 2.669331455280000293e-02 0.000000000000000000e+00 0.000000000000000000e+00
2.822990179000000044e+00 2.682187056640000095e-02 0.000000000000000000e+00 0.000000000000000000e+00
2.816801547999999933e+00 2.694552326200000056e-02 0.000000000000000000e+00 0.000000000000000000e+00
2.810612679000000114e+00 2.706470990160000228e-02 0.000000000000000000e+00 0.000000000000000000e+00
2.804423809000000212e+00 2.717846250559999982e-02 0.000000000000000000e+00 0.000000000000000000e+00
2.798235178000000101e+00 2.728802943160000063e-02 0.000000000000000000e+00 0.000000000000000000e+00
2.792046308999999837e+00 2.739387965159999910e-02 0.000000000000000000e+00 0.000000000000000000e+00
2.785857677000000088e+00 2.749655556760000064e-02 0.000000000000000000e+00 0.000000000000000000e+00
2.779668807999999824e+00 2.759427642719999851e-02 0.000000000000000000e+00 0.000000000000000000e+00
2.773480177000000158e+00 2.768855762400000003e-02 0.000000000000000000e+00 0.000000000000000000e+00
2.767291306999999811e+00 2.778076934919999907e-02 0.000000000000000000e+00 0.000000000000000000e+00
2.761102676000000145e+00 2.786776566560000140e-02 0.000000000000000000e+00 0.000000000000000000e+00
2.754913806999999881e+00 2.795295453160000221e-02 0.000000000000000000e+00 0.000000000000000000e+00
2.748725176000000214e+00 2.803463028800000020e-02 0.000000000000000000e+00 0.000000000000000000e+00
2.742536305999999868e+00 2.811350393599999775e-02 0.000000000000000000e+00 0.000000000000000000e+00
2.736347675000000201e+00 2.818961381599999899e-02 0.000000000000000000e+00 0.000000000000000000e+00
2.730158805999999938e+00 2.826270960800000148e-02 0.000000000000000000e+00 0.000000000000000000e+00
2.723970174999999827e+00 2.833321856400000324e-02 0.000000000000000000e+00 0.000000000000000000e+00
2.717781304999999925e+00 2.840120410400000239e-02 0.000000000000000000e+00 0.000000000000000000e+00
2.711592673999999814e+00 2.846600531600000303e-02 0.000000000000000000e+00 0.000000000000000000e+00
2.705403804999999995e+00 2.852956819999999741e-02 0.000000000000000000e+00 0.000000000000000000e+00
2.699215173999999884e+00 2.858857489600000190e-02 0.000000000000000000e+00 0.000000000000000000e+00
2.693026303999999982e+00 2.864758156399999783e-02 0.000000000000000000e+00 0.000000000000000000e+00
2.686837435000000163e+00 2.870170164400000223e-02 0.000000000000000000e+00 0.000000000000000000e+00
2.680648804000000052e+00 2.875465345200000494e-02 0.000000000000000000e+00 0.000000000000000000e+00
2.674459934000000150e+00 2.880593634800000108e-02 0.000000000000000000e+00 0.000000000000000000e+00
2.668271303000000039e+00 2.885348748800000210e-02 0.000000000000000000e+00 0.000000000000000000e+00
2.662082434000000219e+00 2.890104198800000010e-02 0.000000000000000000e+00 0.000000000000000000e+00
2.655893803000000108e+00 2.894477462800000220e-02 0.000000000000000000e+00 0.000000000000000000e+00
2.649704933000000207e+00 2.898638106000000006e-02 0.000000000000000000e+00 0.000000000000000000e+00
2.643516302000000096e+00 2.902839136400000436e-02 0.000000000000000000e+00 0.000000000000000000e+00
2.637327432999999832e+00 2.906519462000000179e-02 0.000000000000000000e+00 0.000000000000000000e+00
2.631138802000000165e+00 2.910137034000000178e-02 0.000000000000000000e+00 0.000000000000000000e+00
2.624949931999999819e+00 2.913753270399999790e-02 0.000000000000000000e+00 0.000000000000000000e+00
2.618761301000000152e+00 2.916848468799999872e-02 0.000000000000000000e+00 0.000000000000000000e+00
2.612572431999999889e+00 2.919912623599999965e-02 0.000000000000000000e+00 0.000000000000000000e+00
2.606383800999999778e+00 2.922978450000000145e-02 0.000000000000000000e+00 0.000000000000000000e+00
2.600194930999999876e+00 2.925541592400000140e-02 0.000000000000000000e+00 0.000000000000000000e+00
2.594006300000000209e+00 2.928085042400000240e-02 0.000000000000000000e+00 0.000000000000000000e+00
2.587817429999999863e+00 2.930631160799999912e-02 0.000000000000000000e+00 0.000000000000000000e+00
2.581628561000000044e+00 2.932754039599999932e-02 0.000000000000000000e+00 0.000000000000000000e+00
2.575439929999999933e+00 2.934814834000000136e-02 0.000000000000000000e+00 0.000000000000000000e+00
2.569251060000000031e+00 2.936861275599999752e-02 0.000000000000000000e+00 0.000000000000000000e+00
2.563062428999999920e+00 2.938606644399999884e-02 0.000000000000000000e+00 0.000000000000000000e+00
2.556873560000000101e+00 2.940215826799999835e-02 0.000000000000000000e+00 0.000000000000000000e+00
2.550684928999999990e+00 2.941825009200000132e-02 0.000000000000000000e+00 0.000000000000000000e+00
2.544496059000000088e+00 2.943271970799999845e-02 0.000000000000000000e+00 0.000000000000000000e+00
2.538307427999999977e+00 2.944474601600000074e-02 0.000000000000000000e+00 0.000000000000000000e+00
2.532118559000000158e+00 2.945683574400000462e-02 0.000000000000000000e+00 0.000000000000000000e+00
2.525929928000000046e+00 2.946861506399999983e-02 0.000000000000000000e+00 0.000000000000000000e+00
2.519741058000000145e+00 2.947674273599999728e-02 0.000000000000000000e+00 0.000000000000000000e+00
2.513552427000000034e+00 2.948494052000000254e-02 0.000000000000000000e+00 0.000000000000000000e+00
2.507363558000000214e+00 2.949291133599999878e-02 0.000000000000000000e+00 0.000000000000000000e+00
2.501174927000000103e+00 2.949893284800000209e-02 0.000000000000000000e+00 0.000000000000000000e+00
2.494986057000000201e+00 2.950276137199999912e-02 0.000000000000000000e+00 0.000000000000000000e+00
2.488797426000000090e+00 2.950692368399999987e-02 0.000000000000000000e+00 0.000000000000000000e+00
2.482608556999999827e+00 2.951051854799999902e-02 0.000000000000000000e+00 0.000000000000000000e+00
2.476419926000000160e+00 2.951116943600000028e-02 0.000000000000000000e+00 0.000000000000000000e+00
2.470231055999999814e+00 2.951143647200000011e-02 0.000000000000000000e+00 0.000000000000000000e+00
2.464042186999999995e+00 2.951154326400000014e-02 0.000000000000000000e+00 0.000000000000000000e+00
2.457853555999999884e+00 2.951067210000000302e-02 0.000000000000000000e+00 0.000000000000000000e+00
2.451664685999999982e+00 2.950728415599999932e-02 0.000000000000000000e+00 0.000000000000000000e+00
2.445476054999999871e+00 2.950375604400000060e-02 0.000000000000000000e+00 0.000000000000000000e+00
2.439287186000000052e+00 2.950027799600000306e-02 0.000000000000000000e+00 0.000000000000000000e+00
2.433098554999999941e+00 2.949488068800000182e-02 0.000000000000000000e+00 0.000000000000000000e+00
2.426909685000000039e+00 2.948830841599999961e-02 0.000000000000000000e+00 0.000000000000000000e+00
2.420721053999999928e+00 2.948145580800000040e-02 0.000000000000000000e+00 0.000000000000000000e+00
2.414532185000000108e+00 2.947483350000000210e-02 0.000000000000000000e+00 0.000000000000000000e+00
2.408343553999999997e+00 2.946544742400000402e-02 0.000000000000000000e+00 0.000000000000000000e+00
2.402154684000000096e+00 2.945554732399999903e-02 0.000000000000000000e+00 0.000000000000000000e+00
2.395966052999999985e+00 2.944577742400000114e-02 0.000000000000000000e+00 0.000000000000000000e+00
2.389777184000000165e+00 2.943525314799999917e-02 0.000000000000000000e+00 0.000000000000000000e+00
2.383588551999999972e+00 2.942301320000000400e-02 0.000000000000000000e+00 0.000000000000000000e+00
2.377399683000000152e+00 2.941061639600000069e-02 0.000000000000000000e+00 0.000000000000000000e+00
2.371211052000000041e+00 2.939836312000000326e-02 0.000000000000000000e+00 0.000000000000000000e+00
2.365022182000000139e+00 2.938431739600000023e-02 0.000000000000000000e+00 0.000000000000000000e+00
2.358833312999999876e+00 2.936964083200000256e-02 0.000000000000000000e+00 0.000000000000000000e+00
2.352644682000000209e+00 2.935496426799999795e-02 0.000000000000000000e+00 0.000000000000000000e+00
2.346455811999999863e+00 2.933986045200000226e-02 0.000000000000000000e+00 0.000000000000000000e+00
2.340267181000000196e+00 2.932319451600000002e-02 0.000000000000000000e+00 0.000000000000000000e+00
2.334078311999999933e+00 2.930653191199999660e-02 0.000000000000000000e+00 0.000000000000000000e+00
2.327889680999999822e+00 2.928986930800000360e-02 0.000000000000000000e+00 0.000000000000000000e+00
2.321700810999999920e+00 2.927174138000000064e-02 0.000000000000000000e+00 0.000000000000000000e+00
2.315512179999999809e+00 2.925316953999999858e-02 0.000000000000000000e+00 0.000000000000000000e+00
2.309323310999999990e+00 2.923460103200000229e-02 0.000000000000000000e+00 0.000000000000000000e+00
2.303134679999999879e+00 2.921575879599999995e-02 0.000000000000000000e+00 0.000000000000000000e+00
2.296945809999999977e+00 2.919458676400000369e-02 0.000000000000000000e+00 0.000000000000000000e+00
2.290757178999999866e+00 2.917368507199999753e-02 0.000000000000000000e+00 0.000000000000000000e+00
2.284568310000000047e+00 2.915266656400000364e-02 0.000000000000000000e+00 0.000000000000000000e+00
2.278379678999999935e+00 2.913082695600000341e-02 0.000000000000000000e+00 0.000000000000000000e+00
2.272190809000000034e+00 2.910801936000000437e-02 0.000000000000000000e+00 0.000000000000000000e+00
2.266002177999999923e+00 2.908557556800000013e-02 0.000000000000000000e+00 0.000000000000000000e+00
2.259813309000000103e+00 2.906266118000000107e-02 0.000000000000000000e+00 0.000000000000000000e+00
2.253624439000000201e+00 2.903877211200000391e-02 0.000000000000000000e+00 0.000000000000000000e+00
2.247435808000000090e+00 2.901418875600000197e-02 0.000000000000000000e+00 0.000000000000000000e+00
2.241246938999999827e+00 2.898966551600000094e-02 0.000000000000000000e+00 0.000000000000000000e+00
2.235058308000000160e+00 2.896497870000000127e-02 0.000000000000000000e+00 0.000000000000000000e+00
2.228869437999999814e+00 2.893926380800000350e-02 0.000000000000000000e+00 0.000000000000000000e+00
2.222680807000000147e+00 2.891320516000000021e-02 0.000000000000000000e+00 0.000000000000000000e+00
2.216491937999999884e+00 2.888694620000000282e-02 0.000000000000000000e+00 0.000000000000000000e+00
2.210303307000000217e+00 2.886086750399999984e-02 0.000000000000000000e+00 0.000000000000000000e+00
2.204114436999999871e+00 2.883304309200000054e-02 0.000000000000000000e+00 0.000000000000000000e+00
2.197925806000000204e+00 2.880482816400000215e-02 0.000000000000000000e+00 0.000000000000000000e+00
2.191736936999999941e+00 2.877656317200000258e-02 0.000000000000000000e+00 0.000000000000000000e+00
2.185548305999999830e+00 2.874840164000000073e-02 0.000000000000000000e+00 0.000000000000000000e+00
2.179359435999999928e+00 2.871880482799999898e-02 0.000000000000000000e+00 0.000000000000000000e+00
2.173170804999999817e+00 2.868889760799999897e-02 0.000000000000000000e+00 0.000000000000000000e+00
2.166981935999999997e+00 2.865899038799999896e-02 0.000000000000000000e+00 0.000000000000000000e+00
2.160793303999999804e+00 2.862898301199999843e-02 0.000000000000000000e+00 0.000000000000000000e+00
2.154604434999999985e+00 2.859764051200000198e-02 0.000000000000000000e+00 0.000000000000000000e+00
2.148415803999999873e+00 2.856626463600000013e-02 0.000000000000000000e+00 0.000000000000000000e+00
2.142226933999999972e+00 2.853491877600000323e-02 0.000000000000000000e+00 0.000000000000000000e+00
2.136038065000000152e+00 2.850302218400000212e-02 0.000000000000000000e+00 0.000000000000000000e+00
2.129849434000000041e+00 2.847046470799999979e-02 0.000000000000000000e+00 0.000000000000000000e+00
2.123660564000000139e+00 2.843791056399999975e-02 0.000000000000000000e+00 0.000000000000000000e+00
2.117471933000000028e+00 2.840532970800000237e-02 0.000000000000000000e+00 0.000000000000000000e+00
2.111283064000000209e+00 2.837149047600000251e-02 0.000000000000000000e+00 0.000000000000000000e+00
2.105094433000000098e+00 2.833659981599999725e-02 0.000000000000000000e+00 0.000000000000000000e+00
2.098905563000000196e+00 2.830196286399999997e-02 0.000000000000000000e+00 0.000000000000000000e+00
2.092716932000000085e+00 2.826695538800000004e-02 0.000000000000000000e+00 0.000000000000000000e+00
2.086528062999999822e+00 2.823085974799999925e-02 0.000000000000000000e+00 0.000000000000000000e+00
2.080339432000000155e+00 2.819342232000000142e-02 0.000000000000000000e+00 0.000000000000000000e+00
2.074150561999999809e+00 2.815623521199999910e-02 0.000000000000000000e+00 0.000000000000000000e+00
2.067961931000000142e+00 2.811864756399999957e-02 0.000000000000000000e+00 0.000000000000000000e+00
2.061773061999999879e+00 2.808046914400000316e-02 0.000000000000000000e+00 0.000000000000000000e+00
2.055584431000000212e+00 2.804106902799999995e-02 0.000000000000000000e+00 0.000000000000000000e+00
2.049395560999999866e+00 2.800137185999999889e-02 0.000000000000000000e+00 0.000000000000000000e+00
2.043206930000000199e+00 2.796178483840000215e-02 0.000000000000000000e+00 0.000000000000000000e+00
2.037018060999999935e+00 2.792203259440000085e-02 0.000000000000000000e+00 0.000000000000000000e+00
2.030829191000000034e+00 2.788158273599999903e-02 0.000000000000000000e+00 0.000000000000000000e+00
2.024640559999999923e+00 2.784068226799999921e-02 0.000000000000000000e+00 0.000000000000000000e+00
2.018451691000000103e+00 2.779978179999999938e-02 0.000000000000000000e+00 0.000000000000000000e+00
2.012263059999999992e+00 2.775907492679999949e-02 0.000000000000000000e+00 0.000000000000000000e+00
2.006074190000000090e+00 2.771694946159999895e-02 0.000000000000000000e+00 0.000000000000000000e+00
1.999885558999999979e+00 2.767460703840000230e-02 0.000000000000000000e+00 0.000000000000000000e+00
1.993696809000000014e+00 2.763226294640000122e-02 0.000000000000000000e+00 0.000000000000000000e+00
1.987508059000000049e+00 2.758992052040000129e-02 0.000000000000000000e+00 0.000000000000000000e+00
1.981319308000000001e+00 2.754681539400000156e-02 0.000000000000000000e+00 0.000000000000000000e+00
1.975130438999999960e+00 2.750361013399999985e-02 0.000000000000000000e+00 0.000000000000000000e+00
1.968941688999999995e+00 2.746040487400000160e-02 0.000000000000000000e+00 0.000000000000000000e+00
1.962752937999999947e+00 2.741704773920000324e-02 0.000000000000000000e+00 0.000000000000000000e+00
1.956564187999999982e+00 2.737228035920000191e-02 0.000000000000000000e+00 0.000000000000000000e+00
1.950375438000000017e+00 2.732726764600000233e-02 0.000000000000000000e+00 0.000000000000000000e+00
1.944186686999999969e+00 2.728238177280000246e-02 0.000000000000000000e+00 0.000000000000000000e+00
1.937997937000000004e+00 2.723705864039999841e-02 0.000000000000000000e+00 0.000000000000000000e+00
1.931809187000000039e+00 2.719118976560000109e-02 0.000000000000000000e+00 0.000000000000000000e+00
1.925620437000000074e+00 2.714470839640000313e-02 0.000000000000000000e+00 0.000000000000000000e+00
1.919431686000000026e+00 2.709837889640000219e-02 0.000000000000000000e+00 0.000000000000000000e+00
1.913242936000000061e+00 2.705164050959999941e-02 0.000000000000000000e+00 0.000000000000000000e+00
1.907054186000000096e+00 2.700484371200000122e-02 0.000000000000000000e+00 0.000000000000000000e+00
1.900865435999999908e+00 2.695544671960000208e-02 0.000000000000000000e+00 0.000000000000000000e+00
1.894676685000000083e+00 2.690572929519999962e-02 0.000000000000000000e+00 0.000000000000000000e+00
1.888487934999999895e+00 2.685555958680000202e-02 0.000000000000000000e+00 0.000000000000000000e+00
1.882299184999999930e+00 2.680586719440000015e-02 0.000000000000000000e+00 0.000000000000000000e+00
1.876110434999999965e+00 2.675609970040000035e-02 0.000000000000000000e+00 0.000000000000000000e+00
1.869921683999999917e+00 2.670572304679999856e-02 0.000000000000000000e+00 0.000000000000000000e+00
1.863732815000000098e+00 2.665515446719999779e-02 0.000000000000000000e+00 0.000000000000000000e+00
1.857544064999999911e+00 2.660458588480000067e-02 0.000000000000000000e+00 0.000000000000000000e+00
1.851355314000000085e+00 2.655376195919999932e-02 0.000000000000000000e+00 0.000000000000000000e+00
1.845166563999999898e+00 2.650055146200000142e-02 0.000000000000000000e+00 0.000000000000000000e+00
1.838977813999999933e+00 2.644730424840000330e-02 0.000000000000000000e+00 0.000000000000000000e+00
1.832789063000000107e+00 2.639405870359999920e-02 0.000000000000000000e+00 0.000000000000000000e+00
1.826600312999999920e+00 2.634063625200000133e-02 0.000000000000000000e+00 0.000000000000000000e+00
1.820411562999999955e+00 2.628782463160000277e-02 0.000000000000000000e+00 0.000000000000000000e+00
1.814222812999999990e+00 2.623580741879999803e-02 0.000000000000000000e+00 0.000000000000000000e+00
1.808034061999999942e+00 2.618400216040000020e-02 0.000000000000000000e+00 0.000000000000000000e+00
1.801845311999999977e+00 2.613178801520000052e-02 0.000000000000000000e+00 0.000000000000000000e+00
1.795656562000000012e+00 2.607917499599999786e-02 0.000000000000000000e+00 0.000000000000000000e+00
1.789467812000000047e+00 2.602344274600000215e-02 0.000000000000000000e+00 0.000000000000000000e+00
1.783279060999999999e+00 2.596770882720000201e-02 0.000000000000000000e+00 0.000000000000000000e+00
1.777090311000000034e+00 2.591155266839999943e-02 0.000000000000000000e+00 0.000000000000000000e+00
1.770901561000000068e+00 2.585551333400000137e-02 0.000000000000000000e+00 0.000000000000000000e+00
1.764712811000000103e+00 2.579999637600000062e-02 0.000000000000000000e+00 0.000000000000000000e+00
1.758524060000000055e+00 2.574527883479999987e-02 0.000000000000000000e+00 0.000000000000000000e+00
1.752335191000000014e+00 2.568966174040000078e-02 0.000000000000000000e+00 0.000000000000000000e+00
1.746146441000000049e+00 2.563404297720000072e-02 0.000000000000000000e+00 0.000000000000000000e+00
1.739957690000000001e+00 2.557860613000000061e-02 0.000000000000000000e+00 0.000000000000000000e+00
1.733768940000000036e+00 2.552023863760000122e-02 0.000000000000000000e+00 0.000000000000000000e+00
1.727580190000000071e+00 2.545949626080000125e-02 0.000000000000000000e+00 0.000000000000000000e+00
1.721391439000000023e+00 2.539873552440000126e-02 0.000000000000000000e+00 0.000000000000000000e+00
1.715202689000000058e+00 2.533796310360000165e-02 0.000000000000000000e+00 0.000000000000000000e+00
1.709013939000000093e+00 2.527679848679999924e-02 0.000000000000000000e+00 0.000000000000000000e+00
1.702825188999999906e+00 2.521599936519999807e-02 0.000000000000000000e+00 0.000000000000000000e+00
1.696636438000000080e+00 2.515586113880000085e-02 0.000000000000000000e+00 0.000000000000000000e+00
1.690447687999999893e+00 2.509581136719999869e-02 0.000000000000000000e+00 0.000000000000000000e+00
1.684258937999999928e+00 2.503517579920000111e-02 0.000000000000000000e+00 0.000000000000000000e+00
1.678070187999999963e+00 2.497411298759999801e-02 0.000000000000000000e+00 0.000000000000000000e+00
1.671881436999999915e+00 2.490787649280000113e-02 0.000000000000000000e+00 0.000000000000000000e+00
1.665692686999999950e+00 2.484147310120000257e-02 0.000000000000000000e+00 0.000000000000000000e+00
1.659503936999999985e+00 2.477443385200000028e-02 0.000000000000000000e+00 0.000000000000000000e+00
1.653315187000000019e+00 2.470760488560000065e-02 0.000000000000000000e+00 0.000000000000000000e+00
1.647126316999999895e+00 2.464077591920000102e-02 0.000000000000000000e+00 0.000000000000000000e+00
1.640937566999999930e+00 2.457391858039999905e-02 0.000000000000000000e+00 0.000000000000000000e+00
1.634748816000000105e+00 2.450619840760000223e-02 0.000000000000000000e+00 0.000000000000000000e+00
1.628560065999999917e+00 2.443839979279999880e-02 0.000000000000000000e+00 0.000000000000000000e+00
1.622371315999999952e+00 2.437060117800000231e-02 0.000000000000000000e+00 0.000000000000000000e+00
1.616182565999999987e+00 2.430309295679999870e-02 0.000000000000000000e+00 0.000000000000000000e+00
1.609993814999999939e+00 2.423672962200000211e-02 0.000000000000000000e+00 0.000000000000000000e+00
1.603805064999999974e+00 2.417036461840000108e-02 0.000000000000000000e+00 0.000000000000000000e+00
1.597616315000000009e+00 2.410389947839999825e-02 0.000000000000000000e+00 0.000000000000000000e+00
1.591427565000000044e+00 2.403668165079999794e-02 0.000000000000000000e+00 0.000000000000000000e+00
1.585238813999999996e+00 2.396617603240000158e-02 0.000000000000000000e+00 0.000000000000000000e+00
1.579050064000000031e+00 2.389527487760000068e-02 0.000000000000000000e+00 0.000000000000000000e+00
1.572861314000000066e+00 2.382378959520000186e-02 0.000000000000000000e+00 0.000000000000000000e+00
1.566672564000000101e+00 2.375247621600000067e-02 0.000000000000000000e+00 0.000000000000000000e+00
1.560483813000000053e+00 2.368242955120000021e-02 0.000000000000000000e+00 0.000000000000000000e+00
1.554295063000000088e+00 2.361286687759999933e-02 0.000000000000000000e+00 0.000000000000000000e+00
1.548106312999999901e+00 2.354300713519999824e-02 0.000000000000000000e+00 0.000000000000000000e+00
1.541917562000000075e+00 2.347320580359999950e-02 0.000000000000000000e+00 0.000000000000000000e+00
1.535728693000000034e+00 2.340250825920000069e-02 0.000000000000000000e+00 0.000000000000000000e+00
1.529539943000000068e+00 2.332948422560000151e-02 0.000000000000000000e+00 0.000000000000000000e+00
1.523351192000000021e+00 2.325665879319999824e-02 0.000000000000000000e+00 0.000000000000000000e+00
1.517162442000000055e+00 2.318349790680000050e-02 0.000000000000000000e+00 0.000000000000000000e+00
1.510973692000000090e+00 2.310969281320000152e-02 0.000000000000000000e+00 0.000000000000000000e+00
1.504784941999999903e+00 2.303691077239999885e-02 0.000000000000000000e+00 0.000000000000000000e+00
1.498596191000000077e+00 2.296405362999999825e-02 0.000000000000000000e+00 0.000000000000000000e+00
1.492407440999999890e+00 2.289048385679999867e-02 0.000000000000000000e+00 0.000000000000000000e+00
1.486218690999999925e+00 2.281732130159999997e-02 0.000000000000000000e+00 0.000000000000000000e+00
1.480029940999999960e+00 2.274353790239999965e-02 0.000000000000000000e+00 0.000000000000000000e+00
1.473841189999999912e+00 2.266864299840000083e-02 0.000000000000000000e+00 0.000000000000000000e+00
1.467652439999999947e+00 2.259365296439999962e-02 0.000000000000000000e+00 0.000000000000000000e+00
1.461463689999999982e+00 2.251842761000000248e-02 0.000000000000000000e+00 0.000000000000000000e+00
1.455274940000000017e+00 2.244255638239999948e-02 0.000000000000000000e+00 0.000000000000000000e+00
1.449086188999999969e+00 2.236711573600000044e-02 0.000000000000000000e+00 0.000000000000000000e+00
1.442897439000000004e+00 2.229190874119999985e-02 0.000000000000000000e+00 0.000000000000000000e+00
1.436708689000000039e+00 2.221586895080000096e-02 0.000000000000000000e+00 0.000000000000000000e+00
1.430519937999999991e+00 2.213946199360000006e-02 0.000000000000000000e+00 0.000000000000000000e+00
1.424331068999999950e+00 2.206253433160000263e-02 0.000000000000000000e+00 0.000000000000000000e+00
1.418142318999999985e+00 2.198492073960000084e-02 0.000000000000000000e+00 0.000000000000000000e+00
1.411953567999999937e+00 2.190722370199999977e-02 0.000000000000000000e+00 0.000000000000000000e+00
1.405764817999999972e+00 2.182995223919999978e-02 0.000000000000000000e+00 0.000000000000000000e+00
1.399576068000000006e+00 2.175231027479999912e-02 0.000000000000000000e+00 0.000000000000000000e+00
1.393387318000000041e+00 2.167451476960000067e-02 0.000000000000000000e+00 0.000000000000000000e+00
1.387198566999999993e+00 2.159679269719999919e-02 0.000000000000000000e+00 0.000000000000000000e+00
1.381009817000000028e+00 2.151817941560000072e-02 0.000000000000000000e+00 0.000000000000000000e+00
1.374821067000000063e+00 2.143884181880000017e-02 0.000000000000000000e+00 0.000000000000000000e+00
1.368632317000000098e+00 2.136000823880000038e-02 0.000000000000000000e+00 0.000000000000000000e+00
1.362443566000000050e+00 2.128031515960000092e-02 0.000000000000000000e+00 0.000000000000000000e+00
1.356254816000000085e+00 2.120033168680000163e-02 0.000000000000000000e+00 0.000000000000000000e+00
1.350066065999999898e+00 2.112015295040000143e-02 0.000000000000000000e+00 0.000000000000000000e+00
1.343877315999999933e+00 2.103902792880000053e-02 0.000000000000000000e+00 0.000000000000000000e+00
1.337688565000000107e+00 2.095780944879999802e-02 0.000000000000000000e+00 0.000000000000000000e+00
1.331499814999999920e+00 2.087694144200000212e-02 0.000000000000000000e+00 0.000000000000000000e+00
1.325311064999999955e+00 2.079488015080000265e-02 0.000000000000000000e+00 0.000000000000000000e+00
1.319122313999999907e+00 2.071274876720000102e-02 0.000000000000000000e+00 0.000000000000000000e+00
1.312933445000000088e+00 2.063060903680000169e-02 0.000000000000000000e+00 0.000000000000000000e+00
1.306744694999999901e+00 2.054744958840000121e-02 0.000000000000000000e+00 0.000000000000000000e+00
1.300555944000000075e+00 2.046442031759999891e-02 0.000000000000000000e+00 0.000000000000000000e+00
1.294367194000000110e+00 2.038146448240000033e-02 0.000000000000000000e+00 0.000000000000000000e+00
1.288178443999999923e+00 2.029772090919999827e-02 0.000000000000000000e+00 0.000000000000000000e+00
1.281989693999999957e+00 2.021391391880000138e-02 0.000000000000000000e+00 0.000000000000000000e+00
1.275800942999999910e+00 2.012973141760000112e-02 0.000000000000000000e+00 0.000000000000000000e+00
1.269612192999999944e+00 2.004498815480000237e-02 0.000000000000000000e+00 0.000000000000000000e+00
1.263423442999999979e+00 1.996072387680000032e-02 0.000000000000000000e+00 0.000000000000000000e+00
1.257234693000000014e+00 1.987619089960000057e-02 0.000000000000000000e+00 0.000000000000000000e+00
1.251045941999999966e+00 1.979138088200000159e-02 0.000000000000000000e+00 0.000000000000000000e+00
1.244857192000000001e+00 1.970679783800000084e-02 0.000000000000000000e+00 0.000000000000000000e+00
1.238668442000000036e+00 1.962209630080000156e-02 0.000000000000000000e+00 0.000000000000000000e+00
1.232479692000000071e+00 1.953793382519999899e-02 0.000000000000000000e+00 0.000000000000000000e+00
1.226290941000000023e+00 1.945371461040000180e-02 0.000000000000000000e+00 0.000000000000000000e+00
1.220102191000000058e+00 1.936907148400000139e-02 0.000000000000000000e+00 0.000000000000000000e+00
1.213913441000000093e+00 1.928440833199999982e-02 0.000000000000000000e+00 0.000000000000000000e+00
1.207724690000000045e+00 1.919931626199999908e-02 0.000000000000000000e+00 0.000000000000000000e+00
1.201535821000000004e+00 1.911425089839999952e-02 0.000000000000000000e+00 0.000000000000000000e+00
1.195347071000000039e+00 1.902934074439999873e-02 0.000000000000000000e+00 0.000000000000000000e+00
1.189158319999999991e+00 1.894355773800000114e-02 0.000000000000000000e+00 0.000000000000000000e+00
1.182969570000000026e+00 1.885770297040000043e-02 0.000000000000000000e+00 0.000000000000000000e+00
1.176780820000000061e+00 1.877151107720000101e-02 0.000000000000000000e+00 0.000000000000000000e+00
1.170592070000000096e+00 1.868466162639999956e-02 0.000000000000000000e+00 0.000000000000000000e+00
1.164403319000000048e+00 1.859781217560000158e-02 0.000000000000000000e+00 0.000000000000000000e+00
1.158214569000000083e+00 1.851010155679999949e-02 0.000000000000000000e+00 0.000000000000000000e+00
1.152025818999999895e+00 1.842193698800000112e-02 0.000000000000000000e+00 0.000000000000000000e+00
1.145837068999999930e+00 1.833378410360000238e-02 0.000000000000000000e+00 0.000000000000000000e+00
1.139648318000000105e+00 1.824517393160000195e-02 0.000000000000000000e+00 0.000000000000000000e+00
1.133459567999999917e+00 1.815573597040000264e-02 0.000000000000000000e+00 0.000000000000000000e+00
1.127270817999999952e+00 1.806526827839999988e-02 0.000000000000000000e+00 0.000000000000000000e+00
1.121082066999999904e+00 1.797504925720000077e-02 0.000000000000000000e+00 0.000000000000000000e+00
1.114893316999999939e+00 1.788465833560000037e-02 0.000000000000000000e+00 0.000000000000000000e+00
1.108704566999999974e+00 1.779410719799999832e-02 0.000000000000000000e+00 0.000000000000000000e+00
1.102515817000000009e+00 1.770367622240000272e-02 0.000000000000000000e+00 0.000000000000000000e+00
1.096327065999999961e+00 1.761234235880000318e-02 0.000000000000000000e+00 0.000000000000000000e+00
1.090138196999999920e+00 1.752113532960000025e-02 0.000000000000000000e+00 0.000000000000000000e+00
1.083949446999999955e+00 1.742960953719999845e-02 0.000000000000000000e+00 0.000000000000000000e+00
1.077760695999999907e+00 1.733915352960000225e-02 0.000000000000000000e+00 0.000000000000000000e+00
1.071571945999999942e+00 1.724849057120000223e-02 0.000000000000000000e+00 0.000000000000000000e+00
1.065383195999999977e+00 1.715728855120000201e-02 0.000000000000000000e+00 0.000000000000000000e+00
1.059194446000000012e+00 1.706493663839999883e-02 0.000000000000000000e+00 0.000000000000000000e+00
1.053005694999999964e+00 1.697245121039999902e-02 0.000000000000000000e+00 0.000000000000000000e+00
1.046816944999999999e+00 1.688105225520000058e-02 0.000000000000000000e+00 0.000000000000000000e+00
1.040628195000000034e+00 1.679046440119999831e-02 0.000000000000000000e+00 0.000000000000000000e+00
1.034439445000000068e+00 1.669983816200000179e-02 0.000000000000000000e+00 0.000000000000000000e+00
1.028250694000000021e+00 1.660718584000000012e-02 0.000000000000000000e+00 0.000000000000000000e+00
1.022061944000000056e+00 1.651442504040000203e-02 0.000000000000000000e+00 0.000000000000000000e+00
1.015873194000000090e+00 1.642287755080000175e-02 0.000000000000000000e+00 0.000000000000000000e+00
1.009684443000000043e+00 1.633210110559999914e-02 0.000000000000000000e+00 0.000000000000000000e+00
1.003495693000000077e+00 1.624069213759999838e-02 0.000000000000000000e+00 0.000000000000000000e+00
9.973068832999999467e-01 1.614761590960000007e-02 0.000000000000000000e+00 0.000000000000000000e+00
9.911181330999999650e-01 1.605437612519999835e-02 0.000000000000000000e+00 0.000000000000000000e+00
9.849293827999999751e-01 1.595861458799999882e-02 0.000000000000000000e+00 0.000000000000000000e+00
9.787406324999999851e-01 1.586207199079999949e-02 0.000000000000000000e+00 0.000000000000000000e+00
9.725518823000000035e-01 1.576652407680000090e-02 0.000000000000000000e+00 0.000000000000000000e+00
9.663631320000000136e-01 1.567307233799999922e-02 0.000000000000000000e+00 0.000000000000000000e+00
9.601743817000000236e-01 1.557956719480000154e-02 0.000000000000000000e+00 0.000000000000000000e+00
9.539855718999999956e-01 1.548365378280000190e-02 0.000000000000000000e+00 0.000000000000000000e+00
9.477968216000000057e-01 1.538745832400000187e-02 0.000000000000000000e+00 0.000000000000000000e+00
9.416080713000000157e-01 1.529183363960000090e-02 0.000000000000000000e+00 0.000000000000000000e+00
9.354193211000000341e-01 1.519680309279999864e-02 0.000000000000000000e+00 0.000000000000000000e+00
9.292305708000000442e-01 1.510165905919999899e-02 0.000000000000000000e+00 0.000000000000000000e+00
9.230418205000000542e-01 1.500543022160000066e-02 0.000000000000000000e+00 0.000000000000000000e+00
9.168530702999999615e-01 1.490920472160000079e-02 0.000000000000000000e+00 0.000000000000000000e+00
9.106643199999999716e-01 1.481300592520000056e-02 0.000000000000000000e+00 0.000000000000000000e+00
9.044755696999999817e-01 1.471675205280000183e-02 0.000000000000000000e+00 0.000000000000000000e+00
8.982867598999999537e-01 1.461997246640000039e-02 0.000000000000000000e+00 0.000000000000000000e+00
8.920980095999999637e-01 1.452238511919999933e-02 0.000000000000000000e+00 0.000000000000000000e+00
8.859092592999999738e-01 1.442556381279999980e-02 0.000000000000000000e+00 0.000000000000000000e+00
8.797205090999999921e-01 1.432792973639999967e-02 0.000000000000000000e+00 0.000000000000000000e+00
8.735317588000000022e-01 1.423016214480000118e-02 0.000000000000000000e+00 0.000000000000000000e+00
8.673430085000000123e-01 1.413106107840000035e-02 0.000000000000000000e+00 0.000000000000000000e+00
8.611542583000000306e-01 1.403187990120000062e-02 0.000000000000000000e+00 0.000000000000000000e+00
8.549655080000000407e-01 1.393174910679999962e-02 0.000000000000000000e+00 0.000000000000000000e+00
8.487767577000000507e-01 1.383132875040000119e-02 0.000000000000000000e+00 0.000000000000000000e+00
8.425879478000000145e-01 1.373027253080000114e-02 0.000000000000000000e+00 0.000000000000000000e+00
8.363991976000000328e-01 1.362875151680000008e-02 0.000000000000000000e+00 0.000000000000000000e+00
8.302104473000000429e-01 1.352669143560000092e-02 0.000000000000000000e+00 0.000000000000000000e+00
8.240216970000000529e-01 1.342394542720000070e-02 0.000000000000000000e+00 0.000000000000000000e+00
8.178329467999999602e-01 1.332073044680000089e-02 0.000000000000000000e+00 0.000000000000000000e+00
8.116441964999999703e-01 1.321681618600000115e-02 0.000000000000000000e+00 0.000000000000000000e+00
8.054554461999999804e-01 1.311289441560000053e-02 0.000000000000000000e+00 0.000000000000000000e+00
7.992666959999999987e-01 1.300813818080000066e-02 0.000000000000000000e+00 0.000000000000000000e+00
7.930779457000000088e-01 1.290296304360000028e-02 0.000000000000000000e+00 0.000000000000000000e+00
7.868891357999999725e-01 1.279718625640000051e-02 0.000000000000000000e+00 0.000000000000000000e+00
7.807003855999999908e-01 1.269110155039999965e-02 0.000000000000000000e+00 0.000000000000000000e+00
7.745116353000000009e-01 1.258462297960000024e-02 0.000000000000000000e+00 0.000000000000000000e+00
7.683228850000000110e-01 1.247786653120000130e-02 0.000000000000000000e+00 0.000000000000000000e+00
7.621341348000000293e-01 1.237118434999999982e-02 0.000000000000000000e+00 0.000000000000000000e+00
7.559453845000000394e-01 1.226393055999999877e-02 0.000000000000000000e+00 0.000000000000000000e+00
7.497566342000000494e-01 1.215654492360000033e-02 0.000000000000000000e+00 0.000000000000000000e+00
7.435678839999999568e-01 1.204876041320000063e-02 0.000000000000000000e+00 0.000000000000000000e+00
7.373790741000000315e-01 1.194059956040000037e-02 0.000000000000000000e+00 0.000000000000000000e+00
7.311903238000000416e-01 1.183307457080000000e-02 0.000000000000000000e+00 0.000000000000000000e+00
7.250015735999999489e-01 1.172510898159999891e-02 0.000000000000000000e+00 0.000000000000000000e+00
7.188128232999999589e-01 1.161690640319999919e-02 0.000000000000000000e+00 0.000000000000000000e+00
7.126240729999999690e-01 1.150800204400000137e-02 0.000000000000000000e+00 0.000000000000000000e+00
7.064353227999999874e-01 1.139846348759999961e-02 0.000000000000000000e+00 0.000000000000000000e+00
7.002465724999999974e-01 1.128837752279999995e-02 0.000000000000000000e+00 0.000000000000000000e+00
6.940578222000000075e-01 1.117749881639999894e-02 0.000000000000000000e+00 0.000000000000000000e+00
6.878690720000000258e-01 1.106569802800000044e-02 0.000000000000000000e+00 0.000000000000000000e+00
6.816802620999999895e-01 1.095307946320000017e-02 0.000000000000000000e+00 0.000000000000000000e+00
6.754915117999999996e-01 1.083966147880000008e-02 0.000000000000000000e+00 0.000000000000000000e+00
6.693027616000000179e-01 1.072505438200000057e-02 0.000000000000000000e+00 0.000000000000000000e+00
6.631140113000000280e-01 1.060993659600000145e-02 0.000000000000000000e+00 0.000000000000000000e+00
6.569252610000000381e-01 1.049402356239999973e-02 0.000000000000000000e+00 0.000000000000000000e+00
6.507365107999999454e-01 1.037685632760000122e-02 0.000000000000000000e+00 0.000000000000000000e+00
6.445477604999999555e-01 1.025824713759999895e-02 0.000000000000000000e+00 0.000000000000000000e+00
6.383590101999999655e-01 1.013810336560000067e-02 0.000000000000000000e+00 0.000000000000000000e+00
6.321702599999999839e-01 1.001628649280000144e-02 0.000000000000000000e+00 0.000000000000000000e+00
6.259814500999999476e-01 9.892556189600000896e-03 0.000000000000000000e+00 0.000000000000000000e+00
6.197926997999999577e-01 9.766919971200001271e-03 0.000000000000000000e+00 0.000000000000000000e+00
6.136039494999999677e-01 9.639397025999999966e-03 0.000000000000000000e+00 0.000000000000000000e+00
6.074151992999999861e-01 9.509773730799999519e-03 0.000000000000000000e+00 0.000000000000000000e+00
6.012264489999999961e-01 9.377208114399999614e-03 0.000000000000000000e+00 0.000000000000000000e+00
5.950376987000000062e-01 9.241881250000000270e-03 0.000000000000000000e+00 0.000000000000000000e+00
5.888489485000000245e-01 9.103622080000000130e-03 0.000000000000000000e+00 0.000000000000000000e+00
5.826601982000000346e-01 8.962146877600000311e-03 0.000000000000000000e+00 0.000000000000000000e+00
5.764714479000000447e-01 8.817148566800001377e-03 0.000000000000000000e+00 0.000000000000000000e+00
5.702826381000000167e-01 8.668260812400000251e-03 0.000000000000000000e+00 0.000000000000000000e+00
5.640938878000000267e-01 8.514378784800000557e-03 0.000000000000000000e+00 0.000000000000000000e+00
5.579051375000000368e-01 8.355172039200000136e-03 0.000000000000000000e+00 0.000000000000000000e+00
5.517163873000000551e-01 8.190046429600000844e-03 0.000000000000000000e+00 0.000000000000000000e+00
5.455276369999999542e-01 8.018938541599998984e-03 0.000000000000000000e+00 0.000000000000000000e+00
5.393388866999999642e-01 7.840395570000000328e-03 0.000000000000000000e+00 0.000000000000000000e+00
5.331501364999999826e-01 7.649690269200000621e-03 0.000000000000000000e+00 0.000000000000000000e+00
5.269613861999999926e-01 7.445478320000000622e-03 0.000000000000000000e+00 0.000000000000000000e+00
5.207726359000000027e-01 7.223734260400000058e-03 0.000000000000000000e+00 0.000000000000000000e+00
5.145838260999999747e-01 6.978658974000000875e-03 0.000000000000000000e+00 0.000000000000000000e+00
5.083950757999999848e-01 6.704950274400000437e-03 0.000000000000000000e+00 0.000000000000000000e+00
5.022063254999999948e-01 6.393814145600000207e-03 0.000000000000000000e+00 0.000000000000000000e+00
4.960175753000000132e-01 6.032609284799999964e-03 0.000000000000000000e+00 0.000000000000000000e+00
4.898288250000000232e-01 5.603626252000000300e-03 0.000000000000000000e+00 0.000000000000000000e+00
4.836400746999999778e-01 5.091642320799999802e-03 0.000000000000000000e+00 0.000000000000000000e+00
4.774513244999999961e-01 4.470703543599999566e-03 0.000000000000000000e+00 0.000000000000000000e+00
4.712625443999999830e-01 3.720465660799999845e-03 0.000000000000000000e+00 0.000000000000000000e+00
4.650737940999999931e-01 2.825740576399999975e-03 0.000000000000000000e+00 0.000000000000000000e+00
4.588850439000000114e-01 1.788932383000000010e-03 0.000000000000000000e+00 0.000000000000000000e+00
4.526962936000000215e-01 6.203782261600001126e-04 0.000000000000000000e+00 0.000000000000000000e+00
