# get velocity from files: sets/X/x*.0_U2.xy.raw
#
# JCP 
# x=1
# mid-channel 
1.00000000e+00 1.37091800e+00 5.00000000e-02  9.77587143e-01  1.82612000e-02 0.00000000e+00
# recirculation
1.00000000e+00  4.75098600e-01  5.00000000e-02  -2.31712214e-02   1.89962607e-02  0.00000000e+00
1.00000000e+00  6.36024200e-01  5.00000000e-02  -1.00001893e-01   9.56901071e-02  0.00000000e+00
1.00000000e+00  7.96949800e-01  5.00000000e-02  -5.95824643e-02   8.68593571e-02  0.00000000e+00
# x=2
# mid-channel
2.00000000e+00  1.36244400e+00  5.00000000e-02   9.47116429e-01  -2.79277286e-02  0.00000000e+00
# recirculation
2.00000000e+00  2.56720500e-02  5.00000000e-02  -7.76005714e-02   3.62588214e-03  0.00000000e+00
2.00000000e+00  2.11334800e-01  5.00000000e-02  -2.30430714e-01   4.56490357e-02  0.00000000e+00
2.00000000e+00  3.96997500e-01  5.00000000e-02  -1.55177786e-01   5.08151786e-02  0.00000000e+00
#x=3
# mid-channel
3.00000000e+00  1.36244400e+00  5.00000000e-02   8.94717857e-01  -7.72341429e-02  0.00000000e+00
# x=4
# mid-channel
4.00000000e+00  1.36244400e+00  5.00000000e-02   8.34661071e-01  -8.54054643e-02  0.00000000e+00
# x=5
# mid-channel
5.00000000e+00  1.36244400e+00  5.00000000e-02   7.87591071e-01  -6.26124286e-02  0.00000000e+00
# x=6
# mid-channel
6.00000000e+00  1.36244400e+00  5.00000000e-02   7.50926786e-01  -2.81595786e-02  0.00000000e+00
# x=7
# re-attachement
7.00000000e+00  2.56720500e-02  5.00000000e-02   2.23610500e-02   1.60124607e-03  0.00000000e+00
7.00000000e+00  2.11334800e-01  5.00000000e-02   1.96059214e-01   1.68253393e-02  0.00000000e+00
7.00000000e+00  3.96997500e-01  5.00000000e-02   2.73930714e-01   2.13914214e-02  0.00000000e+00
# x=8
# re-attachement
8.00000000e+00  4.77451300e-01  5.00000000e-02   1.59668000e-01   1.18756500e-01  0.00000000e+00
8.00000000e+00  6.63114000e-01  5.00000000e-02   3.78926429e-01   2.07691893e-01  0.00000000e+00
8.00000000e+00  8.48776800e-01  5.00000000e-02   4.93976071e-01   2.01602500e-01  0.00000000e+00
#
# NOT JCP
# upper channel
1.00000000e+00 2.899711132E+00 5.00000000e-02 1.014832139E+00 -2.009971999E-03 0.00000000e+00 
1.00000000e+00 2.701236248E+00 5.00000000e-02 1.123365879E+00  2.099182457E-03 0.00000000e+00  
2.00000000e+00 2.903444052E+00 5.00000000e-02 1.000809550E+00 -8.020699024E-03 0.00000000e+00 
2.00000000e+00 2.699215174E+00 5.00000000e-02 1.126342773E+00 -1.149402931E-02 0.00000000e+00 
3.00000000e+00 2.903444052E+00 5.00000000e-02 9.437102675E-01 -1.157792006E-02 0.00000000e+00 
3.00000000e+00 2.699215174E+00 5.00000000e-02 1.100661516E+00 -2.165072784E-02 0.00000000e+00 
4.00000000e+00 2.903444052E+00 5.00000000e-02 8.549473882E-01 -9.254020639E-03 0.00000000e+00 
4.00000000e+00 2.699215174E+00 5.00000000e-02 1.055937767E+00 -2.245861851E-02 0.00000000e+00 
5.00000000e+00 2.903444052E+00 5.00000000e-02 7.806183100E-01 -2.011360833E-03 0.00000000e+00 
5.00000000e+00 2.699215174E+00 5.00000000e-02 1.008491874E+00 -1.255749445E-02 0.00000000e+00 
6.00000000e+00 2.903444052E+00 5.00000000e-02 7.592287660E-01  4.889156669E-03 0.00000000e+00 
6.00000000e+00 2.699215174E+00 5.00000000e-02 9.752939343E-01  2.060635481E-03 0.00000000e+00 
7.00000000e+00 2.903444052E+00 5.00000000e-02 7.953823209E-01  9.937320836E-03 0.00000000e+00 
7.00000000e+00 2.699215174E+00 5.00000000e-02 9.753584862E-01  1.730105467E-02 0.00000000e+00 
8.00000000e+00 2.903444052E+00 5.00000000e-02 8.768813610E-01  1.189925615E-02 0.00000000e+00 
8.00000000e+00 2.699215174E+00 5.00000000e-02 1.021020532E+00  2.743054181E-02 0.00000000e+00 
